src,record_type,imsi,msisdn,start_date,pGWAddress,chargingID,apn,pdp_address,datavolumeuplink,datavolumedownlink,duration,rat_type
huawei,-45,226054537048424,40703586152,2024-09-04 06-41-02,11.135.80.227,-600866647,internet,67.7.115.48,1177655466,997493304,11156,-94
huawei,-23,226057624847344,40714281370,2024-09-04 06-42-05,95.252.40.153,479563823,internet,40.93.66.181,-618245994,-1463160606,-4263,-9
huawei,34,226059069631139,40721911734,2024-09-04 06-44-11,238.99.154.58,1430134141,ims,166.30.66.26,1806846334,115528925,24742,68
huawei,-65,226057662209297,40761373486,2024-09-04 06-40-27,103.151.74.246,2062585367,internet,93.30.228.32,933855779,-2089627588,-14131,112
huawei,29,226057191198566,40720059025,2024-09-04 06-40-29,69.214.77.61,-210465863,ims,199.252.10.33,-1916615559,-550631885,-11746,44
huawei,20,226059521724897,40719306068,2024-09-04 06-40-15,252.243.119.215,1871972712,internet,191.162.244.150,-2051564375,-1280795781,6281,11
huawei,-88,226056946511740,40780075303,2024-09-04 06-43-44,180.34.9.151,-1055923709,ims,69.136.42.20,1791413902,-1362172637,22617,-101
huawei,104,226057718862610,40748558357,2024-09-04 06-44-27,125.67.211.192,-266791047,internet,92.171.169.14,326917073,225330334,25197,-77
huawei,95,226057795939307,40742190416,2024-09-04 06-41-04,103.216.166.229,-496165208,internet,126.36.51.61,-450445987,363268437,27240,-13
huawei,10,226052199810476,40738529891,2024-09-04 06-41-22,135.90.242.47,1200306919,internet,25.195.80.136,1677658109,354561880,-20172,-30
huawei,-125,226056550276694,40737518428,2024-09-04 06-41-58,211.165.0.118,892063784,internet,157.236.115.87,-206125324,-219171387,-25187,9
huawei,45,226057594490774,40701013965,2024-09-04 06-43-25,129.252.18.150,996986591,internet,240.219.69.194,1644014911,97034945,14183,-69
huawei,-49,226050543509312,40765519552,2024-09-04 06-41-49,115.31.19.134,-342719247,internet,30.78.167.179,1244000648,1722537676,-2268,-86
huawei,22,226053682469674,40725624630,2024-09-04 06-41-23,204.92.111.134,2057409983,internet,51.54.188.214,-1511512452,4139905,24345,59
huawei,24,226057623373609,40796934994,2024-09-04 06-41-54,137.29.171.146,-1140453203,internet,214.164.62.108,245433050,451173695,34,23
huawei,31,226055101475519,40750186213,2024-09-04 06-41-35,202.182.167.137,-1437230792,ims,37.95.185.58,2120187678,1928094286,31347,-29
huawei,108,226056706621040,40775951173,2024-09-04 06-44-04,251.162.120.129,-340641266,internet,23.30.131.18,-805284209,-1516833407,-1662,-64
huawei,26,226052156297310,40734107941,2024-09-04 06-40-14,45.250.189.213,-1565790661,internet,47.155.39.44,-1080560428,831732342,-111,-44
huawei,34,226057925469950,40765494388,2024-09-04 06-41-57,247.141.106.43,1315549226,ims,150.242.56.114,159796170,889917347,28783,114
huawei,122,226054255427824,40751381025,2024-09-04 06-42-18,119.31.149.62,-1419435956,ims,125.51.191.20,2007481781,-1214406517,4765,-53
huawei,-15,226054422091058,40714328792,2024-09-04 06-44-45,38.1.39.101,1363448756,internet,189.223.239.180,-616640322,-1970472424,-8424,15
huawei,73,226055597220530,40702732606,2024-09-04 06-43-17,103.12.160.133,-897475248,ims,217.125.76.126,-1202142020,-2112609719,-5863,-42
huawei,-77,226051817951164,40790460459,2024-09-04 06-43-37,83.73.206.132,-1261009773,ims,135.4.118.88,2111030895,848680365,-6215,-64
huawei,90,226056865170952,40708908159,2024-09-04 06-41-36,184.97.200.200,-2133090377,internet,150.191.5.214,1719856891,1613522461,-13082,106
huawei,49,226052790226030,40772624544,2024-09-04 06-42-14,181.72.135.68,-675826784,internet,188.71.82.243,1428203467,-63024369,-32457,-49
huawei,13,226055690161708,40765050208,2024-09-04 06-42-25,96.5.252.49,-135389042,ims,220.173.188.186,202738732,1379823994,32305,-86
huawei,125,226051955254433,40720774242,2024-09-04 06-42-24,232.94.148.251,1770209548,internet,20.220.131.133,-1676195142,-1286748818,-16811,-3
huawei,-115,226052567182856,40784392193,2024-09-04 06-40-54,254.254.203.130,-838616406,internet,115.91.168.55,-462033669,-604113111,806,96
huawei,126,226051585620769,40736517805,2024-09-04 06-41-51,222.111.228.169,1267002170,internet,224.150.243.154,385751808,-348085073,7054,-65
huawei,80,226059406226257,40742017552,2024-09-04 06-43-58,195.57.23.38,162799897,internet,104.243.116.14,-360314059,1779733980,-27193,64
huawei,80,226050106424997,40725473077,2024-09-04 06-41-26,94.53.140.243,-1878877255,ims,242.9.231.99,-1268473403,510967261,-7337,-113
huawei,106,226058509687388,40703736410,2024-09-04 06-40-02,200.190.189.140,1638175825,ims,47.50.218.72,-139490178,-1254659418,3244,-70
huawei,116,226053031752721,40751370100,2024-09-04 06-43-36,150.124.53.219,-1844313933,internet,115.167.10.206,-1601947963,-449265096,385,-15
huawei,18,226057745895514,40701692222,2024-09-04 06-43-32,96.24.77.196,564419491,internet,121.254.184.55,-141920925,774895377,-5649,33
huawei,74,226057719964120,40766270504,2024-09-04 06-40-45,63.36.4.244,1023965517,internet,64.122.183.139,-1232957468,-2051018764,-14909,-106
huawei,-113,226051543924573,40716384168,2024-09-04 06-41-46,165.187.120.154,1003950950,ims,94.95.132.144,1634301342,2019084950,4517,125
huawei,-32,226054574830186,40763758417,2024-09-04 06-42-06,87.183.193.63,835549914,internet,235.96.215.208,-1820379295,992832592,23819,-95
huawei,99,226054418089253,40784503436,2024-09-04 06-44-58,64.31.227.224,714924744,internet,178.50.26.79,-1884962431,1456233284,19030,121
huawei,121,226052974555769,40772354953,2024-09-04 06-43-13,72.117.133.72,-1756711426,internet,4.32.116.157,-646793539,-1220180370,31362,-12
huawei,53,226051452577261,40766046653,2024-09-04 06-40-30,59.206.85.66,-373401023,internet,179.231.158.139,1606297477,1017905082,10871,106
huawei,-91,226059705194742,40712371215,2024-09-04 06-43-56,245.111.178.45,-558196609,internet,253.221.234.111,-611825668,691648152,3217,-115
huawei,-65,226051541505842,40798161386,2024-09-04 06-44-17,37.53.161.177,-1121888057,internet,201.94.72.175,1184563445,-675957781,-10518,-8
huawei,-99,226056451463290,40792723496,2024-09-04 06-44-00,69.105.41.206,52735393,ims,233.242.221.144,-1025292959,1121577942,6417,105
huawei,95,226052198832284,40736174127,2024-09-04 06-43-05,218.75.47.179,2142582092,internet,213.231.245.168,2070180248,-78285833,-23758,120
huawei,104,226051991941201,40712574895,2024-09-04 06-40-02,13.189.45.31,-269242156,internet,162.31.186.96,-1747759555,-1940965247,3608,87
huawei,-8,226050942654905,40736759375,2024-09-04 06-44-29,193.235.183.195,954605134,ims,158.181.128.212,-1883516251,1049745256,15462,-76
huawei,-22,226058957515739,40752452249,2024-09-04 06-41-36,224.181.199.232,-60162543,internet,47.228.189.138,1383862294,-1357125947,-28755,20
huawei,56,226057665057669,40789278558,2024-09-04 06-44-59,234.6.131.212,-453456231,ims,151.227.149.222,-907226662,132503437,-4428,-125
huawei,-109,226059060926274,40730014523,2024-09-04 06-41-08,42.84.213.148,-1862695488,ims,196.169.77.132,1945122441,-707772483,29174,96
huawei,-63,226050500559303,40738502837,2024-09-04 06-43-20,190.49.24.213,94109024,ims,9.184.170.155,576369544,-189227578,9079,-70
huawei,44,226056600143691,40727450069,2024-09-04 06-44-25,184.16.223.178,84041578,internet,110.103.14.99,1689060005,-1867417879,6842,10
huawei,-109,226059274972238,40751449448,2024-09-04 06-43-24,99.186.48.84,2013108205,internet,41.220.24.33,814549555,757134558,30571,-72
huawei,-49,226050700511776,40780086417,2024-09-04 06-44-01,23.92.226.119,692275859,internet,34.196.169.121,-1469553626,-11659882,-6511,-44
huawei,33,226056288953789,40713011464,2024-09-04 06-43-49,166.134.101.177,-1846116369,internet,28.201.89.142,532966878,-1735290275,-31773,94
huawei,62,226055792403002,40774364387,2024-09-04 06-41-46,122.215.104.47,-1204000644,ims,71.130.14.103,1820237929,1228122752,-26302,-112
huawei,126,226059732127300,40771282186,2024-09-04 06-41-09,203.87.24.143,-154525353,internet,55.44.229.153,-1259169780,-1005518827,11713,-50
huawei,-28,226058742501231,40704396981,2024-09-04 06-40-37,147.241.28.127,1693309122,internet,163.22.25.119,-1396063524,681175742,-1820,76
huawei,-101,226053412715323,40707947795,2024-09-04 06-42-05,151.222.239.9,1888134081,internet,221.65.95.10,-496884264,-2080406241,-18636,71
huawei,76,226059879983298,40706783256,2024-09-04 06-41-27,197.134.137.206,1352095350,internet,15.252.202.255,-1728215919,-1695007196,-27641,-20
huawei,-33,226052372525672,40784839768,2024-09-04 06-44-56,181.7.216.237,685731318,internet,160.48.251.64,-1343324833,1558920571,26403,71
huawei,-64,226059575545478,40735132870,2024-09-04 06-40-57,77.189.145.165,-1779794954,ims,126.159.58.111,-682398296,-110450644,28877,-93
huawei,-69,226050295374512,40708153211,2024-09-04 06-43-37,90.138.18.196,1954163202,internet,51.176.51.56,-1734896850,-354790148,-16608,107
huawei,-91,226058442927939,40719262195,2024-09-04 06-40-43,160.97.234.191,1921118124,ims,125.188.23.35,-63730474,2097971239,-28207,-22
huawei,-55,226051564649863,40783304105,2024-09-04 06-43-39,195.158.230.82,-231812521,ims,100.156.92.145,1072710952,1267649138,12307,15
huawei,100,226058996004643,40773516376,2024-09-04 06-43-02,10.168.226.162,762898272,internet,241.239.190.88,-1050371195,-1421237977,19357,-19
huawei,-51,226059433073130,40712920384,2024-09-04 06-44-25,41.19.220.93,-1970367311,internet,23.134.170.238,388503835,1733486663,11830,-113
huawei,-36,226053475900937,40799735632,2024-09-04 06-42-32,183.180.103.53,1258688748,ims,59.145.92.24,996800060,835678317,15927,-38
huawei,-45,226050705845972,40739042996,2024-09-04 06-42-27,185.38.84.227,1228758842,internet,64.223.149.44,-2040036733,-1541845736,4213,60
huawei,-71,226059511596654,40721285991,2024-09-04 06-40-52,207.154.189.158,-1336215670,ims,69.73.180.189,1006338223,1533335639,-2942,-24
huawei,75,226057041054459,40702345672,2024-09-04 06-44-09,101.160.80.159,-1777034664,internet,71.194.130.229,338435453,-464697169,-11863,-93
huawei,45,226051957778464,40710325826,2024-09-04 06-43-25,5.3.70.149,1252432607,internet,145.235.54.115,-293073266,-1052490991,-28596,-39
huawei,-44,226052402860036,40772730176,2024-09-04 06-44-34,0.229.122.98,1326533075,internet,46.159.54.202,-1266089391,1670776780,-31321,21
huawei,93,226053538557318,40736707860,2024-09-04 06-41-40,15.26.147.130,-879638488,internet,93.96.147.92,72307427,-498639014,8918,-102
huawei,65,226051059166214,40794653302,2024-09-04 06-42-46,153.111.91.249,1001327621,internet,94.90.140.5,1051859512,-512839894,18684,-106
huawei,93,226053476406051,40700962864,2024-09-04 06-42-48,118.51.243.212,1143210327,internet,82.219.178.111,1736573596,-378338665,21929,100
huawei,21,226053675250814,40790580251,2024-09-04 06-40-01,7.11.104.9,2010858030,ims,135.61.198.191,1117955918,-1435204233,-24639,-55
huawei,-96,226051221268425,40705376884,2024-09-04 06-41-37,239.206.82.40,693256210,ims,49.149.80.43,616685077,1746885717,19273,54
huawei,89,226051371686220,40720545423,2024-09-04 06-43-45,19.93.157.199,-1725675564,internet,159.119.177.105,171872373,346198658,-4026,17
huawei,101,226050165158625,40702372837,2024-09-04 06-41-04,34.8.182.131,456750106,internet,187.44.210.173,-805717910,976304555,19744,41
huawei,3,226058138449018,40769976272,2024-09-04 06-43-52,66.84.208.1,1785221784,internet,202.139.251.213,1205473468,-856154597,20371,-52
huawei,-60,226057499188016,40773889353,2024-09-04 06-42-08,233.93.88.128,276892701,ims,161.199.68.67,-1175179550,1981513870,-20957,-65
huawei,-88,226054806453307,40780833678,2024-09-04 06-42-36,62.62.238.154,-1500505762,internet,138.64.205.200,1919763842,-1873747842,25135,-5
huawei,-27,226050957785527,40734889835,2024-09-04 06-41-31,98.180.118.250,1434164454,ims,213.212.93.116,1893864673,-222377364,2507,123
huawei,-45,226054324131249,40791817159,2024-09-04 06-42-12,240.22.225.40,-1570330529,ims,96.214.168.178,733123053,-2063694589,-1648,-70
huawei,-33,226055604260296,40775396582,2024-09-04 06-42-52,188.139.23.251,1613933840,internet,144.63.12.167,-325605000,-1879235078,14542,-78
huawei,1,226057462773277,40788974717,2024-09-04 06-41-34,68.50.221.2,1994017910,ims,102.213.104.219,1105406542,232808222,-12123,-113
huawei,-48,226050111513589,40784319483,2024-09-04 06-44-51,58.104.201.5,-828394880,internet,169.13.225.143,2057246165,880609949,31085,5
huawei,58,226054954574927,40713213574,2024-09-04 06-41-46,202.192.1.2,-2024222008,ims,98.200.12.12,277834360,-847301798,-7992,-44
huawei,-54,226054347619037,40739271050,2024-09-04 06-41-47,186.187.227.65,-1893244787,ims,25.42.222.148,-1748437291,-221077341,32213,52
huawei,-5,226058841417049,40724925080,2024-09-04 06-44-17,212.80.5.221,944682281,internet,246.223.184.121,1450253045,2059236498,13745,91
huawei,-53,226053583898894,40706231415,2024-09-04 06-43-56,116.88.102.230,1348279347,ims,204.209.210.175,-1076789803,-917690937,-213,-98
huawei,-3,226053253962245,40738594675,2024-09-04 06-42-51,176.221.132.221,1798318206,internet,71.46.141.174,-1890468195,-60369322,22317,39
huawei,65,226054846666896,40774445403,2024-09-04 06-40-02,239.139.177.228,287841921,internet,77.109.255.242,301153668,19893446,-5986,-100
huawei,71,226055650031065,40733799197,2024-09-04 06-40-39,107.81.123.100,-2108986665,ims,191.175.52.69,-1831036776,-1423845919,20345,-88
huawei,17,226054689177303,40721734628,2024-09-04 06-42-07,128.25.114.87,-661093811,internet,101.245.155.121,743888431,-43242497,28546,45
huawei,-43,226052241491766,40759904506,2024-09-04 06-45-00,22.37.201.174,1274785653,ims,20.22.96.105,-974016215,1680448642,1115,105
huawei,-42,226054517547793,40746586585,2024-09-04 06-41-00,15.171.50.60,-2005934307,ims,25.241.151.82,-754580985,-689020602,13169,56
huawei,-103,226059254567279,40738959941,2024-09-04 06-40-07,127.47.40.123,-1081597167,ims,83.173.123.110,870266540,-1019612216,29504,-57
huawei,49,226059208062124,40782868542,2024-09-04 06-43-40,161.103.138.123,81379278,ims,169.130.190.24,-1250506352,-1488583589,19284,37
huawei,103,226051808502187,40737923766,2024-09-04 06-40-28,188.244.194.143,1688513786,ims,139.198.237.182,-268228427,476137331,6818,11
huawei,82,226053979805105,40793616135,2024-09-04 06-43-43,213.202.46.251,-1669090555,internet,181.59.114.135,-1180586521,1608694199,-3230,-90
huawei,100,226056840917529,40784100402,2024-09-04 06-41-07,69.197.221.150,-180548883,ims,79.250.96.228,374629213,159909408,21727,97
huawei,115,226059702609759,40722709571,2024-09-04 06-43-45,233.216.137.111,748505670,ims,6.124.18.228,1285748743,481301687,26792,58
huawei,12,226056604332037,40712966848,2024-09-04 06-41-13,187.176.204.128,-1683966698,internet,75.143.23.90,-822925464,-1893415561,-11020,-126
huawei,115,226057918457380,40713356408,2024-09-04 06-40-18,56.115.41.252,-235525804,ims,214.9.32.65,-2131645597,493244100,-17181,-57
huawei,-127,226051582247435,40709666196,2024-09-04 06-42-49,49.187.240.124,-612597914,ims,32.50.202.9,-458153713,887432786,-27895,27
huawei,-90,226054232300672,40785362470,2024-09-04 06-41-41,135.107.170.178,-1530723766,ims,96.156.150.46,1842282301,-813727810,18766,-58
huawei,-80,226054522168582,40761856555,2024-09-04 06-44-29,51.62.241.54,-1021726996,internet,9.95.154.57,1273945377,-1116376740,-3091,-7
huawei,39,226053034603353,40719765647,2024-09-04 06-40-41,52.10.118.76,61147636,internet,109.178.133.85,1935636365,-132797443,12613,-66
huawei,-71,226057650539260,40736845927,2024-09-04 06-40-28,38.190.149.51,297023635,internet,69.165.205.89,1965039018,-805388568,24430,102
huawei,109,226052449663530,40734804066,2024-09-04 06-40-11,37.131.66.139,-283334368,ims,167.191.90.178,-1929689109,-1829968470,-188,-60
huawei,-71,226051647681853,40785205281,2024-09-04 06-44-39,182.152.150.221,553525247,internet,179.42.57.69,-1831080768,1776574892,4510,-26
huawei,-60,226053341773572,40706586397,2024-09-04 06-42-30,183.50.34.18,-867379103,internet,113.74.198.203,325854550,1500279084,29174,-33
huawei,-71,226053203376976,40702160543,2024-09-04 06-42-53,115.160.117.130,623252842,internet,8.130.174.245,1714471420,-870763533,5931,-109
huawei,-108,226058903722956,40791155221,2024-09-04 06-40-37,85.158.92.66,87361755,ims,122.203.251.24,523650074,468835728,-382,118
huawei,-38,226053000640503,40725782251,2024-09-04 06-44-42,113.166.3.39,-1571071328,internet,53.182.204.72,590634631,-2019427544,-23007,44
huawei,26,226057296100935,40701496636,2024-09-04 06-43-19,38.154.1.206,822389045,internet,92.255.1.91,-1677825534,1970130713,-12128,-81
huawei,5,226052345530889,40726017423,2024-09-04 06-43-19,45.106.165.166,-852611964,ims,140.208.207.87,845489090,1490280929,20940,-88
huawei,21,226053010002317,40724166466,2024-09-04 06-40-37,179.197.111.211,-958992455,ims,194.104.111.12,1539547038,-1054055303,9065,-32
huawei,-41,226052462878293,40735784295,2024-09-04 06-43-47,142.48.147.200,1312917668,internet,252.147.254.19,2074998393,-574495938,27488,-55
huawei,-16,226050089773399,40778918158,2024-09-04 06-41-16,207.169.231.224,-572438781,ims,143.110.208.28,1707329943,-630275844,21649,-21
huawei,-6,226050436466183,40715747608,2024-09-04 06-43-37,69.95.171.173,-2033118249,ims,162.81.124.45,920049738,-1068952553,-16345,-90
huawei,45,226058252670037,40737039618,2024-09-04 06-41-55,77.19.173.246,-1519361270,ims,62.38.32.38,-786748849,-1699885755,17862,5
huawei,-24,226056631983391,40726574210,2024-09-04 06-41-59,223.40.134.161,-1986392851,internet,199.106.130.51,-1786087913,298027034,27423,-61
huawei,-33,226052825856042,40732425310,2024-09-04 06-42-58,168.168.44.40,856585283,ims,228.115.68.42,502536624,-1431248724,27662,61
huawei,124,226058707775746,40712099459,2024-09-04 06-40-13,111.186.208.112,-1692208125,internet,165.162.250.56,936166740,353837998,3079,-12
huawei,40,226059230085186,40710063349,2024-09-04 06-41-57,23.47.56.157,413828926,internet,225.48.85.60,-373885109,993989254,5782,-67
huawei,54,226058081712562,40778516848,2024-09-04 06-43-45,126.129.154.148,-166018784,ims,26.50.192.199,-499084502,1036924426,-27642,-90
huawei,48,226053342344296,40700788170,2024-09-04 06-41-14,183.61.157.134,643629517,ims,212.84.84.178,2108338305,1529196613,-19459,9
huawei,13,226053582151003,40790220554,2024-09-04 06-42-35,255.141.171.110,-1468561512,internet,51.207.248.100,-42904512,1564693521,15696,96
huawei,-100,226057503650436,40757268337,2024-09-04 06-41-54,245.233.176.216,-46335802,ims,143.98.138.218,-1349222645,707801883,18872,-40
huawei,13,226053102482515,40751845788,2024-09-04 06-40-46,158.93.45.11,494753308,ims,192.200.242.80,1591865954,1703788925,-12572,-43
huawei,-75,226058356810758,40752658708,2024-09-04 06-42-39,233.143.189.151,-422306315,internet,198.229.222.16,-1080442021,1436341253,-26376,63
huawei,-78,226053727685522,40720776275,2024-09-04 06-43-26,27.100.107.14,-305488983,ims,81.35.47.248,-169167304,1590121357,11293,-116
huawei,122,226050228557738,40720740156,2024-09-04 06-40-07,96.165.204.36,-1837934518,internet,166.165.113.124,178489684,904147766,27256,104
huawei,5,226057140093014,40770109963,2024-09-04 06-44-44,126.253.227.117,1795096955,internet,47.67.110.225,1926193762,-903782702,-9266,-91
huawei,-109,226050979091969,40762038679,2024-09-04 06-41-49,133.150.30.239,-1959910356,internet,66.216.109.37,-1392056750,1335843158,-3964,-84
huawei,113,226057954990042,40719747931,2024-09-04 06-41-37,17.81.119.146,-1815178161,ims,169.33.220.63,1921220721,274724102,4553,-51
huawei,-44,226055113389582,40738486276,2024-09-04 06-44-00,253.133.194.9,1642285069,internet,225.36.77.46,-1076500815,-2111704598,17506,-47
huawei,-118,226055342129317,40778377283,2024-09-04 06-43-09,193.69.56.118,-884279421,ims,26.235.134.163,-1189026302,339898510,-17227,-25
huawei,-2,226058644525429,40738616650,2024-09-04 06-41-57,12.133.229.213,1617588748,internet,25.53.61.136,-44179511,1909928769,-19730,-73
huawei,40,226056514998872,40764761112,2024-09-04 06-43-04,12.19.60.207,-1703229378,ims,248.126.252.226,94545135,-2134620574,-28300,91
huawei,-51,226053300518526,40798495876,2024-09-04 06-42-10,73.129.244.242,1548533332,internet,204.171.9.210,-1906684935,-1553579236,-6334,50
huawei,43,226059107035210,40765013483,2024-09-04 06-41-13,196.177.160.245,-2042693338,ims,164.4.163.114,-1110728469,1110579555,17163,56
huawei,118,226053759562616,40781472299,2024-09-04 06-42-30,6.125.116.199,32244927,internet,69.107.104.104,34435566,605840523,1681,-112
huawei,-76,226056395283091,40738131323,2024-09-04 06-42-23,202.125.193.205,1309526514,ims,35.45.166.114,1725265348,1473396783,-8848,29
huawei,-120,226054399079975,40777876690,2024-09-04 06-40-52,176.131.166.119,-1578360285,internet,50.225.66.63,-1557193701,-2086463955,8140,-31
huawei,-46,226056788450064,40721614334,2024-09-04 06-44-56,6.175.52.70,1874089124,internet,198.56.73.26,1508280777,-681630539,9842,32
huawei,60,226053685414373,40767245982,2024-09-04 06-43-02,20.187.89.226,-179435024,ims,250.3.218.238,308222307,1378692298,-23629,97
huawei,79,226051454918302,40719217906,2024-09-04 06-40-35,195.74.8.134,2085562058,ims,200.33.195.13,250987294,1005690454,5140,90
huawei,17,226058810632076,40737720073,2024-09-04 06-41-23,246.187.119.32,18682817,ims,67.174.246.208,1401973538,-488977059,-32382,-119
huawei,-32,226058741364979,40734996038,2024-09-04 06-41-57,72.184.219.229,423687929,internet,161.174.208.140,1420938703,-1621473032,-24641,-120
huawei,41,226051469086302,40704355066,2024-09-04 06-41-14,68.202.78.26,-359569781,ims,60.57.231.188,1227552730,-485205970,12979,112
huawei,-92,226056110235532,40742403091,2024-09-04 06-44-03,255.80.131.125,-1797705233,ims,79.131.74.16,2014296413,-1427649155,-25691,62
huawei,95,226054499975862,40784586286,2024-09-04 06-43-26,179.22.163.244,921239761,internet,221.23.16.39,-437821934,-387386819,-27135,23
huawei,90,226052288531946,40731327475,2024-09-04 06-44-00,117.150.172.249,600856037,ims,110.149.70.0,-1933655538,251847500,-3072,-94
huawei,54,226051568020336,40762501050,2024-09-04 06-40-21,36.25.86.52,330255365,internet,4.179.253.214,981487895,1910286331,-20709,5
huawei,55,226056117224955,40758699246,2024-09-04 06-42-06,166.173.112.28,338278530,internet,46.197.71.58,-318782281,-72100905,1758,74
huawei,35,226059462273446,40706932935,2024-09-04 06-43-08,238.52.72.151,-607626781,internet,43.142.91.209,-1847850604,2039779036,15433,-64
huawei,107,226059221518415,40713796310,2024-09-04 06-41-46,77.115.61.96,1531242597,ims,57.54.117.178,-1662584686,290470183,30270,120
huawei,-109,226057172582883,40711094123,2024-09-04 06-42-57,122.36.144.122,1246502461,ims,69.228.216.59,-33827823,-1306293202,31850,-85
huawei,22,226057255924955,40761280039,2024-09-04 06-41-49,117.17.30.8,-756572761,internet,187.249.51.92,-924896810,1700945155,26451,-14
huawei,29,226050706446615,40708617806,2024-09-04 06-41-00,10.109.137.28,1258483119,ims,181.157.48.14,678655444,1084300574,-15948,-58
huawei,-25,226054646180781,40766309559,2024-09-04 06-42-28,195.220.226.96,6108867,ims,139.23.172.241,-667963242,-1557659393,-17686,79
huawei,-67,226055526833641,40788674455,2024-09-04 06-43-46,213.31.255.189,-1888040235,internet,115.211.187.116,-2142913471,-785395975,-23646,19
huawei,-107,226056811232766,40784399335,2024-09-04 06-40-05,215.196.149.145,67152620,internet,149.224.109.4,-534091706,889655238,3708,98
huawei,75,226052731795485,40740989832,2024-09-04 06-43-47,245.30.185.198,-327161534,internet,204.4.46.81,839755691,2104468946,13782,78
huawei,12,226054365442723,40713953760,2024-09-04 06-41-27,175.145.229.15,1807125451,ims,138.125.152.25,1635462211,391688420,9196,33
huawei,-40,226053737099441,40727037406,2024-09-04 06-41-07,20.159.5.180,-390389078,ims,119.74.107.230,758313445,1769736784,1231,29
huawei,-65,226051163878368,40778187527,2024-09-04 06-43-20,103.233.97.238,1994564903,internet,225.51.85.169,1628703260,141880447,10095,70
huawei,55,226051595266847,40779283027,2024-09-04 06-40-06,64.200.187.230,1967568391,internet,112.243.173.200,1786696731,176645474,-3312,-16
huawei,-27,226051593276791,40745917612,2024-09-04 06-42-15,255.54.228.58,696967605,ims,18.174.71.96,127852396,-126783117,31862,-17
huawei,-67,226052385054473,40712632049,2024-09-04 06-41-46,105.127.97.247,669973175,ims,242.133.178.70,-2071061697,-854773899,19203,-98
huawei,-83,226057895209270,40765760852,2024-09-04 06-44-14,105.88.105.175,1217104932,internet,30.186.6.87,483812795,1433109775,-24392,-8
huawei,29,226056096499226,40732368701,2024-09-04 06-44-44,111.136.223.161,-832647372,ims,96.224.104.130,-660500535,791019714,18483,-34
huawei,56,226054965302570,40799647922,2024-09-04 06-44-39,4.241.219.252,699906853,internet,242.147.241.235,-1266855939,-755122836,-28311,-104
huawei,-93,226055432032713,40728993501,2024-09-04 06-42-05,72.194.211.112,-734979310,internet,155.33.96.74,-1829221615,1987633928,-27508,26
huawei,49,226051405277840,40774569312,2024-09-04 06-42-24,32.0.114.136,-747517271,ims,31.213.158.205,-461019433,337364652,27242,107
huawei,-5,226059651864902,40703535225,2024-09-04 06-43-42,220.48.32.78,-1010761156,internet,55.172.13.211,639096537,-51769190,-18870,41
huawei,-38,226051969145320,40793685582,2024-09-04 06-43-46,38.67.92.153,996397977,ims,71.143.33.209,-1158244153,-1508922063,9346,-90
huawei,59,226057648472355,40720295653,2024-09-04 06-44-06,79.226.86.102,-619434730,internet,135.127.174.99,320339776,519448426,-17757,125
huawei,54,226058328973333,40795287398,2024-09-04 06-43-59,245.17.212.81,1804315377,ims,99.153.153.135,1083599654,1848822384,18816,63
huawei,26,226051850293975,40787048616,2024-09-04 06-43-15,223.143.174.172,578377423,ims,231.95.53.117,1593698667,257388335,-20878,-56
huawei,-49,226057736130742,40753629962,2024-09-04 06-44-21,37.30.152.165,-1952774968,internet,87.186.8.186,500441951,239639687,28381,-64
huawei,39,226054410193990,40784088516,2024-09-04 06-43-49,127.139.145.189,-1814728200,internet,91.207.2.50,-983427646,-431536452,18395,125
huawei,89,226054948610439,40792403381,2024-09-04 06-43-38,64.166.65.54,1402346344,internet,127.211.90.117,186786667,1644219233,-10468,-11
huawei,-35,226059465118514,40724214139,2024-09-04 06-43-02,212.232.208.228,-1696786953,internet,175.163.132.243,-2087164752,1503237912,-23514,-115
huawei,30,226058650903868,40766222390,2024-09-04 06-42-31,194.197.181.85,1428016109,internet,222.13.7.186,-876350624,-160469648,-27308,-17
huawei,5,226051408562341,40772303477,2024-09-04 06-42-28,4.233.125.218,-1687269638,ims,59.79.58.7,-35503057,1505913482,26087,-1
huawei,43,226059408481149,40777713977,2024-09-04 06-44-11,255.85.202.74,1655864384,internet,45.172.205.5,912450568,-1183146455,-2260,-87
huawei,95,226057060009393,40719221448,2024-09-04 06-44-33,190.254.18.138,-1163869098,ims,223.228.128.14,-1023756965,-355198021,-31141,6
huawei,-67,226050100030248,40791018433,2024-09-04 06-44-07,145.128.210.109,-981068732,ims,36.121.220.39,1790014492,2010515829,-10475,84
huawei,43,226057133095037,40754279418,2024-09-04 06-44-54,100.250.79.81,78489226,internet,206.61.190.96,224939768,63708232,4270,40
huawei,1,226058009381897,40707015534,2024-09-04 06-41-01,187.158.127.185,-2004573566,ims,184.112.101.29,1902686376,1192346005,4549,-103
huawei,-101,226054335041770,40706470471,2024-09-04 06-43-12,149.64.216.208,1558002673,ims,26.42.104.145,-1540566466,959487437,-25537,-122
huawei,-121,226053171676238,40747164459,2024-09-04 06-43-11,72.199.176.124,-703467610,ims,189.212.39.39,680161921,1603019648,-30451,-97
huawei,84,226057981946334,40772918694,2024-09-04 06-40-55,150.20.190.182,1955116941,ims,64.204.4.221,1023392662,-818504662,-15155,-84
huawei,-94,226058797260747,40769408985,2024-09-04 06-43-54,70.52.48.82,-141217110,ims,7.6.96.238,-346469795,909784118,-14352,-53
huawei,86,226053976795306,40763530476,2024-09-04 06-40-53,48.157.144.199,-51990714,ims,209.167.228.145,498367754,1473012354,-1189,110
huawei,-112,226058503202945,40778931881,2024-09-04 06-40-21,220.237.28.107,889603041,ims,236.19.217.213,1814430214,-128119203,4804,-10
huawei,200,226052408671288,40725595978,2024-09-04 06-43-17,228.217.50.103,1309390705,ims,124.251.228.148,148829073,-1857048292,-28635,-90
huawei,125,226053802881187,40721470852,2024-09-04 06-43-55,32.226.12.153,2128709250,ims,142.219.162.228,-1759415781,-649687082,-28291,-128
huawei,-118,226058141063848,40721697420,2024-09-04 06-42-15,112.159.30.206,552493429,ims,171.117.10.223,829366276,2100847331,-13440,-76
huawei,116,226051691126119,40721620076,2024-09-04 06-40-59,189.23.204.224,-1342813000,ims,5.33.4.200,-721040732,-1286939267,-6079,91
huawei,-91,226056034574023,40766217879,2024-09-04 06-41-17,170.148.111.204,-8140338,ims,113.221.70.118,1493369161,380266453,12681,-118
huawei,-35,226057462542495,40705707627,2024-09-04 06-41-57,254.61.114.177,-230622420,ims,28.193.51.103,1738703206,1928620594,-9671,-128
huawei,-126,226059988886050,40799707584,2024-09-04 06-44-31,74.102.131.107,1516760984,ims,87.40.145.194,-1837799648,-1624710582,32152,1
huawei,-47,226050461469984,40756345145,2024-09-04 06-41-02,105.111.66.36,-816586526,internet,167.53.44.191,-1048720944,-2005919667,10081,34
huawei,-55,226056591121685,40752804162,2024-09-04 06-40-02,101.158.61.244,813315834,internet,138.48.166.161,482094225,-1743102040,12531,-99
huawei,-42,226056062011854,40733517918,2024-09-04 06-44-19,220.190.242.127,479640383,ims,80.179.51.2,-1141532005,1384294373,-8815,-49
huawei,124,226051197313836,40740145504,2024-09-04 06-42-57,17.205.80.75,697422810,internet,6.102.229.90,-1991350179,239943864,-6887,-96
huawei,119,226052157561703,40722802066,2024-09-04 06-41-09,46.148.153.233,-1132211499,ims,119.236.78.72,-318681886,770641772,-8716,61
huawei,122,226059899865802,40772421373,2024-09-04 06-43-35,27.134.241.118,509594092,internet,197.129.92.241,-673340138,-1532254403,20284,-88
huawei,-90,226054263673111,40717334294,2024-09-04 06-42-21,240.93.131.216,-1794601872,ims,75.151.175.244,1878796534,-380916596,-16793,50
huawei,59,226053637573743,40738726434,2024-09-04 06-40-29,177.210.247.144,-1429318111,ims,156.8.167.19,-779272948,-295227235,27185,-44
huawei,55,226057392451764,40778638971,2024-09-04 06-40-03,205.131.156.207,-1833039609,internet,37.2.253.54,1108337308,-613231626,4079,-75
huawei,14,226053285673310,40708914127,2024-09-04 06-43-50,77.3.32.192,-1677487589,internet,231.60.219.254,1230614784,1503193747,3125,-7
huawei,110,226057651800373,40707167160,2024-09-04 06-40-08,176.241.54.229,2058574124,internet,38.152.12.57,1856748527,-1702208127,-1971,-20
huawei,-89,226055721729090,40789119525,2024-09-04 06-42-39,250.103.131.55,1923522224,ims,101.160.53.15,-2007175172,-667788779,21003,-44
huawei,-121,226050542400342,40765611103,2024-09-04 06-40-47,62.167.81.76,767003527,internet,16.170.26.180,1203714616,1572316151,-8847,-24
huawei,27,226056479971432,40798002327,2024-09-04 06-40-55,18.158.134.211,-1592395056,ims,4.1.233.36,-2048543303,-431837955,16072,-77
huawei,-47,226056989852626,40713362814,2024-09-04 06-40-55,24.244.31.105,605468420,internet,241.247.60.239,85324987,949085210,-2916,52
huawei,-96,226055588395574,40786604051,2024-09-04 06-44-20,142.238.227.47,-1788623409,internet,67.61.48.191,-1877819225,-1526955331,12262,34
huawei,29,226053790834669,40771904864,2024-09-04 06-43-48,72.199.231.93,-483888248,ims,201.113.172.64,-1453319045,-1571359325,743,-1
huawei,-84,226051420288280,40717422695,2024-09-04 06-43-02,105.156.254.96,1352573557,ims,97.109.47.57,-2108605244,-1159531497,15326,-86
huawei,-116,226051491416070,40775915688,2024-09-04 06-40-25,92.138.19.176,-1015513931,internet,144.230.94.27,1860589250,-315750375,18430,-32
huawei,-116,226054900525483,40764700443,2024-09-04 06-44-18,5.220.92.85,-2007872555,ims,224.50.146.101,1678744509,784939489,-10968,111
huawei,111,226050160136991,40712347085,2024-09-04 06-44-01,161.97.57.184,1769301892,ims,19.84.129.46,-1648278249,-65251365,-22327,-101
huawei,-5,226051859932954,40780957622,2024-09-04 06-40-21,192.126.103.206,-803493507,internet,208.7.9.194,1586249797,-951922265,444,-43
huawei,29,226058199278255,40736599840,2024-09-04 06-40-23,151.244.130.35,-616129903,ims,126.14.36.137,-1493804574,1359564615,-27078,-100
huawei,56,226059719019394,40789947032,2024-09-04 06-41-53,46.247.155.128,-1237667960,ims,149.167.3.65,1779052337,-1782785484,32683,62
huawei,-10,226054495676123,40781657266,2024-09-04 06-40-02,20.39.8.110,1406724208,ims,96.147.203.86,-1829228958,-586884153,29752,-116
huawei,-116,226050012188771,40726425580,2024-09-04 06-43-23,249.137.158.114,-530079070,ims,114.169.65.246,-2059926615,2127631868,-11546,104
huawei,-112,226059935884101,40796357797,2024-09-04 06-42-42,73.218.171.243,-91615366,ims,187.111.156.142,-1213921436,1813789134,18719,-17
huawei,66,226058306201424,40725443760,2024-09-04 06-44-02,157.135.133.204,-1792092299,ims,124.38.85.36,-2061002191,-1959444389,2573,46
huawei,3,226053597901495,40763799542,2024-09-04 06-41-48,65.83.239.38,1274039886,ims,147.73.165.219,-895399612,-1066917648,14992,53
huawei,110,226055276022579,40769160607,2024-09-04 06-40-25,210.238.117.49,-2033495617,internet,143.106.35.138,711991155,312238892,4615,-125
huawei,-104,226058928718545,40715293488,2024-09-04 06-40-14,20.101.151.101,-1495144031,internet,203.231.174.86,-1338145605,1467854694,25843,10
huawei,-3,226051415815977,40740202512,2024-09-04 06-43-03,73.216.72.198,-1459404972,internet,64.60.117.228,1162914990,1074936452,-6819,91
huawei,51,226051820614578,40786622456,2024-09-04 06-43-44,35.18.102.179,-1050046641,internet,179.242.198.52,-1114715436,-1002038609,-15071,29
huawei,-97,226053354330708,40755319933,2024-09-04 06-40-37,205.129.225.192,-722554070,internet,78.58.85.41,-1801905046,-1868514718,10317,-47
huawei,62,226055740606398,40762440823,2024-09-04 06-44-00,174.33.42.113,-2121084474,ims,36.120.13.150,-1929008045,354476452,11767,-34
huawei,-105,226054460643591,40746556328,2024-09-04 06-43-06,77.169.168.117,-2063242292,internet,102.165.236.164,-1120856832,1498053914,-28852,-3
huawei,-56,226056728731551,40779362242,2024-09-04 06-43-47,1.19.70.57,1158334575,internet,223.89.15.247,729446720,-1954697938,-20820,120
huawei,54,226059152657085,40730099661,2024-09-04 06-43-58,122.109.253.86,-34005993,ims,238.213.14.49,-2018166260,-96095278,-18900,-82
huawei,-27,226053279948758,40731509724,2024-09-04 06-42-12,46.129.32.252,1580499205,ims,184.14.81.142,1110607814,1582091374,-32333,-115
huawei,-44,226052666793386,40782822811,2024-09-04 06-42-24,57.57.15.15,-1834387519,ims,223.238.88.94,59281059,-1567092608,-12679,-3
huawei,-46,226052968693389,40723281640,2024-09-04 06-41-09,142.22.32.174,-1095845347,internet,189.91.88.149,1148220592,1142715218,32422,-1
huawei,-68,226058984350570,40748122923,2024-09-04 06-40-05,4.239.44.97,544255620,internet,168.243.16.215,-5955888,355359605,-32556,-13
huawei,-98,226052238936855,40786727403,2024-09-04 06-43-13,71.187.218.19,-2004655430,ims,139.28.65.228,-763165197,1352660403,-6504,-83
huawei,125,226056805917139,40750378678,2024-09-04 06-41-07,56.125.35.16,-1618125656,internet,27.108.137.218,446598082,816138206,-6685,76
huawei,-27,226050762292488,40746702457,2024-09-04 06-42-11,139.91.170.203,1555581042,internet,98.50.25.173,-789332127,-1068705110,17023,-109
huawei,5,226054786022772,40785019127,2024-09-04 06-40-55,171.49.57.96,-1062102607,internet,21.149.173.196,-337232760,-855947274,-30701,22
huawei,-120,226058662886368,40771297432,2024-09-04 06-41-46,108.126.23.248,-1256540874,internet,80.41.55.20,1191396986,-763543519,8103,-79
huawei,80,226058338283415,40713107798,2024-09-04 06-40-06,69.202.74.237,258964707,internet,139.58.239.166,1688210261,-21820906,1041,0
huawei,55,226057392098043,40704659760,2024-09-04 06-42-06,179.29.107.215,-1015215411,ims,17.148.128.128,-114041144,-1725088307,-28089,-119
huawei,87,226053340351889,40727779715,2024-09-04 06-41-52,2.247.31.25,-1981972543,ims,253.148.85.43,1474600690,-790802451,-23387,117
huawei,18,226055781093974,40798474196,2024-09-04 06-42-10,228.115.95.224,-1977442265,ims,236.225.50.47,1543758748,445673492,-20125,110
huawei,-113,226055983816814,40701331454,2024-09-04 06-44-29,242.150.186.21,-1597342675,internet,206.212.99.142,-727619178,262152972,20280,-93
huawei,62,226052883028724,40789013137,2024-09-04 06-41-08,120.102.0.106,598608805,ims,171.138.16.148,-701152744,344882649,8434,66
huawei,-2,226058648130637,40726577732,2024-09-04 06-43-51,96.224.254.175,-1938956273,internet,1.98.33.179,-1896761892,2125824029,31934,-111
huawei,93,226054045130719,40754465692,2024-09-04 06-41-45,156.87.14.122,1781231192,internet,225.9.90.39,1757109848,20151066,3655,-5
huawei,-118,226056650502505,40795217650,2024-09-04 06-44-58,242.37.172.213,1802239066,internet,28.232.113.62,6809693,-1928942434,10530,-30
huawei,-101,226050944337359,40716734273,2024-09-04 06-44-44,97.48.150.239,433736227,ims,102.63.82.47,-578722355,-374921232,-25620,-76
huawei,114,226052991681137,40778626045,2024-09-04 06-42-42,165.62.76.215,1552359388,internet,243.15.98.15,771386565,1485967593,14028,-15
huawei,-81,226051481726009,40704560278,2024-09-04 06-40-24,244.70.202.35,1713853313,internet,54.176.208.134,866811983,-1593630675,18279,-54
huawei,113,226057172896506,40704865126,2024-09-04 06-42-00,19.138.151.246,289570744,internet,144.24.232.116,-634940725,2039839789,-27475,-6
huawei,-19,226053617132933,40734065271,2024-09-04 06-43-14,187.28.161.158,-679710352,internet,179.93.81.76,795346390,-846360245,-1622,-38
huawei,60,226057424212267,40715182053,2024-09-04 06-41-18,84.44.201.20,758935917,ims,247.42.239.188,1553235192,-1756243981,-30586,50
huawei,-59,226059565841966,40761785737,2024-09-04 06-41-25,189.85.13.248,1860588822,ims,178.153.145.52,-609057410,1886846358,28184,-118
huawei,-102,226057357113272,40762365659,2024-09-04 06-44-02,32.36.195.9,1270649824,internet,1.144.5.53,1497402728,-813927354,3769,-49
huawei,-80,226051571629942,40726140921,2024-09-04 06-42-43,246.143.54.198,1692887609,ims,97.173.86.53,-1253130930,1064964060,-9423,-111
huawei,61,226050938701282,40715325381,2024-09-04 06-42-17,190.253.116.35,2022476674,ims,38.161.67.215,1641545320,-1550270058,-18469,-35
huawei,60,226056266941076,40769186243,2024-09-04 06-44-49,141.72.160.212,1482396002,internet,1.90.125.226,358278927,-650103550,23083,-6
huawei,-92,226055331486323,40777684239,2024-09-04 06-43-27,124.16.46.16,695303761,internet,182.66.228.99,-785773492,2026034749,-33,-100
huawei,-28,226058748641614,40786146940,2024-09-04 06-41-03,48.11.157.195,1347195494,internet,215.136.228.197,1939309478,514579553,30441,-104
huawei,-102,226057178031089,40758636729,2024-09-04 06-43-58,34.47.22.253,157273502,internet,177.11.55.116,-1776963097,1233007373,-22857,-103
huawei,-107,226059219682525,40706806271,2024-09-04 06-44-41,44.123.61.43,1345383403,internet,11.162.213.131,473660993,160632066,-19709,34
huawei,79,226051600965397,40743171551,2024-09-04 06-43-50,76.151.181.146,-1668340124,internet,23.179.39.235,-364530066,147780798,13690,-110
huawei,108,226056415177110,40723027287,2024-09-04 06-44-29,63.253.112.122,-2001577653,internet,108.22.118.15,-2032267357,-879144217,-28129,-94
huawei,-51,226059659371277,40741004563,2024-09-04 06-42-34,167.59.254.246,-866670850,internet,30.81.5.24,-965762926,519258981,29554,61
huawei,-48,226054427586460,40798894119,2024-09-04 06-40-34,168.46.229.172,-229402320,ims,89.160.171.141,-718784079,-590350145,-15819,-12
huawei,-81,226057819405916,40756035454,2024-09-04 06-43-43,43.155.54.81,-252326691,internet,150.201.234.163,-1777952676,-758889261,-22481,-16
huawei,-4,226056425126206,40719763237,2024-09-04 06-44-32,151.81.205.163,-488826505,internet,208.34.189.81,-725491324,-1014416376,-12652,-36
huawei,79,226054563539009,40746374869,2024-09-04 06-40-25,118.135.119.44,2032754378,internet,46.24.255.40,-2017809461,833766175,26589,-77
huawei,-71,226055407419737,40706080624,2024-09-04 06-40-49,232.199.35.17,502537505,ims,157.99.180.7,-1002635124,-727576216,20942,30
huawei,106,226054710063803,40793636850,2024-09-04 06-43-10,215.107.31.233,338854373,internet,159.45.179.110,-2093673985,-1662356267,26709,-85
huawei,73,226058661461567,40701048020,2024-09-04 06-42-54,86.8.20.49,-1694336728,internet,194.121.145.15,1645610279,-895087821,-32597,31
huawei,-91,226055382992677,40710769368,2024-09-04 06-44-11,232.53.179.124,-318615316,internet,58.245.88.44,2078460406,268106626,-15628,-102
huawei,120,226050570127480,40731986406,2024-09-04 06-44-27,174.117.100.47,482311309,ims,202.215.89.57,673082812,-750299392,-17556,-106
huawei,-93,226051332019186,40774804721,2024-09-04 06-44-07,28.1.89.113,766151813,ims,215.35.82.101,-959440909,1593341853,-15239,103
huawei,-84,226051121030311,40700635598,2024-09-04 06-40-58,79.115.188.183,-1108270644,ims,102.166.134.184,-145509451,1472591549,-5366,-115
huawei,-42,226059505635178,40777719708,2024-09-04 06-41-37,254.155.103.184,639421804,internet,141.220.175.36,-1043943835,1392475345,24740,-39
huawei,98,226055673976582,40765688329,2024-09-04 06-41-41,207.136.44.139,600520811,internet,247.78.13.163,-1733695750,2032123364,17822,-1
huawei,-123,226056383447777,40793707203,2024-09-04 06-42-45,133.40.133.121,-826188442,internet,123.1.78.9,-1638460059,1852963284,-11379,-86
huawei,33,226051161549631,40750819021,2024-09-04 06-44-15,254.185.59.121,2015480667,ims,248.92.248.150,-162540699,-601866233,18456,60
huawei,32,226056746997486,40706115108,2024-09-04 06-40-47,51.62.177.211,295434956,ims,103.8.148.129,-480660816,-2047041230,9725,67
huawei,-112,226054800148021,40736813412,2024-09-04 06-44-14,191.157.59.227,-1474386959,internet,52.111.77.154,361508638,1084679774,-20387,10
huawei,-92,226056763115000,40750182027,2024-09-04 06-43-18,64.203.251.239,1185902781,internet,155.127.231.240,1807593411,-809807691,7296,125
huawei,-74,226054359374839,40796319756,2024-09-04 06-44-42,0.81.156.206,-588386636,internet,88.240.61.215,-1835873708,421803981,2091,-101
huawei,-22,226059077696314,40799539288,2024-09-04 06-43-18,192.25.56.255,-288798553,ims,78.229.132.232,1981817263,-1090686873,28301,-34
huawei,3,226057030203985,40772445753,2024-09-04 06-40-40,82.3.70.244,-1860842403,ims,196.248.100.67,758072792,564891838,-12043,105
huawei,-19,226052881110668,40758862447,2024-09-04 06-41-40,114.3.228.164,1377433773,internet,61.230.68.254,440544196,1848925327,-28638,-100
huawei,-74,226052444595756,40716651717,2024-09-04 06-42-30,8.183.205.76,-1880786196,internet,104.176.137.153,-1639797827,1602359613,-20809,105
huawei,-62,226054772892256,40714913630,2024-09-04 06-41-42,98.123.250.92,470374760,ims,193.83.242.216,638592112,1027757357,10595,54
huawei,-83,226055826820409,40725739731,2024-09-04 06-43-55,181.136.12.105,-1970725475,internet,104.103.26.132,1555106491,-224601757,-20620,66
huawei,4,226058698812654,40776667165,2024-09-04 06-40-32,155.12.168.43,-1215870951,ims,201.191.221.242,1507615277,881347709,5064,50
huawei,81,226058943265809,40707192663,2024-09-04 06-43-55,41.109.182.194,-1483127659,ims,54.172.76.172,-806098495,-886373738,14307,-71
huawei,-34,226055195225912,40725280919,2024-09-04 06-40-59,115.22.116.179,-230398025,ims,108.32.229.112,436201323,302677454,15767,-106
huawei,-50,226059448260353,40706033468,2024-09-04 06-41-13,226.246.234.136,-1023917296,ims,181.116.177.252,-1600356872,-519884752,-11718,9
huawei,21,226058903942395,40729627598,2024-09-04 06-44-52,239.123.129.129,1377162302,ims,160.17.70.229,-418087134,-441496821,25333,-15
huawei,19,226055883185231,40794715529,2024-09-04 06-41-18,162.170.31.236,-236572511,internet,139.130.48.217,1824527013,2060259664,-32629,-54
huawei,-37,226058533049753,40727712593,2024-09-04 06-41-55,83.184.186.245,-842017365,ims,115.245.145.98,1318651478,313409732,10191,6
huawei,-41,226057505015818,40794961976,2024-09-04 06-41-17,39.178.189.165,141817048,ims,68.118.227.195,1584879614,-37868923,22597,-92
huawei,75,226052858957725,40732841568,2024-09-04 06-41-48,125.75.227.158,-1853101049,ims,213.194.147.175,613090628,1782996415,24271,-5
huawei,7,226055231669798,40799125162,2024-09-04 06-44-00,115.62.38.213,-1876615291,ims,186.177.252.8,1706944087,360682448,27374,-33
huawei,-17,226050244846461,40702176796,2024-09-04 06-42-50,61.8.25.127,1923946898,ims,138.144.62.47,-1786455246,1478213283,-26719,-105
huawei,104,226051067908719,40779844385,2024-09-04 06-40-32,151.23.172.14,-1089460726,ims,45.39.41.12,432093058,-356100258,-21934,-19
huawei,-39,226054013714779,40755779773,2024-09-04 06-41-00,33.226.172.67,-534580889,ims,128.220.106.192,-2010502525,-1138820092,-20464,-102
huawei,-25,226053030194816,40715595814,2024-09-04 06-43-25,179.133.38.193,2055259069,internet,160.149.40.14,-579703507,1598997668,21976,100
huawei,64,226057863841959,40788662214,2024-09-04 06-41-01,215.247.196.191,253722330,ims,228.64.119.27,1725758610,1739223121,-30653,83
huawei,-44,226054398658340,40762986622,2024-09-04 06-40-39,11.15.180.88,981706384,internet,150.69.56.45,-2043592956,-1748043906,-29297,-41
huawei,-89,226059974176978,40700823368,2024-09-04 06-42-16,253.91.98.165,1748837876,internet,99.32.20.142,1021072326,354000276,24769,105
huawei,101,226058601639393,40793000186,2024-09-04 06-40-34,95.197.222.246,1523250913,ims,118.168.9.107,1875306176,167906611,-21730,-115
huawei,120,226056950037835,40788294802,2024-09-04 06-41-32,51.251.80.59,124014487,ims,141.201.177.63,849345690,418872545,10874,-114
huawei,101,226058299564430,40775802517,2024-09-04 06-42-27,114.149.30.163,1527533778,ims,229.47.229.43,-949276317,747269761,10820,56
huawei,24,226052168614445,40738966503,2024-09-04 06-43-10,173.7.17.121,1214921000,internet,216.220.240.91,-1357026730,-1502853479,-17012,-74
huawei,-63,226057572630752,40792325673,2024-09-04 06-40-40,235.30.190.48,-503999853,ims,121.255.232.230,435127756,1346524466,25807,101
huawei,-65,226050787949386,40734233386,2024-09-04 06-43-29,12.225.210.18,817833243,internet,225.228.127.7,-306826432,-1786165298,11268,46
huawei,27,226055648957642,40764719621,2024-09-04 06-40-19,74.21.26.114,808948856,ims,250.219.86.128,890264049,370512556,-29355,58
huawei,-2,226054831794137,40724696171,2024-09-04 06-42-24,79.180.91.107,-4752704,internet,69.160.222.234,-982710034,314141617,9742,102
huawei,64,226058206399436,40795405636,2024-09-04 06-43-29,200.24.70.112,-1441804427,ims,114.111.96.0,-900996299,-991685840,6597,-13
huawei,-30,226056104168415,40724148967,2024-09-04 06-42-28,231.121.76.198,213120497,internet,51.201.161.32,-267014031,1572608526,28547,106
huawei,46,226058739067851,40750138211,2024-09-04 06-42-52,230.228.202.255,-1361957756,ims,8.205.216.175,-757246306,-1939553026,28932,60
huawei,41,226058428952343,40735370490,2024-09-04 06-43-39,65.91.208.34,1788677368,ims,21.220.118.87,175995204,761082343,-1095,0
huawei,-114,226055363878721,40799727843,2024-09-04 06-42-38,222.103.106.72,-853412861,ims,214.2.231.17,2072734379,1834006054,-1488,1
huawei,-5,226056914609625,40726308826,2024-09-04 06-42-31,177.196.26.129,1897259263,ims,57.176.35.154,-2140964294,-910020808,19497,115
huawei,-7,226054043079049,40740382747,2024-09-04 06-40-33,246.215.92.160,-856843594,ims,244.162.141.161,1245016461,808827968,12979,-94
huawei,-2,226056938433176,40797824893,2024-09-04 06-41-55,103.80.22.211,-496029050,internet,150.217.189.4,-331803708,-2123652921,883,43
huawei,-49,226056135129374,40751790459,2024-09-04 06-44-46,253.238.49.80,-10693946,internet,150.108.21.174,-1569445623,972555146,-8591,-63
huawei,77,226057513563249,40790407474,2024-09-04 06-42-04,131.245.134.87,-2045410062,internet,20.224.202.77,-2007193728,-140501657,9165,13
huawei,-42,226055430169814,40778893464,2024-09-04 06-42-05,20.251.100.227,2017592955,ims,36.175.191.94,1800771008,-1810748451,-12681,103
huawei,70,226052473966551,40788105578,2024-09-04 06-43-36,112.200.243.166,1820597649,internet,177.44.34.24,-1571751075,1252813805,12050,-115
huawei,-54,226051786548824,40714541238,2024-09-04 06-44-57,172.48.24.86,335902258,ims,37.133.229.197,607313863,-1233324570,22154,104
huawei,-77,226054916847829,40783191821,2024-09-04 06-42-52,42.234.63.7,408898702,ims,16.39.62.225,1561739922,-1354187256,-25107,1
huawei,76,226059186456875,40721419112,2024-09-04 06-44-51,176.43.70.166,333546901,ims,73.145.94.145,-327798640,1608717283,17292,-114
huawei,-119,226059538078272,40725767067,2024-09-04 06-44-20,54.47.27.84,-1449073727,ims,207.135.75.80,1155309779,-670725253,-30181,-67
huawei,-37,226056864151038,40775214188,2024-09-04 06-43-43,58.160.88.189,-297089739,internet,206.232.158.67,1860109493,747454124,24839,-107
huawei,10,226058580385334,40739426303,2024-09-04 06-43-12,101.132.215.169,-1506326409,ims,151.207.235.93,-1315840555,-801335154,371,76
huawei,-37,226058102713019,40763958862,2024-09-04 06-41-46,190.126.10.199,-174936643,ims,223.51.99.83,-1542066392,1179282325,723,-41
huawei,-17,226051219473639,40716348770,2024-09-04 06-44-42,185.60.56.142,-965892394,ims,4.229.93.37,1780620291,54874221,-22189,-94
huawei,42,226051193154243,40731522745,2024-09-04 06-42-55,16.191.16.165,2117093514,ims,38.172.180.165,-1030740475,-136147970,-17095,90
huawei,84,226055511030260,40718039934,2024-09-04 06-42-59,236.185.96.220,-1059040361,internet,15.74.114.198,-777597823,-1241725725,-25997,-63
huawei,52,226055280011485,40788206472,2024-09-04 06-42-24,115.194.163.71,-408157830,ims,232.28.90.110,1154772462,1557982320,-5691,-18
huawei,-91,226055198623527,40735351557,2024-09-04 06-43-12,112.224.25.5,-2047230860,internet,215.90.202.146,1801240773,-846567798,7177,-47
huawei,-24,226056837233028,40786207276,2024-09-04 06-41-56,82.159.73.199,1254241273,ims,92.4.174.101,414240863,537084514,-3722,-76
huawei,-25,226056962275105,40788413814,2024-09-04 06-41-50,26.79.59.244,-1232457245,ims,70.42.1.169,1716874372,36875430,23855,-82
huawei,60,226055552495074,40790305559,2024-09-04 06-42-36,83.152.174.50,1062172795,internet,140.84.48.228,-1505546972,-1916018417,31878,50
huawei,-106,226053430600152,40717804824,2024-09-04 06-41-27,167.49.91.213,-807897504,ims,232.233.67.191,-2003782390,-1840821243,1727,-4
huawei,21,226050217060175,40740000272,2024-09-04 06-40-26,31.246.98.234,-1055276830,internet,107.53.77.210,419264905,368444771,6360,-67
huawei,47,226056914341961,40764676783,2024-09-04 06-42-08,115.155.108.199,770660434,ims,168.180.14.121,-82971194,1002398111,-16289,65
huawei,107,226052967736319,40731258458,2024-09-04 06-41-46,231.230.229.194,809195785,internet,136.185.73.212,-134054759,-1049008016,-3670,-13
huawei,2,226051926398738,40743518601,2024-09-04 06-44-09,21.98.16.255,2022290662,ims,93.40.96.126,1231763073,-1141475540,-11756,-4
huawei,-70,226051354942367,40793462242,2024-09-04 06-44-41,237.9.55.0,301211675,ims,72.166.160.43,-28157048,-67348582,-31433,-5
huawei,37,226055848695099,40719914311,2024-09-04 06-41-54,178.186.153.66,1455913544,internet,138.76.82.55,-316112384,364190769,23147,87
huawei,-36,226059352084126,40736699353,2024-09-04 06-42-53,134.115.86.43,-578281560,internet,60.77.135.37,-915389502,-1035088595,-31399,-26
huawei,-71,226053773906195,40723961679,2024-09-04 06-44-30,233.76.166.228,598192420,internet,173.25.159.166,-153255287,1524083944,23209,13
huawei,-17,226056906164270,40757001906,2024-09-04 06-41-07,162.215.124.71,-204718612,internet,227.27.148.99,-270918596,-1476264619,-25049,-60
huawei,40,226058342095626,40701623607,2024-09-04 06-42-24,252.201.48.184,-344583451,ims,211.237.1.45,2000412537,-1668877638,-11369,-7
huawei,-90,226059547341586,40729520515,2024-09-04 06-41-11,112.232.77.209,540557884,internet,118.88.116.95,239702856,-1403907491,7751,-43
huawei,8,226050188109301,40773727925,2024-09-04 06-42-40,186.21.235.255,1801342603,ims,87.0.236.25,1014855508,139623259,2667,72
huawei,-75,226054197722666,40785692305,2024-09-04 06-42-18,225.45.168.182,-1346950482,ims,172.84.8.172,1852499861,1156559068,-5267,37
huawei,-43,226052009447220,40708325735,2024-09-04 06-41-21,49.105.26.119,-535416900,internet,106.50.111.54,-1845958021,-539357844,-7995,-111
huawei,48,226054604451980,40701240848,2024-09-04 06-42-05,228.156.253.119,-164317624,internet,2.169.215.21,-1207559654,-1097625337,-11836,46
huawei,112,226059090440450,40757589153,2024-09-04 06-44-42,28.184.51.205,-1112216418,internet,117.252.244.123,165295763,1980726947,-4242,122
huawei,-72,226054435576578,40720412263,2024-09-04 06-41-37,239.84.239.146,-2052448305,internet,106.169.243.91,-462799013,520752204,-17875,91
huawei,-69,226050746975711,40775083506,2024-09-04 06-42-35,142.112.174.238,-436778611,internet,80.250.92.194,1924984736,-386777450,-24152,76
huawei,106,226059081259557,40786554820,2024-09-04 06-42-54,190.222.163.36,828392391,ims,121.40.184.248,1014582405,1498900038,-11010,-21
huawei,-82,226051682956055,40794601119,2024-09-04 06-44-17,243.95.172.231,1152675175,internet,89.188.115.84,-1354580212,-1638769367,-27323,-85
huawei,-17,226059707267759,40715541026,2024-09-04 06-40-21,169.147.64.104,-396452567,ims,234.10.136.95,340508333,1881205628,21947,-31
huawei,93,226055503931666,40763028304,2024-09-04 06-41-23,44.9.173.156,-434850893,ims,74.145.209.246,555612988,-527219204,19250,-65
huawei,46,226055737605848,40716502827,2024-09-04 06-40-46,45.216.194.11,1577492737,ims,228.199.68.236,-1334981998,-482307546,3083,-33
huawei,74,226050281432042,40724616540,2024-09-04 06-41-48,102.74.144.76,201673337,ims,90.148.75.239,792794178,-643919096,2698,-54
huawei,-24,226055295463469,40758509647,2024-09-04 06-41-32,42.216.23.124,348085458,internet,129.59.124.243,-1067440565,1552775127,-1993,23
huawei,45,226056848310897,40794560207,2024-09-04 06-40-57,189.116.73.50,-1632937900,ims,188.181.178.97,29983496,411187983,13719,122
huawei,121,226050757492274,40740684182,2024-09-04 06-43-04,114.152.149.209,498666984,ims,153.206.69.21,1806727517,348752412,24041,26
huawei,41,226051820362616,40786244196,2024-09-04 06-43-45,65.93.226.228,847137941,internet,229.60.145.212,1159813942,1390876380,-20304,29
huawei,102,226056098081921,40756490811,2024-09-04 06-42-33,254.198.147.228,212016714,internet,176.226.104.62,1876119035,-2044082114,-26974,-51
huawei,-58,226057342397315,40753658712,2024-09-04 06-44-58,80.115.179.24,-1229844889,internet,34.182.159.219,996153968,892072812,19716,-6
huawei,-99,226052280350776,40799354461,2024-09-04 06-44-58,100.197.0.35,1018218770,ims,120.61.41.254,872523254,-1143397716,10715,61
huawei,-93,226059571400581,40760840262,2024-09-04 06-42-38,85.217.126.174,-230594708,ims,141.243.93.24,-860545203,-1955784023,9873,75
huawei,-80,226057101780167,40712748928,2024-09-04 06-43-11,2.107.227.133,-884307546,ims,96.246.237.208,-1496389226,1489367866,-11436,-84
huawei,54,226052454656728,40781883861,2024-09-04 06-43-49,6.226.195.224,-446765768,ims,79.0.35.159,307934366,-2055413989,1428,33
huawei,-106,226058341567312,40771071150,2024-09-04 06-44-21,151.213.147.209,-2049163858,ims,42.199.7.70,919249873,1718205817,21866,70
huawei,66,226050784838321,40743951376,2024-09-04 06-44-34,144.235.20.197,1522492930,internet,33.64.82.160,1561824275,2089247868,22490,-70
huawei,-53,226059135156847,40700425783,2024-09-04 06-43-53,58.17.12.120,-553514078,ims,219.114.32.184,-1147745537,1436566300,30933,21
huawei,-121,226054123225879,40745980469,2024-09-04 06-40-02,97.12.243.52,1454899110,internet,196.195.152.182,599041178,1079867238,-20723,-34
huawei,0,226050446688660,40713600962,2024-09-04 06-42-53,9.127.208.56,1897194975,ims,210.173.178.10,59676426,1514071815,2138,-18
huawei,-59,226052956889210,40743786002,2024-09-04 06-43-47,149.184.30.118,-1226638770,internet,93.101.39.233,722407842,1040079278,-22962,-55
huawei,112,226054981262235,40771514429,2024-09-04 06-41-20,233.191.82.177,25497524,ims,111.73.160.115,-1687934554,1340667536,-18102,107
huawei,-83,226058798724215,40729543004,2024-09-04 06-44-00,253.153.122.168,-1331391729,ims,126.25.134.29,-1315463008,-938595813,-16332,-61
huawei,116,226059638089580,40798479147,2024-09-04 06-44-01,204.59.217.195,-776808518,ims,80.234.39.83,113819794,1149610227,30943,-91
huawei,-115,226056214817849,40723391850,2024-09-04 06-43-22,40.101.159.118,-1615745379,internet,50.125.98.21,1533178619,822477510,17420,-101
huawei,94,226059067171205,40777418284,2024-09-04 06-40-48,215.211.104.45,-918802127,internet,64.132.210.157,-117631641,-2081385363,16140,30
huawei,-125,226050992049434,40723316097,2024-09-04 06-40-38,25.235.218.118,-1618380008,internet,166.231.226.136,-1456400481,1791752545,4241,-9
huawei,-1,226051288832285,40703712551,2024-09-04 06-44-13,120.226.141.24,-1257614719,internet,147.250.253.69,-893762075,-434082548,27334,-26
huawei,43,226055708996194,40717813378,2024-09-04 06-44-22,15.144.205.184,1994912093,internet,194.150.216.186,1919876146,-316645716,32616,-90
huawei,-122,226050186672307,40764894038,2024-09-04 06-40-33,40.102.122.35,688199393,internet,215.212.186.60,-1266336255,-261022384,-19181,94
huawei,18,226053209097617,40721324073,2024-09-04 06-42-03,50.233.160.213,-1135815378,internet,15.41.9.38,-283516542,-1282552589,-14978,-82
huawei,12,226051601385474,40741043885,2024-09-04 06-40-41,27.167.91.66,-1335360665,internet,71.5.154.201,-861495293,-120028409,-20677,84
huawei,17,226057512314968,40790191528,2024-09-04 06-41-12,121.148.212.7,-65813241,internet,98.182.208.127,-306357522,545842623,29122,-116
huawei,-104,226054582011284,40709085938,2024-09-04 06-41-04,65.248.129.28,2108227828,internet,205.145.13.51,227890044,743170637,-6744,103
huawei,5,226056672585993,40709912183,2024-09-04 06-40-08,92.165.72.188,1301444282,ims,238.53.208.16,1166395341,-1088264646,-31878,-128
huawei,89,226051478615587,40745681530,2024-09-04 06-43-37,150.61.74.94,1184488601,ims,78.91.231.34,2129983595,-1641083049,-22542,62
huawei,-1,226053478562486,40781908175,2024-09-04 06-42-09,142.107.33.29,-1984339555,internet,240.76.232.205,2108834941,-1448919776,-23997,-114
huawei,-22,226056636040707,40786057437,2024-09-04 06-40-33,209.54.168.150,-705383576,ims,24.128.211.52,1923238698,324522049,420,-25
huawei,106,226059420307603,40784467860,2024-09-04 06-42-18,225.76.153.54,-1572396820,ims,16.160.212.77,-659390584,-1251357187,7771,-79
huawei,120,226056609036657,40708792655,2024-09-04 06-41-23,206.245.128.168,2013990735,ims,155.67.104.252,24360827,1375822121,-8137,88
huawei,-70,226055672320151,40776501256,2024-09-04 06-43-20,65.7.152.89,-1700910442,ims,84.87.2.55,-1985648200,-1669294345,-18646,-46
huawei,43,226050349591097,40795670956,2024-09-04 06-43-18,190.240.17.52,-1124116854,internet,60.251.251.37,1517048752,668349940,-21680,94
huawei,-76,226059304778126,40781456811,2024-09-04 06-44-09,82.21.179.93,207679907,internet,123.147.109.47,1359329829,1561507218,21140,65
huawei,7,226050767705680,40720597072,2024-09-04 06-44-54,79.79.52.204,-595727496,internet,78.164.157.96,-1159780352,1211837796,13415,0
huawei,-16,226053428076168,40783212035,2024-09-04 06-40-40,41.187.123.60,-1783504519,ims,240.175.94.80,1024764098,1028398515,25397,-58
huawei,-53,226054274290442,40760615426,2024-09-04 06-42-53,17.155.127.103,-892065360,internet,124.38.54.252,-775668436,-1666659791,14340,-114
huawei,-77,226058223420927,40766827564,2024-09-04 06-40-02,16.161.36.250,1529752662,ims,221.194.147.124,-1617817059,435026631,31338,15
huawei,-124,226056707414456,40733246210,2024-09-04 06-41-16,105.36.59.186,-1583372559,internet,152.62.79.204,27430770,-818082953,-6217,-24
huawei,-68,226056308967340,40730891639,2024-09-04 06-43-13,118.171.4.113,286576220,ims,247.112.95.166,4661068,1308284064,-18846,123
huawei,36,226053784764560,40763362099,2024-09-04 06-43-58,142.98.192.249,-1575499523,internet,123.191.122.203,-867731408,-1049199552,10801,-75
huawei,-2,226053023751062,40744677882,2024-09-04 06-41-41,87.194.138.222,-1741431692,ims,124.174.13.135,-1238825624,-1109559748,8124,-117
huawei,93,226055100067460,40783847513,2024-09-04 06-42-16,201.38.233.50,2069151129,ims,233.48.22.68,-939754171,-706408256,-22494,81
huawei,-72,226058799058419,40799373387,2024-09-04 06-43-50,56.161.46.0,-1413677610,ims,172.126.100.189,582037566,-213821241,-786,-27
huawei,-29,226055685079281,40706522020,2024-09-04 06-40-17,236.142.173.23,-2105901257,ims,61.161.216.197,-493779544,-329426086,32601,76
huawei,51,226057395013599,40758919647,2024-09-04 06-41-50,220.80.222.239,1957710699,internet,135.100.146.143,516875016,701453601,-6290,-52
huawei,-8,226052684386402,40739898881,2024-09-04 06-42-56,184.219.84.135,1134500141,internet,16.124.244.155,610826728,-1115356281,-15607,0
huawei,104,226052369747338,40712119160,2024-09-04 06-40-14,90.49.145.83,-338388321,internet,168.94.95.6,-1867786670,1138002343,-9311,-58
huawei,27,226056933363442,40742603533,2024-09-04 06-41-58,30.88.133.200,45667278,internet,141.12.168.76,1127675708,-1927218249,2477,58
huawei,-18,226058441303514,40793488252,2024-09-04 06-44-34,221.158.63.96,-1580419877,ims,117.164.59.146,397162750,-1209756594,-26548,-118
huawei,1,226059509932803,40721899551,2024-09-04 06-44-59,216.244.183.20,-250356153,internet,186.155.130.13,-1810619914,-872162454,22524,-122
huawei,-32,226050673332851,40708419552,2024-09-04 06-41-37,105.160.248.188,-453859205,ims,179.75.199.118,-1552831484,-1332626335,18195,-77
huawei,93,226059859958030,40705082485,2024-09-04 06-42-12,150.41.239.39,981845370,ims,250.2.214.120,-130459472,1243663480,-14689,30
huawei,115,226054105563822,40758397926,2024-09-04 06-44-00,167.169.29.139,-1106562531,ims,165.16.230.100,-593053225,628962412,-26349,-95
huawei,44,226055875919134,40775110105,2024-09-04 06-42-59,12.77.197.132,-785420001,internet,161.92.145.37,-657037419,-985375679,-14119,14
huawei,-53,226053498273387,40772464755,2024-09-04 06-40-06,229.236.11.155,279754601,internet,105.15.171.102,969659307,137568040,19631,-59
huawei,15,226055659781519,40794403313,2024-09-04 06-40-13,39.172.166.47,202200386,internet,164.11.213.148,1656439423,-223425097,-15011,104
huawei,-92,226054910558668,40745787658,2024-09-04 06-44-35,101.24.187.105,442776342,ims,255.93.102.133,-1572486739,1931418551,-5897,-88
huawei,98,226055001631926,40763017875,2024-09-04 06-41-36,209.134.37.254,-1581786115,ims,188.140.135.83,-1865139702,-654585051,17948,-6
huawei,25,226052951820264,40734032612,2024-09-04 06-44-41,215.80.139.252,160704536,internet,1.188.38.11,-92721028,756630539,-11957,-118
huawei,117,226059493389034,40760000210,2024-09-04 06-44-31,5.239.195.152,781247365,internet,57.209.63.66,606826734,461407401,-3959,-111
huawei,-17,226052870101813,40789833295,2024-09-04 06-40-01,182.61.251.103,33150614,ims,241.185.112.53,-994737452,1262696935,9740,-62
huawei,43,226054492560620,40763661531,2024-09-04 06-42-16,255.76.204.142,372047995,internet,251.214.186.224,829536581,858042105,31590,53
huawei,-1,226053193590490,40771115520,2024-09-04 06-40-36,185.186.249.24,-1696644144,internet,134.6.217.46,-380890093,-734235262,19850,37
huawei,90,226051800097546,40744970075,2024-09-04 06-41-57,211.233.169.167,-884864033,internet,171.55.133.111,-252599038,633254670,14712,-103
huawei,-113,226059308575897,40781189289,2024-09-04 06-42-27,109.126.184.172,-1643492717,internet,51.172.49.133,-2144534496,-1198331316,26307,-107
huawei,-57,226059702886459,40794115920,2024-09-04 06-44-39,130.58.103.243,-1654433065,ims,23.121.197.210,1150595212,-1535737414,-21096,-81
huawei,-29,226053696912562,40727356888,2024-09-04 06-43-14,16.223.53.84,-1331954802,ims,81.127.185.42,143842691,-1011026533,-14376,-36
huawei,-20,226054491349203,40711942595,2024-09-04 06-44-41,32.110.202.76,855962771,internet,206.111.208.58,1363345602,-446054441,16776,-28
huawei,34,226054826591521,40791969538,2024-09-04 06-43-13,67.154.178.115,-1660152852,internet,18.13.6.214,-1406761958,-1571825590,-19513,-66
huawei,26,226057335797950,40705460616,2024-09-04 06-41-24,56.213.149.136,-1127023365,ims,7.59.115.145,-960105717,-648912100,-3477,-103
huawei,-60,226051233915550,40743601086,2024-09-04 06-42-26,203.35.24.128,-980156132,ims,189.184.101.177,1984467183,-1857528427,-10047,45
huawei,16,226058135538902,40768967551,2024-09-04 06-44-26,82.166.135.28,600255979,internet,253.219.4.5,-667158129,1217560741,-28836,-41
huawei,-63,226059176835223,40700351945,2024-09-04 06-42-21,189.166.36.59,-1299315972,ims,109.127.202.247,-554371580,-1546087933,-14,30
huawei,-89,226052067387951,40785954747,2024-09-04 06-41-25,196.168.188.205,-1415024698,ims,90.213.207.4,-561637150,52611579,21735,-103
huawei,-84,226052337181895,40761206761,2024-09-04 06-43-16,218.94.89.231,-2030615480,internet,232.246.46.188,-1897408838,519441160,-26627,79
huawei,78,226055876461358,40743610093,2024-09-04 06-44-44,207.202.72.13,-2060358521,internet,138.157.15.181,-295996276,-271223986,19682,101
huawei,112,226053322129352,40708359275,2024-09-04 06-40-33,47.121.246.118,-1070069746,internet,197.210.225.216,-611398160,-1071404232,-344,-44
huawei,22,226051585217850,40787783139,2024-09-04 06-40-53,124.63.131.87,377132544,internet,75.114.116.54,-1657280758,-610573359,29370,-18
huawei,59,226057308373101,40715166156,2024-09-04 06-42-08,249.5.47.40,1000198151,internet,197.85.169.221,-653032669,-547328604,-21775,25
huawei,116,226051566577464,40751443309,2024-09-04 06-43-34,230.121.126.50,611425555,internet,6.131.50.24,799882052,-1396047556,371,52
huawei,-61,226058272131602,40745722362,2024-09-04 06-42-17,251.168.47.244,1365932309,ims,254.220.24.241,-1873128478,-964465283,25526,-14
huawei,58,226057142007816,40751668604,2024-09-04 06-44-45,147.119.48.119,1948669904,internet,195.75.87.127,1161063336,-1355350818,-31829,-64
huawei,-20,226055020752148,40754299321,2024-09-04 06-41-09,147.155.189.176,-436968405,ims,211.29.64.222,-1001686949,-421635974,14576,91
huawei,-65,226050290778722,40716889229,2024-09-04 06-43-02,244.215.145.237,386451267,internet,98.39.168.161,2081702003,-1604114419,-820,85
huawei,-123,226052628008550,40725081690,2024-09-04 06-40-50,108.179.83.55,676180044,internet,74.76.221.90,1082453214,423824793,11643,-52
huawei,101,226052805497246,40786215169,2024-09-04 06-40-26,254.171.62.106,175284462,ims,124.244.199.19,1300806874,-805798313,15208,-100
huawei,37,226059536388531,40763914751,2024-09-04 06-43-21,7.5.86.156,-577366280,internet,136.7.25.225,-1165993784,-377352225,2345,26
huawei,43,226056180380727,40711849003,2024-09-04 06-40-18,161.160.153.77,787128701,internet,201.254.16.42,1387833734,-1385402854,-14187,121
huawei,30,226058701268121,40746459460,2024-09-04 06-41-02,240.147.107.112,-1040930567,ims,19.32.177.60,-1469899899,1637500505,25329,61
huawei,38,226059885205127,40757800318,2024-09-04 06-42-52,199.248.135.150,-708779440,ims,54.60.90.85,-1030111003,-545871908,-9751,-55
huawei,71,226055888716730,40783609128,2024-09-04 06-42-03,117.214.103.92,-1237177796,ims,161.30.128.157,-680619939,-662038308,-11676,-44
huawei,-30,226053148848203,40700010136,2024-09-04 06-42-32,123.73.7.228,1875829008,ims,37.213.54.119,-2012247392,138679581,2986,-101
huawei,43,226052450253891,40757732479,2024-09-04 06-44-34,144.179.85.55,-179349806,internet,74.140.165.217,-1051560397,925590148,7968,-120
huawei,-76,226050945288343,40709898719,2024-09-04 06-41-29,122.18.111.34,-1075116390,ims,230.83.195.128,186252824,-69247087,-22917,112
huawei,83,226050695868959,40757833293,2024-09-04 06-42-18,148.233.2.221,-225882620,internet,20.123.159.11,1771073620,265349664,25623,-35
huawei,-16,226058865900214,40767180972,2024-09-04 06-42-40,141.230.39.22,912409295,ims,43.8.172.84,-282027539,1600123762,14681,50
huawei,38,226055557505903,40726908580,2024-09-04 06-41-02,20.12.154.233,1176511865,ims,84.1.113.75,1561585823,263492880,20465,-1
huawei,-74,226058096416067,40793587126,2024-09-04 06-43-19,120.217.92.33,-1008800807,ims,236.81.253.88,738851319,-1437119188,-20316,49
huawei,-83,226055853224333,40774345316,2024-09-04 06-45-00,235.131.213.79,638648104,ims,231.224.10.120,-984564460,-477908141,-5150,43
huawei,-43,226053741113435,40718514650,2024-09-04 06-43-37,151.196.251.74,1117734217,internet,161.238.209.120,-1308682959,-530469938,-32696,43
huawei,79,226054276750132,40730075095,2024-09-04 06-45-01,223.35.234.41,-1250879366,internet,76.28.90.239,-1594542406,561352855,21004,120
huawei,-51,226050553093547,40769558265,2024-09-04 06-43-33,244.137.104.23,-619486279,internet,213.221.188.155,-2078519298,-1592654543,25630,-24
huawei,-114,226057201381542,40756471909,2024-09-04 06-41-41,33.64.186.136,16391504,internet,83.107.68.58,1630575315,1312867805,6512,26
huawei,-122,226058426819172,40738788887,2024-09-04 06-44-33,175.33.37.72,-921659956,ims,45.66.80.155,1529735749,-2019662065,-17152,118
huawei,-106,226053212196593,40793638690,2024-09-04 06-44-34,54.27.204.249,-1908303031,internet,148.241.39.6,23638126,658386478,-8873,-59
huawei,119,226052226917644,40768014767,2024-09-04 06-44-22,213.11.106.177,176528349,internet,92.154.179.114,-584232424,-1133955214,22113,-71
huawei,-1,226055442735388,40738267660,2024-09-04 06-40-52,17.64.236.162,-1930282842,ims,163.133.199.161,-1328961319,-335258568,-18196,46
huawei,86,226050701618398,40792549133,2024-09-04 06-41-37,248.16.140.205,687933516,internet,241.100.166.39,-482745684,-795623281,26836,-5
huawei,119,226053390226095,40738757851,2024-09-04 06-41-12,26.85.92.173,345016857,ims,7.12.210.43,49492890,1218943845,12159,-56
huawei,3,226050508989561,40735271942,2024-09-04 06-43-52,228.229.69.217,1020538732,internet,21.251.93.203,-1134616588,822474947,-30324,-17
huawei,45,226054468259878,40745636029,2024-09-04 06-41-54,176.95.78.92,241087520,internet,89.74.140.193,-1318334584,921210795,-25127,73
huawei,-8,226054111503949,40752106895,2024-09-04 06-44-41,59.126.193.247,-1981441910,ims,189.75.115.104,-140383934,1148869908,-15116,53
huawei,-85,226059321133666,40799908635,2024-09-04 06-40-41,5.218.102.139,-442757633,ims,212.146.84.43,1540044460,-601236058,-20352,-8
huawei,64,226052235890606,40791228856,2024-09-04 06-42-17,66.49.44.16,-1293168140,ims,111.0.151.195,-458500672,1593742768,15575,-83
huawei,95,226058470872561,40787806265,2024-09-04 06-41-38,65.250.74.155,-1681544138,ims,133.19.155.130,2083859155,-523406821,4842,77
huawei,-10,226056873545495,40735788216,2024-09-04 06-43-40,64.137.234.237,-677684288,ims,26.93.176.167,-1064157744,-375470927,-15333,-18
huawei,75,226055120375301,40757755377,2024-09-04 06-44-24,171.247.181.119,-1825557367,ims,114.136.90.45,-137829313,179707691,-17407,73
huawei,110,226050838539571,40728737684,2024-09-04 06-43-50,9.146.3.232,-1460425309,internet,15.137.246.242,-520003679,641886970,2922,62
huawei,-7,226052080133952,40701209949,2024-09-04 06-43-13,138.151.71.219,-422118398,internet,101.93.50.224,100775861,692952023,25156,116
huawei,29,226058873424475,40705249025,2024-09-04 06-43-40,1.194.234.168,-1840161083,internet,13.124.252.100,191376343,-719740262,14412,-47
huawei,95,226050066281412,40742156697,2024-09-04 06-42-00,132.213.116.247,939952948,ims,159.72.16.142,-598838984,1952374427,27799,-14
huawei,-45,226058905867041,40764100830,2024-09-04 06-44-24,218.247.29.143,937624626,ims,169.136.105.166,1156861775,-204519635,13230,116
huawei,50,226059472118826,40770867984,2024-09-04 06-40-08,199.87.198.243,519285123,ims,8.22.11.22,1798467567,-700629732,-30655,-32
huawei,-76,226059881115748,40721669556,2024-09-04 06-40-06,60.179.124.12,403461056,internet,154.222.211.98,-258183225,-1589508163,-6840,-66
huawei,24,226057833838611,40782234022,2024-09-04 06-43-32,87.124.89.11,1597271913,ims,221.235.67.191,1549567133,-847837158,28372,-2
huawei,0,226058685963635,40761372085,2024-09-04 06-44-53,26.131.222.250,-399231618,internet,218.14.148.239,-148686949,1957918497,-14408,-32
huawei,-12,226058946486743,40720646126,2024-09-04 06-43-39,76.244.154.197,416779520,ims,96.207.99.255,535702977,1433574201,-18221,-67
huawei,8,226058757136323,40779005351,2024-09-04 06-44-48,105.72.192.12,1154820497,internet,246.37.22.75,1527779500,1786050165,25262,-113
huawei,-89,226053155316324,40781439190,2024-09-04 06-40-46,176.93.240.55,-1539673085,internet,31.72.222.169,-487948367,2002788457,16512,118
huawei,106,226052592041893,40715274393,2024-09-04 06-40-47,14.201.255.15,1004511760,ims,6.165.87.123,1846281902,1576852621,26401,120
huawei,-97,226052091903274,40782744208,2024-09-04 06-40-37,69.153.100.197,-1301277979,ims,73.157.58.152,-1134056045,-2092917801,-516,102
huawei,-72,226056158466856,40790196133,2024-09-04 06-43-15,15.194.182.232,-943508504,ims,162.202.171.197,2143155628,26459281,15670,8
huawei,67,226055644331015,40754887656,2024-09-04 06-41-57,216.156.37.5,140967428,internet,84.131.49.200,1408219763,-736086477,-23891,-11
huawei,-10,226055347001531,40724039470,2024-09-04 06-40-33,224.215.144.174,-573870694,internet,255.74.248.234,-2052971087,2011063481,13062,-81
huawei,-64,226055854191893,40792204561,2024-09-04 06-41-49,134.104.115.18,-2105802016,internet,68.94.53.244,2043528971,694082540,22516,-18
huawei,-8,226051054745038,40736530612,2024-09-04 06-42-42,137.247.149.237,1711516836,internet,76.164.85.163,577843582,-1424649820,4482,-29
huawei,85,226052828391941,40762303967,2024-09-04 06-44-43,45.86.50.122,-433989413,internet,169.42.199.56,-1678916641,-223211090,13400,115
huawei,104,226051124288112,40728630625,2024-09-04 06-44-54,23.250.115.71,-413034336,ims,75.75.90.20,1011715921,159605261,30099,112
huawei,105,226050603242317,40757165691,2024-09-04 06-44-04,214.255.227.253,1742917095,internet,99.93.72.204,336836793,-2033631422,-1349,97
huawei,-49,226059580240902,40711250156,2024-09-04 06-44-03,254.118.54.218,950011491,ims,77.218.251.191,-564276058,584686941,31293,13
huawei,85,226059078543889,40784111514,2024-09-04 06-43-11,106.129.73.254,2051644258,ims,49.125.200.182,1165633103,1674687483,-12345,-79
huawei,-11,226058834440952,40715184218,2024-09-04 06-40-34,82.86.141.117,1670662535,ims,84.89.147.106,-1680335682,1207169248,10421,-117
huawei,-124,226053539597867,40714081677,2024-09-04 06-43-16,49.61.38.3,460777815,ims,189.201.123.251,-423799054,-677451984,7680,2
huawei,46,226059778291483,40780281376,2024-09-04 06-44-04,159.120.134.74,-843476614,internet,43.62.81.226,979473288,-492455440,-16924,98
huawei,24,226058695220224,40791239767,2024-09-04 06-41-10,10.22.174.152,1579463056,ims,143.4.200.89,1030397262,-2108636854,-11426,16
huawei,-36,226051498000268,40710513758,2024-09-04 06-43-35,141.20.45.132,1974696031,internet,40.5.46.110,-666948803,330882369,27439,-57
huawei,52,226056317265329,40731173570,2024-09-04 06-45-01,221.245.44.236,-1785490552,ims,42.74.249.1,1788553117,167156781,-8423,-77
huawei,96,226058332141714,40712682195,2024-09-04 06-44-48,118.102.6.185,1135518885,ims,156.99.95.227,-1292555854,-1243082206,7876,-98
huawei,79,226051588865994,40793850102,2024-09-04 06-40-41,91.143.126.220,-570287977,ims,18.180.228.198,-922981276,1853612257,12890,103
huawei,90,226053902747011,40757536474,2024-09-04 06-41-31,113.32.80.155,2110395623,ims,210.100.253.78,241343580,2058505311,2449,109
huawei,45,226055136014478,40790190761,2024-09-04 06-41-04,255.53.166.44,699507257,internet,156.35.54.255,-1486336037,1205491289,-30741,117
huawei,21,226051376044147,40718553050,2024-09-04 06-41-59,16.5.160.27,-47751930,internet,200.236.35.132,-1891561290,-717006450,8126,119
huawei,64,226050839789190,40752772031,2024-09-04 06-41-50,166.131.213.101,-25116980,internet,201.68.225.101,-905712664,664280908,-11766,-115
huawei,18,226054063878940,40734966945,2024-09-04 06-40-04,31.74.78.213,-1493606306,internet,95.89.104.33,1128732112,154421500,12267,121
huawei,-107,226059907997586,40715010816,2024-09-04 06-41-01,109.248.59.228,180159183,ims,116.253.139.155,-1158185491,1903671729,19563,83
huawei,3,226058821487767,40748394417,2024-09-04 06-42-01,19.84.16.208,-803293146,internet,251.252.230.58,755737483,1589887867,11053,62
huawei,-54,226050418788052,40733742559,2024-09-04 06-42-32,93.164.76.19,-431309729,internet,17.108.43.78,802542513,-1663075759,-10699,113
huawei,37,226053236898005,40797460552,2024-09-04 06-42-38,67.245.127.83,-400567543,internet,183.120.11.134,-985948110,-1920346237,4380,103
huawei,125,226057968235548,40713841822,2024-09-04 06-41-14,126.252.13.100,1908757752,ims,200.173.19.228,-2146085705,-717533362,27792,-128
huawei,-119,226051382024058,40777224883,2024-09-04 06-43-57,182.35.22.48,542815769,internet,48.213.158.155,782131128,-1474512206,-3599,-103
huawei,-9,226059652363642,40719374338,2024-09-04 06-42-46,204.119.102.192,197573060,ims,66.126.117.214,485618834,760890091,24980,87
huawei,24,226056988524102,40784210470,2024-09-04 06-40-54,74.130.241.83,941508202,ims,36.126.68.244,885936533,-1781259519,-14244,-94
huawei,43,226051062684384,40770554154,2024-09-04 06-43-34,184.119.137.63,-2116910905,ims,210.237.131.245,-421987903,-1838287947,-7,-90
huawei,104,226053306699140,40797159664,2024-09-04 06-41-57,250.232.170.225,-238486340,internet,99.6.83.82,-2064749978,1559138783,24708,124
huawei,-25,226055134568157,40762516839,2024-09-04 06-44-15,86.134.249.199,1747266420,ims,38.119.148.81,-1138503697,1543628461,24622,-8
huawei,-16,226058287833558,40708762738,2024-09-04 06-43-32,254.214.42.148,662788077,ims,252.105.181.235,-1812231443,1434281344,27276,-108
huawei,114,226059117311185,40758263518,2024-09-04 06-40-07,127.56.18.231,-248241715,ims,201.141.40.132,-1494825617,-947153265,2792,-126
huawei,-59,226051897715520,40757380465,2024-09-04 06-40-03,229.138.156.199,-517520558,ims,8.231.247.165,1090399227,1190026567,9698,-56
huawei,-46,226051340059806,40775569243,2024-09-04 06-40-37,243.27.171.195,2077586665,internet,139.60.82.131,-615695725,2140909902,1645,115
huawei,-126,226056742838392,40767524471,2024-09-04 06-43-13,239.138.15.235,1193528177,internet,1.31.16.218,-871819135,1678855974,22393,-125
huawei,-35,226056399122955,40729451094,2024-09-04 06-40-32,18.145.209.55,-261801830,internet,200.35.200.127,456107013,-2008624592,22505,78
huawei,113,226056526971752,40751231536,2024-09-04 06-43-24,8.116.225.248,2141001042,internet,133.42.226.159,-1015256170,-819397997,19222,-68
huawei,-43,226059673553098,40705736335,2024-09-04 06-41-50,68.191.128.136,-1592302350,internet,92.205.106.185,-605191509,-930913331,-15298,49
huawei,-123,226059295378192,40712438777,2024-09-04 06-43-29,211.211.207.43,955281474,internet,64.26.150.233,-613212264,-86839483,28769,22
huawei,18,226055232953585,40724515516,2024-09-04 06-44-16,132.165.115.139,-1754271933,ims,38.7.23.30,-416744790,-1248912372,26769,111
huawei,47,226051707261006,40700232747,2024-09-04 06-40-39,240.204.249.134,468104156,ims,60.195.121.250,-999156168,2092843425,14496,-91
huawei,71,226056189785862,40712401329,2024-09-04 06-41-42,54.114.127.246,-298309910,internet,248.214.195.25,-488843133,1690752909,6089,-44
huawei,13,226054434748313,40762190092,2024-09-04 06-41-55,144.236.123.122,-1551211107,ims,20.43.209.43,-593326526,897257730,360,28
huawei,14,226053327222536,40740472888,2024-09-04 06-41-53,237.49.5.231,-1010297857,internet,197.166.255.160,-1896128398,132770242,25367,-61
huawei,-113,226056149208921,40731700305,2024-09-04 06-40-50,157.237.61.122,1574007591,internet,121.50.8.31,1952402066,-797032050,21621,66
huawei,72,226051614597776,40722467122,2024-09-04 06-42-05,141.3.183.45,-1288680173,internet,13.218.123.161,-504282970,-1584995224,-17750,100
huawei,-43,226059331517100,40755240972,2024-09-04 06-43-37,69.39.244.123,-933289553,ims,173.158.61.239,805021736,-593856485,773,100
huawei,-24,226052581356864,40788098443,2024-09-04 06-44-21,74.146.252.53,1329047590,ims,109.165.96.1,-778363534,-760797552,-24783,-124
huawei,16,226056739484490,40745701459,2024-09-04 06-41-20,87.217.132.196,-1346691775,ims,252.14.251.122,333348142,760344900,-9621,-87
huawei,35,226052051918829,40753363267,2024-09-04 06-41-13,47.144.5.168,347027138,ims,24.66.28.236,-1204856342,-730360116,-24650,-51
huawei,122,226052890814547,40713717532,2024-09-04 06-43-26,128.71.48.171,-1395959709,ims,206.28.84.129,-1488730544,-726849583,9543,127
huawei,21,226052788281637,40794808994,2024-09-04 06-40-01,210.81.188.216,-822605281,internet,26.71.32.21,2089929789,-958988812,20085,102
huawei,100,226052377073314,40742938071,2024-09-04 06-41-13,165.134.108.33,-532048219,ims,37.250.233.66,-1036755326,959459712,29725,-76
huawei,89,226052239627755,40708271647,2024-09-04 06-43-24,49.125.62.166,-1567950454,ims,150.101.245.173,1620524226,484056745,-16074,102
huawei,35,226050303989418,40793346915,2024-09-04 06-41-36,158.84.23.144,1623467381,internet,190.44.115.14,199415177,-2004632012,-2744,54
huawei,-128,226055491104997,40721712557,2024-09-04 06-43-11,37.38.65.2,-1750667999,ims,96.229.151.40,1472675403,1340920958,3131,4
huawei,-59,226057923666182,40757343908,2024-09-04 06-40-14,150.249.19.50,-631798201,ims,180.151.198.244,1790672724,-2114299805,32105,124
huawei,-19,226051282380290,40748672056,2024-09-04 06-40-06,106.32.25.58,-26667450,ims,18.29.237.180,1011169765,1600808950,10090,-87
huawei,-116,226051142318615,40749140456,2024-09-04 06-43-27,196.228.57.61,1239174851,internet,53.82.215.160,-1663569986,-718389469,-22975,71
huawei,-55,226054613480894,40740954677,2024-09-04 06-43-54,103.85.48.220,1040796346,internet,200.65.70.9,-1403952660,1944158314,-19440,89
huawei,-27,226058329779082,40720652399,2024-09-04 06-40-25,75.216.218.100,1064150842,ims,145.248.171.203,-607197663,366365263,10989,-103
huawei,40,226052951418612,40760323897,2024-09-04 06-43-27,3.188.121.110,1586779179,ims,84.140.31.99,-2060422860,933839644,15165,33
huawei,-7,226053935414016,40740223267,2024-09-04 06-42-51,45.137.123.96,1467472005,ims,163.148.110.17,-974964787,971259862,6770,-4
huawei,94,226053478242145,40725753855,2024-09-04 06-41-40,180.78.140.73,-307858769,internet,46.4.96.111,-1564168262,1907918814,11060,91
huawei,-89,226054400425851,40784129448,2024-09-04 06-44-09,7.127.49.88,-1824351503,ims,98.194.203.111,-338908844,-627513930,-10014,-85
huawei,78,226050007160097,40737953581,2024-09-04 06-41-22,236.38.148.18,1057421660,internet,91.153.52.116,861522618,-152728334,-28494,-123
huawei,-81,226059228472809,40709436538,2024-09-04 06-44-13,165.195.48.96,-1768719067,ims,243.223.53.49,558844281,988293192,11802,119
huawei,103,226058582141722,40754425136,2024-09-04 06-43-41,185.148.24.57,671524977,ims,30.60.202.10,1014887404,-1594123854,-17411,-113
huawei,-126,226055166613420,40717909280,2024-09-04 06-42-35,156.200.229.139,-499804933,ims,137.204.221.91,-1454651816,1075629125,12586,-128
huawei,-57,226052357053783,40713337974,2024-09-04 06-44-19,75.40.91.212,1742128223,ims,69.138.197.172,-1092965973,-1177168624,-12434,73
huawei,-119,226050763181115,40734139932,2024-09-04 06-44-23,176.42.129.182,1091004043,internet,139.129.182.82,-752604240,1491543765,-15933,-2
huawei,122,226057372384985,40776686630,2024-09-04 06-43-01,15.201.26.50,-1436855679,ims,214.115.72.45,1529630738,-904242506,3729,-112
huawei,100,226050457780659,40785272235,2024-09-04 06-43-23,59.92.222.97,1411425551,internet,136.254.25.86,-1599196387,459104737,26725,-81
huawei,-116,226053487831940,40743119872,2024-09-04 06-40-58,52.247.255.198,1814541385,ims,186.234.173.227,42765592,-521117238,16754,65
huawei,44,226058167901957,40735097431,2024-09-04 06-40-04,182.54.209.193,-1896636499,internet,222.224.38.73,-1828841990,-1092100226,13008,-84
huawei,122,226056046282436,40787831501,2024-09-04 06-42-26,95.57.44.4,986403359,ims,31.61.94.118,-1645832455,1042551683,-5782,43
huawei,-46,226057665232762,40787340365,2024-09-04 06-41-58,79.51.91.217,1812192542,internet,19.130.199.203,2132318224,1019857429,-19378,65
huawei,17,226057892203277,40778891721,2024-09-04 06-43-20,0.175.237.114,-1402875795,ims,81.91.76.240,-1483091007,-1940432970,-22065,41
huawei,89,226058252710597,40791500744,2024-09-04 06-41-25,202.69.51.234,-1320487464,ims,70.123.31.122,229635274,1426125804,31668,-72
huawei,83,226051416526996,40782864053,2024-09-04 06-41-43,149.65.231.122,-1130726609,internet,13.152.131.53,673943433,1169308805,8773,-25
huawei,-59,226051868286504,40797370302,2024-09-04 06-40-18,215.163.27.174,-1824376830,ims,199.140.250.123,-1845218738,-974844707,32030,-122
huawei,10,226055933093680,40737341285,2024-09-04 06-44-34,228.101.6.159,784807412,internet,228.133.251.133,-1922521662,-947460998,-3147,-4
huawei,-69,226058022849756,40738139463,2024-09-04 06-41-52,205.50.68.199,-1963850744,internet,140.226.7.161,1157548543,-408330484,-8371,-128
huawei,6,226055467758735,40787882234,2024-09-04 06-43-50,225.150.3.37,-942145885,ims,86.107.142.109,98686755,-27792710,-14903,29
huawei,47,226052102010746,40705722791,2024-09-04 06-41-31,218.13.49.69,-1999222891,internet,184.66.133.59,946954800,-766747326,14746,104
huawei,21,226059817865832,40752258714,2024-09-04 06-42-14,11.61.216.121,460101267,internet,6.33.8.9,1507671342,-929256290,-24787,-40
huawei,-33,226055081925815,40776211956,2024-09-04 06-43-07,231.141.238.221,-7882937,ims,48.227.49.95,-2069541071,1668643651,22166,-64
huawei,-91,226055907331530,40776184216,2024-09-04 06-40-06,119.196.14.126,-1046274636,ims,40.219.206.82,-1184967336,-1309425804,-10714,54
huawei,75,226054479063426,40724517117,2024-09-04 06-41-40,158.218.131.81,1770449883,ims,142.183.49.94,-326058480,-592225401,-20344,-45
huawei,75,226052332661737,40799959047,2024-09-04 06-42-19,230.80.172.32,-1513580101,ims,83.217.183.169,-2121572591,1453822539,-27858,22
huawei,8,226053324527484,40724492981,2024-09-04 06-41-22,101.75.227.38,-2055211606,ims,211.241.63.6,215757825,2067123942,27635,119
huawei,74,226053098425138,40797255830,2024-09-04 06-40-18,35.24.227.52,1188784208,ims,223.122.110.19,-509080473,-1167125961,21362,121
huawei,-72,226051522392711,40796706422,2024-09-04 06-43-40,234.170.19.135,1851101130,ims,24.182.171.220,206781794,-865172355,-11134,-40
huawei,-54,226053265419423,40722757357,2024-09-04 06-43-58,178.197.85.178,-8011710,internet,31.79.210.95,-1305307754,1117329361,-326,29
huawei,37,226050318314935,40704722936,2024-09-04 06-41-23,117.146.33.195,1232684498,ims,89.161.235.121,-375475403,524019080,-13402,63
huawei,-78,226053409529993,40752873199,2024-09-04 06-43-36,221.3.33.16,-406026766,ims,9.209.8.221,1573576895,-819950119,-28554,-71
huawei,-102,226057261648185,40764262837,2024-09-04 06-43-48,186.36.219.49,1086458985,internet,192.254.86.126,291102872,-933014816,-23340,-8
huawei,12,226053224747529,40703227489,2024-09-04 06-40-33,188.164.254.30,-29931386,internet,22.248.44.246,-875852116,1854126187,31184,26
huawei,-8,226053841420486,40707672005,2024-09-04 06-43-38,255.221.17.151,-1499100161,internet,191.238.176.73,-261969370,987974178,18163,-71
huawei,120,226058570838915,40765228425,2024-09-04 06-40-36,165.3.81.80,-208571998,internet,67.21.133.196,348333226,-528333081,5401,-39
huawei,117,226052572518781,40719901767,2024-09-04 06-42-59,148.38.76.21,-736894830,ims,219.231.53.111,1891438441,1871053575,24755,95
huawei,97,226056729703013,40725713025,2024-09-04 06-44-51,180.243.67.161,1082848813,internet,13.6.89.252,546298167,1459990254,-18437,-83
huawei,94,226051203359490,40728099398,2024-09-04 06-42-40,221.247.208.219,-1134758362,ims,63.33.94.13,1954203125,556005196,-26969,5
huawei,-47,226057342981326,40729163802,2024-09-04 06-44-21,53.25.99.230,-1737989483,ims,52.73.178.172,1097619029,-1774852926,32580,-16
huawei,96,226050472984422,40703268166,2024-09-04 06-44-25,97.15.194.16,-1639084001,ims,187.35.134.204,-684191295,-1259417745,26234,45
huawei,101,226059872728505,40746369104,2024-09-04 06-42-27,216.2.76.248,-799302682,ims,91.176.57.200,-1801674933,432705549,-6945,-90
huawei,33,226053317684333,40769635287,2024-09-04 06-44-59,12.105.192.59,812546720,internet,188.11.226.99,-1256963341,272376699,-4924,-35
huawei,11,226058419814419,40731557399,2024-09-04 06-40-10,48.247.251.215,-2064682004,internet,144.47.162.75,734810014,-1693177405,-28680,-81
huawei,49,226051278205172,40733080237,2024-09-04 06-42-28,180.132.23.200,-1428072464,internet,97.147.254.224,-1880908983,957736234,-9222,18
huawei,-4,226053907113069,40758303359,2024-09-04 06-44-06,31.2.133.80,-745278721,ims,10.46.168.208,1210926539,-432956773,-7078,-33
huawei,123,226057002646454,40776068399,2024-09-04 06-44-12,138.60.158.183,1046545820,ims,99.130.153.240,-1026832256,-1567814408,15627,-75
huawei,-64,226050738605314,40751281043,2024-09-04 06-43-56,62.237.208.84,-1939114756,internet,173.61.48.226,-835960505,-815433629,4257,84
huawei,111,226059535307605,40762807018,2024-09-04 06-42-50,158.235.8.233,1574997554,internet,1.90.174.93,-5449103,-1855356992,-23666,19
huawei,-59,226052498359306,40729192701,2024-09-04 06-42-28,167.172.164.67,-935593299,internet,138.102.222.223,1293805637,-2098378301,17257,-41
huawei,-1,226056009185959,40736303136,2024-09-04 06-42-54,172.146.31.238,-1638252556,internet,202.224.167.6,-2033731894,-1770055417,-150,-7
huawei,-64,226059776012128,40758559668,2024-09-04 06-40-57,92.222.151.101,-377491433,ims,159.165.165.172,492612830,-430732356,24954,115
huawei,-87,226050208026539,40796002214,2024-09-04 06-43-03,15.234.36.74,-1807763207,internet,41.130.10.249,-336595977,1208913722,-28303,-61
huawei,100,226055442174723,40724977319,2024-09-04 06-42-53,137.54.140.117,-1839685127,ims,196.61.114.255,-1744101142,-1084105844,3827,94
huawei,114,226052467970409,40717748594,2024-09-04 06-43-40,204.231.51.82,-2122165674,internet,116.69.189.150,-1472092588,-754840666,26001,-48
huawei,-60,226055491134987,40795938258,2024-09-04 06-44-09,202.217.236.141,-202140648,ims,5.86.136.98,2116171527,1344893152,-18388,9
huawei,119,226055985349280,40742205540,2024-09-04 06-40-12,236.218.183.86,1524968617,ims,34.237.187.13,-364186877,-343695089,15607,-64
huawei,27,226051775554456,40725200693,2024-09-04 06-44-49,118.62.173.131,1676602901,internet,109.87.177.89,1290565185,1220717415,11306,123
huawei,117,226052943396719,40764319941,2024-09-04 06-45-01,72.60.189.7,-932467921,ims,198.223.149.45,-1051451958,439039219,-6699,36
huawei,103,226051950979057,40790165488,2024-09-04 06-44-24,122.236.253.193,-1743269093,ims,151.58.119.78,1958723164,257931764,-15826,118
huawei,44,226055458707858,40705104211,2024-09-04 06-44-49,27.103.237.176,-393284923,internet,192.131.201.77,-1899093539,586447615,958,-96
huawei,60,226050896610061,40718148409,2024-09-04 06-41-21,230.255.119.210,-1099929601,internet,176.142.22.221,-1316529171,-758139126,12509,-112
huawei,60,226057410009380,40753740856,2024-09-04 06-41-55,123.196.223.164,1237415059,ims,42.180.172.25,125000865,-1125046637,982,-4
huawei,101,226055956176078,40784393529,2024-09-04 06-41-27,59.90.206.85,2053370888,internet,2.220.180.76,-2008990564,864216426,27467,46
huawei,67,226059421516770,40722476829,2024-09-04 06-41-47,172.114.5.130,1572894473,ims,188.14.105.8,1363604232,-1869745411,18565,50
huawei,-54,226059934921165,40740328731,2024-09-04 06-42-13,27.253.154.74,-1499459277,ims,0.85.253.145,-644770168,458902826,-18012,-96
huawei,-110,226058613819914,40711696187,2024-09-04 06-45-00,63.193.42.185,-746394793,internet,3.36.103.102,-1725651810,-1558073497,-27262,15
huawei,-18,226056790731096,40731305562,2024-09-04 06-44-32,80.183.144.74,1765358239,internet,35.233.196.88,-2125989231,-1747797056,20094,87
huawei,60,226056735083869,40718671714,2024-09-04 06-43-53,182.194.74.1,1064869800,ims,215.76.53.222,-1862444712,2075833199,14563,-90
huawei,92,226059447885872,40714512543,2024-09-04 06-41-03,9.37.29.213,1377774190,internet,124.196.234.119,-1961371173,1464769987,-29323,-10
huawei,-126,226054109632748,40700228210,2024-09-04 06-40-04,181.128.30.84,-470443682,internet,31.89.17.73,1929222801,1874395529,-731,81
huawei,-108,226059809662396,40744078801,2024-09-04 06-42-18,0.105.74.78,1904261168,internet,185.246.224.67,458798905,-2085651231,-12163,0
huawei,-19,226050864094332,40775604216,2024-09-04 06-40-18,14.184.56.150,-1403376968,ims,55.40.149.97,-1120239706,511266449,27677,-72
huawei,42,226056288461787,40762587603,2024-09-04 06-43-23,184.111.209.215,-1044763246,internet,103.9.236.21,-1647414394,1079817132,-13254,88
huawei,80,226058242470483,40762015933,2024-09-04 06-42-39,161.20.143.23,724291175,internet,3.181.178.153,-787198264,-1210899816,-24092,-6
huawei,38,226057693469819,40774739268,2024-09-04 06-41-39,160.180.69.13,-895104789,internet,101.144.37.27,1535935928,1347822526,29222,89
huawei,48,226054222104518,40731301215,2024-09-04 06-40-44,145.98.19.86,-200451530,internet,242.63.204.62,1980565920,-790397929,8063,75
huawei,114,226055782804963,40710974419,2024-09-04 06-40-40,255.160.152.120,-352034710,internet,215.98.44.223,1118553076,-856659325,20760,59
huawei,-118,226057967642054,40768969275,2024-09-04 06-43-01,216.56.55.149,-194071192,internet,194.80.60.126,-1776015412,-1460013717,-29855,36
huawei,-68,226059678477731,40708711779,2024-09-04 06-40-02,201.36.220.79,1515682405,ims,252.119.29.100,-1581854339,1242126566,-14585,-34
huawei,-38,226057349395524,40725031450,2024-09-04 06-44-25,189.252.128.164,944895971,ims,118.155.120.240,329109338,964854945,21186,71
huawei,-128,226050287065198,40795041480,2024-09-04 06-40-49,155.196.247.38,532436975,internet,137.162.0.195,-261821821,-847963477,-31854,-14
huawei,-67,226056042438809,40757351512,2024-09-04 06-44-57,233.232.4.108,-287055288,ims,243.193.245.91,-1885701100,15993320,-20592,-41
huawei,-76,226051782383777,40723589134,2024-09-04 06-41-25,34.17.222.212,529571271,ims,22.84.169.57,1452433423,2143531318,30102,86
huawei,-108,226052880939817,40720158864,2024-09-04 06-40-42,154.41.0.235,-38612746,internet,81.20.152.19,-1296742073,701054812,12869,-10
huawei,-12,226058444940243,40741506238,2024-09-04 06-42-14,174.134.91.253,-2000732760,ims,3.159.119.238,-1240950870,-1825539722,-2395,-43
huawei,-63,226051818098836,40703151272,2024-09-04 06-43-26,101.102.54.229,-503679087,ims,126.172.142.91,1139362617,1134746673,30303,-64
huawei,22,226054222307500,40794088645,2024-09-04 06-44-23,252.101.143.153,-1095527962,internet,128.248.101.80,1228067370,1789035047,-24071,98
huawei,105,226052731669312,40716971372,2024-09-04 06-42-25,88.157.32.187,-223382824,ims,38.137.92.176,1330348473,1645929536,1669,91
huawei,66,226051767505356,40722615992,2024-09-04 06-44-15,207.67.77.82,-1366596378,ims,89.57.215.222,1712062997,202211180,-15194,-8
huawei,104,226058439628966,40703868455,2024-09-04 06-41-46,224.5.151.136,-92948730,ims,114.247.216.223,-20344301,-1636726924,15422,9
huawei,-12,226056304878633,40758659916,2024-09-04 06-44-58,235.2.104.162,-1747340885,internet,69.202.4.200,1330719022,-1187336106,-21743,56
huawei,24,226050979036275,40728263838,2024-09-04 06-44-24,160.135.130.51,-331228701,internet,58.131.53.1,413637265,-1114726172,17335,108
huawei,-10,226058303477649,40731950707,2024-09-04 06-43-13,23.209.244.89,1164930116,ims,159.20.187.47,926293522,-738414061,-8209,51
huawei,-25,226052654199269,40768193520,2024-09-04 06-41-51,67.204.145.105,-1141025003,ims,221.182.71.155,-996118918,799401771,-31312,14
huawei,-44,226053821864816,40788276782,2024-09-04 06-40-09,125.225.179.175,1631579332,ims,88.136.128.55,-1086909848,-1812419886,4529,-123
huawei,87,226058627581900,40792519408,2024-09-04 06-44-20,212.16.82.196,-1873441391,internet,95.243.172.239,182474217,-1175488830,11120,48
huawei,56,226058240956821,40791837014,2024-09-04 06-40-47,200.76.0.118,-144535894,internet,126.190.123.203,-1827444429,10534015,22394,89
huawei,-53,226059685597319,40715147179,2024-09-04 06-44-12,47.131.118.167,1495037879,ims,102.217.9.16,-1582610081,586286454,-30441,34
huawei,-9,226053291901838,40746308950,2024-09-04 06-41-20,59.100.107.91,-2081512072,internet,218.83.127.73,-336375474,124379652,-11695,114
huawei,19,226054017972952,40713350112,2024-09-04 06-40-24,199.251.213.230,597534110,ims,33.153.128.43,-437057771,-1886566817,27666,17
huawei,119,226054259101677,40713068599,2024-09-04 06-41-51,169.115.66.107,1617368175,internet,122.170.14.80,585268229,-832419496,-10836,98
huawei,-23,226059002336886,40797944274,2024-09-04 06-41-37,173.57.30.146,-1539597710,internet,180.82.174.5,1015117082,1323673851,-29308,69
huawei,9,226053344202094,40786953289,2024-09-04 06-41-01,181.141.32.41,1521112943,ims,199.42.208.39,520595703,-137549320,-9148,-42
huawei,-116,226051924996790,40759902441,2024-09-04 06-43-40,60.250.159.112,1167587719,ims,97.218.139.250,1951035934,-1129186910,-8005,47
huawei,-70,226053685231411,40724308546,2024-09-04 06-42-17,67.241.78.42,867154991,ims,13.221.197.148,-1361087932,1526921096,-18897,16
huawei,10,226054643187601,40754235568,2024-09-04 06-44-36,36.41.255.81,-1257478183,ims,196.109.116.54,-2099095424,-1558726530,23409,7
huawei,40,226059074228222,40776813396,2024-09-04 06-43-25,232.144.25.192,1323253452,internet,107.49.184.140,-1105252714,-1923184688,190,92
huawei,14,226054649842402,40793302905,2024-09-04 06-43-06,37.249.8.237,2131562650,ims,151.165.248.148,-1653772920,1403705858,5422,-7
huawei,112,226052346576187,40783221503,2024-09-04 06-44-48,252.118.121.193,-1735131860,ims,222.136.114.216,477832714,1594815005,19651,-5
huawei,-19,226054140024846,40734562030,2024-09-04 06-44-37,19.189.180.119,-1383268030,internet,56.16.170.115,511216249,1417530665,-23639,-69
huawei,22,226056208064693,40734967760,2024-09-04 06-42-48,153.117.171.48,796746017,internet,236.3.148.249,722089789,-82928918,-11622,13
huawei,-110,226057786761860,40707826575,2024-09-04 06-40-30,117.226.135.106,-20828638,internet,180.245.148.7,-1722679095,1381247346,-9806,-26
huawei,103,226056412538067,40777394799,2024-09-04 06-40-33,76.181.70.245,-126511583,ims,224.26.67.116,-1232258752,42279397,26108,42
huawei,115,226057829583850,40775224506,2024-09-04 06-43-01,55.85.129.93,751712923,internet,39.196.165.10,-1987852964,-1700477114,9742,66
huawei,-35,226057407055352,40755027881,2024-09-04 06-43-10,87.27.166.187,1755829113,ims,144.226.231.105,-533076211,1759900422,6956,30
huawei,-28,226058186686945,40714594323,2024-09-04 06-44-50,251.207.52.188,803714370,ims,103.83.54.143,1427082197,700329598,5295,-11
huawei,-120,226052582951842,40716760345,2024-09-04 06-42-19,178.159.224.189,500341149,ims,111.27.185.252,134603366,2140294754,28130,9
huawei,116,226052562589837,40732287162,2024-09-04 06-41-57,198.247.14.176,-2087465702,ims,146.130.147.52,-423441729,-1241260313,-2019,37
huawei,-7,226056778869647,40788739152,2024-09-04 06-40-44,211.223.86.168,-507262158,ims,108.47.89.141,435192767,582926628,-31777,-35
huawei,-55,226058720681845,40723222411,2024-09-04 06-41-37,160.122.53.218,-1492489580,internet,12.168.100.162,341117083,1150934522,-4738,-72
huawei,-73,226055933871484,40782796956,2024-09-04 06-40-39,216.6.230.109,2031813014,ims,19.62.27.136,-1037843587,-2116699295,-32200,-100
huawei,-44,226053455087110,40790344523,2024-09-04 06-42-44,39.231.60.37,-947320940,internet,26.153.130.126,1401609758,-360674861,-14667,-52
huawei,20,226055696855749,40707978768,2024-09-04 06-43-20,24.58.153.197,277126984,internet,72.140.85.149,-1595457345,1988013590,29778,-92
huawei,99,226054484557379,40756494304,2024-09-04 06-42-34,30.132.248.165,-818644044,ims,39.148.131.221,734791539,-787086426,14637,-72
huawei,-110,226054548869083,40785685117,2024-09-04 06-44-31,236.212.136.187,-87848455,ims,111.42.192.229,-1247135754,-792932799,-7737,59
huawei,-90,226053312187566,40781390971,2024-09-04 06-43-49,3.188.208.112,-502691612,internet,146.70.184.192,-1621904584,249667445,-5385,-75
huawei,-76,226050847750780,40776406869,2024-09-04 06-44-00,214.65.202.138,-590628379,internet,49.174.136.188,1620940858,153882947,-30917,55
huawei,83,226053640651951,40792894034,2024-09-04 06-41-05,148.182.14.98,557477044,ims,45.64.243.165,1497913545,985077490,356,-123
huawei,-5,226057590877208,40793502687,2024-09-04 06-42-23,1.52.239.217,-723446939,internet,185.165.16.23,863327480,561425614,32011,-118
huawei,4,226056118924108,40765275851,2024-09-04 06-44-46,125.146.44.159,-982692483,internet,83.115.153.220,1981025687,-64411365,5165,50
huawei,68,226052559621572,40705115707,2024-09-04 06-42-05,199.205.191.102,-149093458,ims,202.71.73.101,-2018827280,-42097153,11150,17
huawei,-37,226058248828921,40770477128,2024-09-04 06-44-00,142.99.140.236,2111953342,internet,77.81.191.75,150754507,-426098289,979,109
huawei,3,226059047831968,40777614776,2024-09-04 06-40-27,111.245.183.85,-101609982,ims,250.255.249.7,1700554776,-380843082,5938,5
huawei,-85,226055799392499,40728166648,2024-09-04 06-43-49,148.217.53.123,-1892372776,ims,250.52.78.165,1847326594,-413980480,27154,80
huawei,-33,226058754146305,40763754306,2024-09-04 06-43-22,212.233.118.154,-1535744459,internet,113.229.29.192,-1388494426,633641379,16029,92
huawei,-122,226058288973366,40768499508,2024-09-04 06-41-53,36.74.128.241,14749532,internet,252.92.110.106,-577219223,-243647585,41,-102
huawei,-44,226053032630409,40711148638,2024-09-04 06-43-36,209.188.203.222,1655141041,ims,60.244.158.81,1966388800,694166739,-19399,34
huawei,110,226058774978012,40785169958,2024-09-04 06-43-46,153.19.80.61,-794522887,internet,57.96.62.77,-2066646001,-152564292,13357,46
huawei,100,226051811494152,40734708038,2024-09-04 06-44-04,232.236.101.31,-1742495421,internet,97.165.154.239,-1150213602,-68876538,-21843,120
huawei,82,226050994790244,40721103676,2024-09-04 06-40-56,206.43.138.169,-964704182,ims,193.246.129.144,-1174931459,1515730871,18835,78
huawei,-94,226054355768334,40733078755,2024-09-04 06-44-49,112.184.0.189,1411467953,ims,13.231.146.22,-255284748,1731107658,-3984,-75
huawei,51,226051270034784,40706633035,2024-09-04 06-44-43,240.15.78.135,-922328866,ims,192.113.35.188,-1926610412,-1506729929,-7904,112
huawei,-67,226050747614128,40791634297,2024-09-04 06-44-32,8.182.172.53,-611465807,ims,206.14.60.115,-910635974,-1608779901,-930,-69
huawei,57,226050400673231,40760349060,2024-09-04 06-40-31,228.188.123.30,972858177,internet,11.46.83.69,401412314,381315321,26882,43
huawei,-60,226053193902587,40797088976,2024-09-04 06-43-06,156.202.204.64,1293605302,internet,236.125.222.215,-1241226263,-341386481,27721,25
huawei,-52,226052240297894,40787133306,2024-09-04 06-43-50,48.137.56.21,684987362,ims,148.117.56.140,-2045211270,794385280,-6277,83
huawei,-65,226057547850743,40721813998,2024-09-04 06-44-58,99.94.96.39,-800957424,ims,10.30.16.20,-379142684,-291668327,7572,24
huawei,53,226059998199167,40747488766,2024-09-04 06-44-24,218.37.38.145,361465832,ims,192.200.164.58,-1084231506,1707912345,3003,49
huawei,60,226057874696031,40702843934,2024-09-04 06-42-29,240.157.118.201,-2025790729,internet,216.150.243.47,108205279,165923403,22923,-18
huawei,20,226051630075275,40751802012,2024-09-04 06-44-21,120.59.235.12,770768037,ims,179.153.206.226,-1754608567,108520116,-4362,-17
huawei,120,226050657842598,40763360768,2024-09-04 06-41-56,168.207.52.38,1520416693,internet,73.187.20.126,-1531384503,-1826585351,6506,-79
huawei,-103,226058821014802,40713603023,2024-09-04 06-41-52,162.21.14.210,1022030478,internet,137.250.90.77,-2133091070,-1046830365,14308,-102
huawei,-51,226059752830255,40787204144,2024-09-04 06-40-42,228.26.2.89,2047234482,ims,164.168.161.224,-1835752468,-891260550,29455,-8
huawei,10,226051754787379,40718740954,2024-09-04 06-42-02,110.179.204.204,1949906455,ims,12.58.76.52,265935735,506987625,-7950,-52
huawei,-76,226050564148964,40776965433,2024-09-04 06-43-28,194.48.96.83,-1095308199,internet,237.197.224.126,447436922,356078152,-9179,32
huawei,8,226056050820431,40739403330,2024-09-04 06-42-59,140.214.0.143,-2108549266,ims,63.140.249.145,-273922734,-172693348,9210,-1
huawei,106,226054342076433,40726445365,2024-09-04 06-41-40,45.32.1.191,-1964359966,internet,145.44.239.185,-597702533,-145049884,18944,-113
huawei,63,226052880301462,40722631458,2024-09-04 06-44-32,9.73.92.108,-1850759148,internet,157.64.23.103,1732722894,-683917137,-24018,39
huawei,24,226051428925706,40767171232,2024-09-04 06-44-49,247.1.100.102,1834101131,internet,127.248.253.126,-1891686669,-1977798335,-9985,58
huawei,-90,226057400069284,40793430358,2024-09-04 06-43-35,245.136.91.180,1562365605,ims,139.105.69.204,-627098390,114357986,-20992,70
huawei,44,226054231464261,40736270614,2024-09-04 06-40-43,179.139.228.208,725115137,internet,41.27.162.219,880608311,-1088106123,-17446,112
huawei,98,226053540129094,40715342796,2024-09-04 06-42-10,200.12.237.44,2026818607,internet,212.124.236.139,1530812580,188608637,29913,120
huawei,87,226053775961120,40703345887,2024-09-04 06-41-16,70.119.218.238,-1154906370,internet,197.105.4.74,-609487623,1616011673,-22071,-5
huawei,-12,226056928615162,40784128308,2024-09-04 06-40-49,156.32.45.2,695585110,internet,234.186.192.254,60084453,958698516,-8141,-62
huawei,-23,226056315617499,40756493008,2024-09-04 06-44-59,126.177.134.135,-685917124,ims,241.107.43.225,-880138578,1348717081,-4125,121
huawei,-8,226053482514296,40731992114,2024-09-04 06-41-09,215.96.250.48,1845356632,internet,189.14.41.46,-534534565,-1374316569,19692,-56
huawei,35,226057394014292,40729210327,2024-09-04 06-43-37,122.204.123.133,165865793,ims,211.117.119.96,-1768433474,222257022,-31468,-98
huawei,8,226059259475335,40702589918,2024-09-04 06-42-41,106.101.146.36,-1268863364,ims,131.202.168.71,1132727971,-811181295,-8369,105
huawei,-29,226054396700255,40727885565,2024-09-04 06-42-12,149.178.113.13,-1576631902,internet,145.8.195.10,-694748573,70712447,2735,78
huawei,92,226054958622970,40720104391,2024-09-04 06-43-50,176.251.137.49,-1170133283,internet,33.160.64.134,-78610181,-1668933968,28342,-94
huawei,40,226051670252107,40777207480,2024-09-04 06-40-15,125.18.43.248,489426851,internet,84.178.125.238,-508082841,-1540363661,-4019,27
huawei,-21,226052758731097,40761257788,2024-09-04 06-40-55,19.224.221.245,1094892683,ims,3.66.234.82,-170380251,-808242736,-10685,127
huawei,23,226050235187600,40790495965,2024-09-04 06-40-31,25.222.11.239,1441009745,ims,83.37.207.14,1536535609,-1946723865,-25316,-33
huawei,51,226056817336804,40781742064,2024-09-04 06-43-56,180.41.152.242,370420467,ims,212.128.46.160,909840490,289274749,28356,19
huawei,18,226056137148063,40756614947,2024-09-04 06-44-23,165.157.127.34,1497210980,internet,15.154.68.42,561393065,-1254994688,-20791,32
huawei,73,226056355142050,40769737010,2024-09-04 06-42-25,205.77.18.220,233093820,ims,235.119.131.54,-204866374,1945920170,16949,-93
huawei,106,226050980728316,40773725576,2024-09-04 06-44-00,152.189.31.13,-571184732,internet,71.137.132.3,-773134038,301043978,22002,37
huawei,40,226052239571312,40788447751,2024-09-04 06-44-53,248.206.116.2,-1957937284,ims,210.51.11.59,1035757717,2801541,-2857,-84
huawei,15,226052719008385,40768251964,2024-09-04 06-44-37,165.127.165.205,-1226358968,ims,216.118.11.51,55431970,-999548470,-7990,115
huawei,-19,226056089077841,40792676093,2024-09-04 06-42-59,22.67.201.86,343110777,ims,240.220.32.3,-597056273,-1267630270,5580,76
huawei,-68,226055415790379,40769978305,2024-09-04 06-42-09,74.188.82.43,632239411,ims,252.212.247.20,108221917,435971958,12464,-24
huawei,-102,226052184387951,40709833471,2024-09-04 06-40-11,38.172.168.3,485027339,internet,227.156.230.7,-1022360632,635665805,-14307,-124
huawei,23,226056223530492,40725057031,2024-09-04 06-42-57,156.163.110.210,-399110181,ims,221.124.174.128,1932736884,-563841676,-14636,31
huawei,-102,226051623253644,40746580089,2024-09-04 06-44-31,80.220.167.132,2103491913,internet,212.127.37.185,-890484257,-1218758642,-32222,-114
huawei,67,226052477572523,40769360171,2024-09-04 06-43-11,218.151.235.112,-669305435,internet,56.62.245.52,-1791882829,1807349614,-30621,-4
huawei,-90,226057622183876,40754588282,2024-09-04 06-43-34,233.223.7.146,-535740312,internet,54.161.214.196,876426935,2030503095,-27497,-128
huawei,-51,226057947927291,40784249313,2024-09-04 06-40-05,140.198.69.24,2028530928,internet,101.229.155.228,1175456734,-1545805582,1340,-9
huawei,85,226056362564079,40705834209,2024-09-04 06-44-25,181.156.218.174,1698102444,internet,52.203.233.28,-1334377548,-1183851966,18623,-98
huawei,1,226057611006544,40796773215,2024-09-04 06-44-30,24.177.21.77,-1391850770,internet,70.225.28.188,741440927,973739207,23777,-103
huawei,-1,226052776579745,40716401134,2024-09-04 06-43-30,253.147.201.132,-812021446,internet,109.231.163.110,1989021741,-1540471527,-12432,-51
huawei,-60,226058126582592,40785144718,2024-09-04 06-44-54,23.7.184.45,-1622131085,ims,190.65.150.194,-473219622,-1980573634,18352,-127
huawei,-95,226051809540975,40730635636,2024-09-04 06-44-34,220.4.152.171,8749710,ims,227.26.156.178,-200010143,1343850898,11180,-23
huawei,2,226051057083903,40709678465,2024-09-04 06-40-07,241.181.105.176,2056104595,ims,37.176.112.8,-198810557,-1885206893,-27155,-109
huawei,-42,226056794722342,40752423968,2024-09-04 06-44-41,125.109.123.86,2146760518,ims,156.25.252.200,-102522551,1199789469,7319,66
huawei,-57,226050362944523,40762348088,2024-09-04 06-40-15,137.207.51.46,-487945494,ims,241.250.113.251,-293588462,-766588313,-15178,-52
huawei,83,226058841080305,40797863884,2024-09-04 06-43-22,167.59.55.196,-85487630,internet,7.0.13.146,-476615440,1292520711,23989,47
huawei,-72,226054113519167,40742526975,2024-09-04 06-44-16,40.52.22.215,1603143283,internet,129.31.235.221,428067522,-135128788,-14033,122
huawei,40,226054216559533,40740224631,2024-09-04 06-41-17,112.94.180.178,262599576,ims,220.19.94.251,-1379764155,1348099541,30702,89
huawei,-28,226051489181503,40781755314,2024-09-04 06-42-49,112.23.163.3,1050166382,internet,210.229.185.192,862101649,-926571381,20528,-26
huawei,100,226050003892043,40703233209,2024-09-04 06-40-41,10.14.165.8,-91474777,internet,82.151.138.143,-931159173,1337985478,-7282,-60
huawei,-92,226059936397036,40721383091,2024-09-04 06-43-00,12.228.74.76,1510222149,internet,24.252.250.24,1921603762,452431050,-12255,-119
huawei,61,226054375947421,40720014933,2024-09-04 06-43-30,64.120.214.237,314945526,ims,188.232.35.242,1237379771,1562723175,-17778,27
huawei,3,226057360486096,40721460220,2024-09-04 06-41-42,92.52.112.40,770316789,ims,128.191.92.41,-833554584,-113193431,18559,-88
huawei,-61,226052789881677,40772115746,2024-09-04 06-42-08,87.68.18.140,1431152934,internet,205.51.182.118,-626057108,1652855192,19090,-108
huawei,113,226052103463592,40701846400,2024-09-04 06-41-10,143.79.34.10,-1943481131,ims,16.173.87.38,-1835460240,-1783182190,-8179,-21
huawei,120,226059985074125,40733871033,2024-09-04 06-40-35,149.64.23.50,1931064303,ims,17.175.148.105,-2019184775,-1058119000,-9995,52
huawei,-24,226056970333640,40719361987,2024-09-04 06-44-14,24.125.48.203,447061032,internet,107.209.198.195,350935078,-1400953446,21090,-8
huawei,-48,226054904991769,40797137825,2024-09-04 06-41-54,44.60.241.235,-1864439200,internet,222.12.80.196,203441043,1060829609,-8060,7
huawei,118,226050079431934,40700850036,2024-09-04 06-40-54,159.56.105.102,1607264096,ims,238.1.24.187,-1198246222,-1041446470,-24326,-83
huawei,-35,226055924083117,40753325447,2024-09-04 06-43-43,255.170.62.209,-1364270185,ims,127.4.144.39,1991385278,1246950129,21448,-2
huawei,-29,226058188319265,40721737370,2024-09-04 06-43-13,127.168.98.151,1045400850,ims,146.129.16.238,1573648966,266050337,-7809,-92
huawei,-24,226055675615882,40789213486,2024-09-04 06-40-30,78.97.220.140,1616250077,internet,175.104.112.208,76791905,-1224253390,-26816,-127
huawei,-32,226056454245167,40716669200,2024-09-04 06-43-27,42.15.237.213,1482482859,internet,176.239.194.179,2035873691,1493255743,-26298,51
huawei,71,226059318478155,40751302172,2024-09-04 06-40-21,49.29.157.126,-218122408,ims,4.210.148.253,-1094320378,-1061006683,18130,-89
huawei,-68,226053216616457,40745139118,2024-09-04 06-41-05,253.136.147.71,-2047802567,internet,123.218.144.84,-1429533555,-1407431677,2188,-68
huawei,-73,226055161296012,40791866989,2024-09-04 06-44-21,187.251.93.71,-2136450035,ims,109.71.105.146,1701042629,-441904133,12329,31
huawei,122,226058596419476,40729996745,2024-09-04 06-43-48,113.190.228.203,2036256766,ims,31.154.108.181,-706536275,3208605,18645,-53
huawei,-127,226050682219326,40777288349,2024-09-04 06-41-50,216.104.53.134,2079832870,internet,181.60.249.186,1283711729,-2133209944,-26671,-49
huawei,-46,226055258076820,40714699004,2024-09-04 06-40-17,21.68.238.154,993704974,ims,228.227.228.173,1158928404,896022683,-5309,-93
huawei,65,226055174549366,40729545156,2024-09-04 06-40-57,60.5.123.80,915614023,internet,196.4.217.203,-416042296,-2137296361,-27175,83
huawei,-107,226059698821127,40740012776,2024-09-04 06-43-05,229.100.216.77,-1793012472,ims,234.110.155.146,1335965468,-2133255087,27933,-23
huawei,72,226055852723670,40751130892,2024-09-04 06-41-59,132.150.81.27,-133258048,ims,230.19.106.52,1141519900,-373369183,16430,-93
huawei,-99,226055889575550,40748292029,2024-09-04 06-43-48,180.171.32.102,-1455231198,ims,223.199.16.234,-1887027130,-213822082,-9030,116
huawei,-53,226055652531995,40731033266,2024-09-04 06-41-53,177.140.149.113,-1620952291,ims,233.24.186.117,494585723,1614939831,-10475,-53
huawei,-23,226057609514190,40782951346,2024-09-04 06-43-20,15.57.110.175,789348307,ims,158.206.177.48,615696200,1562186090,-8980,-37
huawei,89,226058343709020,40721159294,2024-09-04 06-40-18,108.105.150.45,237461163,ims,225.138.241.162,-661515623,756597680,-13851,56
huawei,-47,226053369811005,40712855607,2024-09-04 06-42-57,226.80.221.113,-1744105716,ims,73.196.167.226,-1031528676,895253670,-6830,-19
huawei,90,226054769907737,40770798088,2024-09-04 06-44-13,157.220.101.86,-136067613,ims,11.233.163.48,-478025727,-851730880,-23965,-106
huawei,69,226054858389812,40728623301,2024-09-04 06-42-35,239.105.68.62,-1502198952,internet,178.14.167.235,-1028697908,2121620625,-12693,-36
huawei,-123,226059483602495,40737833303,2024-09-04 06-41-00,188.171.227.76,-1164172475,internet,168.52.15.174,-617775417,-636319139,3875,-34
huawei,85,226056092217302,40762482070,2024-09-04 06-40-29,238.63.3.92,1429819680,internet,199.234.75.204,-1843935600,-2013722881,-15002,-125
huawei,-39,226050576927611,40721162622,2024-09-04 06-41-43,176.60.73.169,1919012240,ims,19.20.56.20,878838443,1080519416,15860,-67
huawei,-15,226053555898221,40770264908,2024-09-04 06-42-55,32.65.129.225,-2093856112,internet,231.218.193.165,1760994906,1516111529,-9763,-92
huawei,86,226053469703829,40788821061,2024-09-04 06-40-55,19.205.143.42,-730642065,internet,20.113.213.129,1324705874,-356830974,-32738,70
huawei,44,226057428474006,40799348001,2024-09-04 06-44-26,37.33.88.240,1621243893,ims,1.172.240.0,222396780,-1268719157,-19462,96
huawei,-91,226053498576382,40742780709,2024-09-04 06-42-06,73.122.173.54,-192986531,ims,36.162.92.4,2418742,-1157418190,-10634,-11
huawei,13,226053421807398,40799126631,2024-09-04 06-42-33,68.82.244.109,-496751159,ims,58.46.244.138,-2026595734,-815801762,18031,-121
huawei,69,226054947214255,40703609061,2024-09-04 06-40-49,132.33.63.36,2143950215,ims,29.124.145.41,-1804330784,-225674449,-632,59
huawei,117,226050683130088,40746813429,2024-09-04 06-43-10,26.85.70.68,1164009389,ims,150.159.152.18,1951352313,-409425564,13143,31
huawei,118,226058082805340,40795520625,2024-09-04 06-42-58,0.189.35.233,22015511,ims,212.99.2.152,-2134718179,-2062006761,16709,123
huawei,56,226053076285227,40734778031,2024-09-04 06-40-01,223.35.14.174,1251554888,ims,128.119.189.11,-774243060,832477753,-7920,106
huawei,-58,226056697568530,40760963067,2024-09-04 06-41-36,211.3.157.126,-421547516,internet,239.165.227.230,-289727377,2090079598,2116,-88
huawei,-36,226057820647459,40758356546,2024-09-04 06-41-17,55.121.242.3,-1065923270,internet,106.50.126.136,-1239261799,-22324565,-8194,-104
huawei,-38,226058138301419,40730514114,2024-09-04 06-41-05,115.80.98.152,-196601092,internet,233.227.249.101,-540505622,-49999215,27009,87
huawei,-73,226053400665794,40769359487,2024-09-04 06-44-35,213.217.213.204,-307696622,internet,193.204.128.11,1076382188,1415307716,24720,71
huawei,-122,226050685112945,40743577113,2024-09-04 06-40-44,123.7.208.250,-919259060,ims,119.207.206.149,674808620,-2101328697,2142,102
huawei,79,226055308838101,40740729289,2024-09-04 06-41-17,113.45.0.155,1874287767,internet,236.35.27.93,-742214303,-1058214248,29418,105
huawei,-61,226055275321398,40776347963,2024-09-04 06-41-15,76.33.134.206,-1495718597,ims,95.190.19.197,1043276971,-18941111,-29357,-48
huawei,-74,226054966878981,40791564826,2024-09-04 06-42-32,36.129.148.48,-138008521,ims,166.213.29.212,1611305037,992129831,32346,-118
huawei,-80,226058356133105,40736098583,2024-09-04 06-40-56,74.219.98.79,238796935,internet,61.133.195.161,1723312838,-985295183,-30204,8
huawei,-28,226057249923000,40735012852,2024-09-04 06-43-05,160.66.131.222,1235320071,internet,132.22.189.52,-1026238793,-147512418,-17869,90
huawei,49,226053166510183,40755725870,2024-09-04 06-41-58,9.192.37.137,-644595202,ims,153.182.129.80,-930603954,849171780,-8405,-79
huawei,112,226059375433705,40716563152,2024-09-04 06-43-20,147.162.1.45,-1590791384,internet,76.171.179.74,171654662,1390968309,-28821,-24
huawei,-66,226052389227358,40794968065,2024-09-04 06-43-34,4.48.90.46,1905798433,ims,72.169.229.226,-588634397,-209464906,-3264,117
huawei,-81,226057020301323,40747436045,2024-09-04 06-43-29,208.92.228.89,1148827484,internet,207.129.247.90,1407535755,1602731501,-22854,-70
huawei,-96,226050053944897,40770132110,2024-09-04 06-43-22,210.161.215.188,-95799987,internet,210.63.119.178,-1073693201,-57034250,-29443,46
huawei,66,226057883327536,40706068833,2024-09-04 06-44-20,75.202.112.36,1351243360,ims,42.41.50.49,747173452,1457628619,25457,1
huawei,38,226053178855384,40780649259,2024-09-04 06-44-28,11.241.135.251,-1176904373,internet,49.49.58.135,748461129,1333242485,-11291,-2
huawei,-62,226059469535690,40740099472,2024-09-04 06-42-20,63.66.2.13,2127940671,ims,174.10.34.73,-1523655106,656524939,1458,-45
huawei,-43,226054433375056,40770079402,2024-09-04 06-40-03,84.243.50.108,40242193,ims,252.218.1.163,1709446788,-1177371513,-5933,-110
huawei,4,226056396057436,40712032391,2024-09-04 06-43-25,78.14.105.190,-1186603524,internet,46.48.88.99,-139239903,-249083159,5963,28
huawei,-4,226053556302402,40757416043,2024-09-04 06-43-52,184.8.60.28,619506563,internet,34.20.7.49,-554241629,-143777000,-3081,47
huawei,7,226056145594967,40752049583,2024-09-04 06-42-10,222.50.25.57,-88099584,ims,97.193.83.78,-1651619362,1448163071,17338,-3
huawei,112,226056230786031,40738686479,2024-09-04 06-42-44,107.42.89.160,1517019202,internet,113.79.155.33,-275186757,-1335793691,32405,-15
huawei,-18,226056439782892,40748951078,2024-09-04 06-40-02,64.114.188.87,-922669998,ims,87.103.118.153,606947686,2121675429,-6283,11
huawei,59,226052662288792,40718354401,2024-09-04 06-41-15,71.216.195.5,-165632923,internet,222.34.68.173,-3218563,1799298494,-31388,-105
huawei,96,226058853338569,40774385860,2024-09-04 06-40-15,147.194.208.232,194089335,ims,159.239.9.99,2106060847,1256483944,2978,-56
huawei,-128,226054497393866,40732070031,2024-09-04 06-41-44,58.233.96.128,1105436935,ims,121.78.118.117,-39400213,-611530208,-5640,-62
huawei,-123,226057028588022,40776607427,2024-09-04 06-41-59,96.168.225.149,1452169245,internet,200.241.0.144,-1827176718,533928909,21553,-51
huawei,93,226052626432677,40752891281,2024-09-04 06-44-15,54.81.88.38,451477807,ims,170.21.163.68,757908738,1721140664,-27726,-127
huawei,-108,226059859409393,40793215998,2024-09-04 06-42-23,114.141.48.188,716074719,internet,122.120.8.105,1495846699,1307024236,1923,-72
huawei,90,226050593642670,40718997988,2024-09-04 06-41-53,218.11.228.204,1207265450,internet,81.73.105.204,-36577545,1245747376,-21548,57
huawei,-73,226053024139070,40704986093,2024-09-04 06-40-30,164.119.151.12,-670955303,ims,40.78.183.102,1909985864,-1315273874,-26834,-71
huawei,-97,226056926408100,40786104349,2024-09-04 06-41-55,83.88.27.163,-1136164153,internet,78.40.5.152,-451893113,1001225328,14799,111
huawei,119,226058847947307,40743009265,2024-09-04 06-44-40,233.241.25.117,-1362051340,internet,128.77.109.70,-498454847,-540732432,-30121,-48
huawei,33,226051877451266,40779190529,2024-09-04 06-43-12,81.115.121.80,1918006758,internet,28.138.130.2,588764414,-467101522,-4257,-74
huawei,19,226050447552881,40705145887,2024-09-04 06-41-41,13.236.76.73,-1376308147,ims,88.250.39.39,1430738831,-1038555234,16969,-113
huawei,74,226053690011999,40789267664,2024-09-04 06-40-36,246.141.233.244,-189614677,internet,153.225.136.123,181439124,-1572473072,-23736,-29
huawei,41,226050725590661,40715295937,2024-09-04 06-40-42,181.201.156.175,-431991930,internet,32.32.79.183,-1565945216,-1125648803,1024,18
huawei,-118,226052651270563,40711985874,2024-09-04 06-41-40,34.218.209.203,938715665,internet,22.236.69.26,568017677,-246724852,-6243,114
huawei,81,226056374738288,40736727585,2024-09-04 06-42-07,166.167.179.174,-2058970933,internet,49.253.15.41,2028977563,-1890571567,-31098,-88
huawei,79,226058943469579,40722071686,2024-09-04 06-41-39,2.240.188.68,260947669,ims,18.54.158.227,707838183,1834298380,11374,-28
huawei,24,226050838014483,40717348752,2024-09-04 06-40-42,184.72.87.189,-834906910,internet,242.87.224.57,1094007298,-1019009161,-26704,-4
huawei,2,226051658265207,40708646396,2024-09-04 06-41-24,182.9.167.242,-1565712305,ims,190.196.109.127,-2122540076,-581979407,23460,-48
huawei,-18,226051296117872,40707382427,2024-09-04 06-41-19,69.250.234.132,-1135583267,internet,200.243.212.220,709385768,-378341563,-2373,15
huawei,-10,226057148964745,40741812568,2024-09-04 06-41-50,125.38.189.40,-928108720,ims,246.132.104.35,-1097123791,-2113225801,26305,88
huawei,54,226059395605341,40753467138,2024-09-04 06-41-51,23.9.64.181,-1984902783,internet,60.49.48.63,-104886586,-380750338,30329,127
huawei,114,226053329604478,40746565637,2024-09-04 06-42-42,9.84.77.84,-1604199948,internet,143.37.206.144,-1032298904,834359948,-29877,-101
huawei,66,226051275299829,40712477853,2024-09-04 06-40-55,49.49.237.17,905532494,ims,252.235.189.21,8978119,-1142766840,-29674,-117
huawei,101,226053102397591,40796122755,2024-09-04 06-43-00,96.189.219.99,723610504,ims,27.14.60.49,711854923,1239348791,-6168,103
huawei,67,226050960464217,40760410758,2024-09-04 06-42-14,233.99.23.43,-1253658458,ims,206.200.20.142,1929812075,445985551,-16274,-32
huawei,-25,226057477117090,40714582626,2024-09-04 06-40-41,154.23.75.46,-483722498,ims,242.164.54.197,-1729578739,-1623016486,339,11
huawei,-117,226059685854598,40782163432,2024-09-04 06-41-51,147.46.236.125,1383046799,ims,176.121.64.114,-525590807,-73741062,-20567,32
huawei,19,226053816013466,40758685329,2024-09-04 06-41-53,169.131.154.233,1324055031,ims,138.61.161.24,-1583204642,475703845,1391,22
huawei,14,226050604055890,40751449301,2024-09-04 06-41-03,157.70.240.185,2081986188,ims,102.245.103.73,-1234151541,1186286585,675,-13
huawei,-61,226052277799311,40711544840,2024-09-04 06-40-54,39.90.2.172,873863544,ims,115.209.123.10,1308436771,-2023768914,-6133,8
huawei,-1,226057026855410,40775371010,2024-09-04 06-40-59,244.237.203.189,-2001229315,internet,150.57.130.173,-1404271797,-434612991,16604,69
huawei,-89,226055184819167,40798499112,2024-09-04 06-43-08,96.3.41.200,1497902434,internet,123.43.98.230,457467066,-1844274277,-31650,86
huawei,-80,226056765269253,40736565983,2024-09-04 06-41-32,253.61.252.226,1532078084,ims,200.241.82.242,1733101488,1217185779,-8859,45
huawei,-73,226051744502090,40726287847,2024-09-04 06-40-28,120.140.141.213,-1507556729,internet,219.138.72.205,784041102,732509845,-11877,-34
huawei,43,226059685632172,40794439009,2024-09-04 06-42-28,241.186.149.4,-1438379692,internet,111.236.253.71,-769322242,1676111763,-29541,-82
huawei,-30,226055964999800,40779937851,2024-09-04 06-40-18,13.231.215.125,161547229,ims,50.155.14.94,-1289943609,-1556516140,2508,-112
huawei,19,226052469159610,40793196390,2024-09-04 06-41-53,79.129.152.53,68591214,ims,2.164.113.79,122521568,-891836363,-7919,-65
huawei,-77,226056589892594,40784037493,2024-09-04 06-41-52,192.61.134.59,141174706,internet,105.173.198.232,-1393137203,-645250662,-25770,-115
huawei,42,226053549133420,40727107974,2024-09-04 06-42-23,102.235.151.124,824657925,ims,179.180.176.248,2022412334,796878080,-22240,120
huawei,-47,226050812840164,40727622743,2024-09-04 06-44-09,63.195.177.135,-213880414,internet,78.56.219.189,-978899690,1783091196,-9815,121
huawei,11,226050413484040,40713406909,2024-09-04 06-40-34,109.128.1.70,-272445044,internet,98.58.86.239,-290164864,2004209184,-8645,-108
huawei,22,226056324397792,40783985955,2024-09-04 06-40-38,191.201.1.2,1240232523,internet,18.54.246.63,1415921806,-829160821,-3407,-43
huawei,56,226054566244166,40723818137,2024-09-04 06-41-16,50.151.188.215,-1529028777,internet,150.129.101.93,1668075845,689678793,24784,-52
huawei,-89,226054627732312,40740656129,2024-09-04 06-41-18,115.113.90.73,-1363904860,ims,204.176.185.255,1457006137,-1123099317,16390,39
huawei,-9,226050728999646,40760869574,2024-09-04 06-42-03,21.216.130.53,-1597332877,ims,89.130.45.156,1254780168,-2057915329,-23127,101
huawei,-56,226053370668430,40754665448,2024-09-04 06-42-40,169.175.29.54,-1201364501,ims,101.213.185.44,-703304483,-588792597,20882,58
huawei,-4,226050346741783,40752871637,2024-09-04 06-42-16,116.30.229.28,-1531141181,ims,109.76.211.232,27941441,1249321217,16152,-2
huawei,-101,226050828098032,40779767868,2024-09-04 06-44-04,194.53.212.255,-1924987275,ims,124.6.237.23,-1553000568,1951002430,19198,-119
huawei,-60,226055070586166,40726844998,2024-09-04 06-43-01,113.20.245.136,-167361107,internet,4.253.51.9,992823454,-1290156769,1609,-10
huawei,32,226051882009048,40748654404,2024-09-04 06-43-54,63.75.145.219,-2010929071,internet,42.212.93.16,766769558,828625860,12744,-89
huawei,-79,226059311885112,40755420178,2024-09-04 06-41-05,65.131.42.55,509578848,ims,215.28.197.115,-2062066052,-591897434,32297,-101
huawei,-25,226059882691729,40714811602,2024-09-04 06-40-09,188.239.232.95,-131706555,ims,178.152.176.35,935427916,529566754,-2199,-47
huawei,76,226057382845895,40741296213,2024-09-04 06-40-25,167.29.136.147,-1700625869,internet,186.28.100.246,-196505195,274352642,27408,21
huawei,46,226058673128054,40721712161,2024-09-04 06-44-26,225.211.97.6,23269939,ims,188.135.248.106,-1816239454,-989563205,3779,77
huawei,73,226056715894608,40743381336,2024-09-04 06-40-42,180.189.159.175,-1631307893,internet,238.60.30.46,-924295048,1312708548,27330,46
huawei,20,226051352221360,40746464121,2024-09-04 06-43-34,61.9.215.238,-1176783722,ims,160.26.182.99,-1432323889,1589263215,-21113,83
huawei,104,226052957005889,40735017924,2024-09-04 06-44-49,135.249.178.40,1639748082,ims,174.78.110.60,746662613,-140837787,-20200,50
huawei,-56,226055386313927,40771146031,2024-09-04 06-42-13,175.191.94.179,-626944043,internet,69.8.168.214,-1430193932,-2072717271,-19841,-70
huawei,-36,226058775513108,40796870567,2024-09-04 06-40-19,116.43.141.240,1842872790,internet,229.254.149.146,242501924,-1245697893,-32687,33
huawei,-121,226055555719877,40743010989,2024-09-04 06-43-32,222.223.70.174,1853226399,internet,9.236.226.71,1344086395,-1654664226,16508,2
huawei,-120,226050810089897,40796006212,2024-09-04 06-43-06,178.197.17.171,1052890920,internet,166.254.173.172,1545493290,-1977087933,-15718,-64
huawei,-123,226059305092229,40709234504,2024-09-04 06-43-30,49.109.172.189,1879426380,internet,210.154.29.120,2099558803,-464916581,-19271,65
huawei,-49,226057865971361,40727590497,2024-09-04 06-42-47,239.71.3.110,164115259,internet,119.22.6.136,604362447,404137817,-10798,25
huawei,-70,226053107625073,40750621982,2024-09-04 06-42-47,1.165.213.30,-1506739622,ims,239.37.3.108,201222849,1324185201,-29606,-18
huawei,-111,226053190732585,40739199998,2024-09-04 06-42-53,53.142.132.35,-295501493,ims,53.248.85.117,1050507311,-302110679,692,-44
huawei,-110,226058246257725,40745017791,2024-09-04 06-41-24,198.236.21.54,97441948,ims,169.94.121.180,-1310024607,-1461335341,-25497,28
huawei,12,226057088280900,40749134412,2024-09-04 06-43-00,28.26.9.202,-1644637689,internet,106.12.48.90,-511416493,-1978333109,14155,94
huawei,53,226051875140596,40755300567,2024-09-04 06-42-54,68.24.220.167,899094148,ims,52.210.66.231,1135372395,-565561837,21552,-81
huawei,-66,226055727001887,40723158355,2024-09-04 06-44-30,71.190.184.176,-500061748,ims,82.148.66.133,-2086111317,-1524099431,-30491,-93
huawei,3,226052314264757,40722384520,2024-09-04 06-41-33,159.28.180.236,-1846111512,internet,121.187.25.228,-1830891422,1952317661,-21701,89
huawei,-65,226054367318095,40753862217,2024-09-04 06-42-23,177.162.209.202,-1604989092,ims,61.49.205.201,1681140897,-1851425462,-23815,-7
huawei,-69,226057830931847,40702883697,2024-09-04 06-41-32,241.249.167.65,884369174,ims,90.147.230.133,-1157834538,1878277762,5331,20
huawei,92,226051734165517,40783135306,2024-09-04 06-41-27,97.23.71.114,-1162880981,ims,170.195.94.145,1361949387,-1470931800,28012,31
huawei,97,226058219917687,40777034562,2024-09-04 06-40-19,20.24.156.252,1565742131,internet,139.253.136.167,484456212,663298052,-20966,-27
huawei,71,226059008274250,40754965096,2024-09-04 06-43-28,236.212.108.120,827634365,ims,163.164.174.128,1820168773,969871652,-4641,109
huawei,-14,226054580857790,40706043950,2024-09-04 06-44-20,188.58.255.98,1531939728,ims,170.117.123.199,-349390206,-1496343833,-12884,-48
huawei,93,226053608115319,40733654035,2024-09-04 06-42-49,158.213.154.203,861579582,internet,44.110.242.113,1448037118,-1784311831,25764,54
huawei,73,226057099141751,40747466244,2024-09-04 06-40-51,130.199.90.0,1131580859,ims,112.93.182.126,760898695,-1932436316,-12895,67
huawei,-121,226054102111259,40751854149,2024-09-04 06-44-02,172.112.244.18,1178660241,internet,190.83.118.207,1903573958,-2059975083,-16348,-79
huawei,-30,226050487735741,40719453305,2024-09-04 06-42-30,197.175.10.61,-1763981013,ims,191.3.85.47,-1529559615,367136605,-29593,19
huawei,-21,226058944684984,40717249110,2024-09-04 06-42-50,190.234.224.141,-378775503,internet,173.149.55.9,-1911681600,645751071,-6494,-102
huawei,-31,226057512522599,40742838620,2024-09-04 06-41-55,244.1.103.226,-1516665211,ims,73.9.136.166,1274316938,-44674108,-1899,32
huawei,66,226057694333489,40705744904,2024-09-04 06-41-00,245.86.186.47,1705969958,ims,4.119.190.244,-2125836625,-326343468,-25879,94
huawei,-116,226053264628354,40747636511,2024-09-04 06-41-48,196.11.149.199,-1351413892,internet,211.124.200.41,1077078979,2117415040,29814,-60
huawei,-112,226058784621568,40724080732,2024-09-04 06-41-31,201.178.123.40,-1549024575,ims,192.27.190.240,462867429,902147400,9788,-54
huawei,-11,226052297848094,40757280723,2024-09-04 06-41-01,69.5.222.137,-492154736,internet,38.62.22.147,-1840630512,-2046636677,12405,-41
huawei,-24,226052327403404,40787647854,2024-09-04 06-42-11,224.203.63.110,1330752428,internet,60.131.66.89,-1028353021,-482733959,-1787,-122
huawei,-101,226052572650284,40759729938,2024-09-04 06-40-54,220.88.28.247,-782727449,internet,156.125.42.1,1012246860,1402749185,-10078,116
huawei,106,226058063009653,40784909938,2024-09-04 06-44-49,158.84.124.109,563776163,ims,195.140.225.145,-1845549545,-263489933,29873,13
huawei,-2,226058418345567,40785877136,2024-09-04 06-42-44,28.216.142.115,-1400763633,ims,138.247.61.212,-1224301577,1763405723,-28774,-43
huawei,126,226059960586235,40791869887,2024-09-04 06-42-54,58.136.12.220,73970603,ims,41.79.115.136,474949523,-357224057,-7412,-63
huawei,-47,226057797818872,40762541429,2024-09-04 06-42-39,221.137.167.189,-1523847605,internet,194.116.130.252,799802668,1026853851,26612,112
huawei,-80,226055127384045,40785991824,2024-09-04 06-42-18,195.110.159.100,-1447064031,internet,185.253.19.104,1179857920,-1393526012,31552,-38
huawei,4,226055388953207,40732020813,2024-09-04 06-40-25,71.30.130.105,2110115882,ims,41.235.169.172,353720876,-758709205,-29251,-69
huawei,-1,226057606055730,40745321650,2024-09-04 06-40-14,92.209.49.95,873823397,internet,239.106.57.71,43953016,1599374893,27910,-69
huawei,-48,226055181365809,40779687191,2024-09-04 06-42-39,20.156.122.44,-1730426554,internet,13.61.194.193,402176724,-1352632981,-32680,14
huawei,93,226055902430698,40798532396,2024-09-04 06-43-25,112.155.207.144,-729579345,ims,160.88.20.58,-1247095534,1508865408,-19066,-65
huawei,102,226055517447122,40786966105,2024-09-04 06-40-36,76.23.112.5,188274900,ims,209.242.6.11,1582113430,-588857027,10862,68
huawei,85,226059442628658,40749766859,2024-09-04 06-41-29,101.180.169.163,-1408692258,ims,252.228.187.47,-340805429,-849271891,-18220,53
huawei,-87,226058078981760,40750509802,2024-09-04 06-40-25,147.34.106.55,-1402284840,ims,154.99.39.43,153709575,-529928385,10643,94
huawei,-100,226054774605653,40762306947,2024-09-04 06-43-15,68.233.59.22,-2048335324,ims,55.7.214.225,-394876830,1759017802,18626,-80
huawei,83,226059322409672,40765737136,2024-09-04 06-44-25,6.47.185.50,1139012818,internet,91.132.72.40,-552951103,364529746,18097,47
huawei,-82,226051999530715,40790802276,2024-09-04 06-40-55,179.3.74.122,-1725944791,ims,164.128.185.188,-1331620036,619350377,6950,58
huawei,-88,226054866631730,40793278469,2024-09-04 06-43-04,49.98.150.57,-993682288,internet,78.99.198.120,1263298648,2088323783,-759,-70
huawei,65,226050745669090,40750257462,2024-09-04 06-40-20,23.47.177.178,663786373,internet,196.29.255.214,-375042831,-924599267,8435,-81
huawei,98,226055154198065,40720323691,2024-09-04 06-40-12,16.44.78.192,423540676,internet,216.183.244.132,1432722292,16281263,-31084,-55
huawei,-45,226052412164919,40775870099,2024-09-04 06-40-53,89.167.243.21,-1957211813,internet,193.127.74.233,1537713602,-402816057,-15818,2
huawei,33,226058264275292,40758487355,2024-09-04 06-40-38,147.240.107.3,-1392997386,ims,34.106.144.33,1658956630,1655675628,-9991,-25
huawei,-16,226055529815021,40745196057,2024-09-04 06-42-47,147.41.140.198,-1555059394,internet,116.4.237.130,130864775,294400767,-20903,2
huawei,-15,226057008260828,40799365322,2024-09-04 06-44-06,217.89.26.248,-1957098212,ims,127.198.88.135,185840404,1425058411,-12721,-76
huawei,71,226058762115435,40704989678,2024-09-04 06-43-45,206.184.30.118,-1771368922,ims,210.231.121.10,-1318200605,405016507,-869,-29
huawei,-16,226057843110317,40711217291,2024-09-04 06-41-36,131.55.205.134,550834637,internet,232.80.239.233,-1024669503,-1267798232,7001,101
huawei,56,226054937044109,40748559051,2024-09-04 06-41-43,56.24.181.225,-93792960,ims,135.34.150.246,-1186890492,1189697356,30115,-6
huawei,83,226057214976292,40702792656,2024-09-04 06-40-50,252.121.223.174,-1883004910,internet,22.203.86.191,-1412586238,2061500799,16710,2
huawei,-88,226054499655582,40762572030,2024-09-04 06-42-55,157.44.193.184,233570499,internet,162.157.212.244,795533721,-1368752887,-21017,33
huawei,-13,226059850216337,40778726040,2024-09-04 06-41-39,18.158.210.132,-2041762338,ims,182.184.77.11,-2090691441,1408617351,-19441,2
huawei,99,226057626586668,40712468798,2024-09-04 06-41-17,230.232.118.235,500352002,internet,16.225.163.217,-1806635102,602637555,-15128,119
huawei,97,226052361399607,40755188404,2024-09-04 06-40-55,223.218.160.190,-1792689464,internet,79.174.225.99,1372223608,-1541859926,-25589,-69
huawei,-96,226054403577800,40732738957,2024-09-04 06-42-13,76.125.176.150,-508913743,internet,147.73.96.45,-1592009534,-1394409176,-14348,86
huawei,-100,226054739827801,40732058198,2024-09-04 06-44-22,226.56.59.187,650107311,ims,181.131.30.223,1781005211,-146807237,21587,-124
huawei,34,226056975549991,40732447402,2024-09-04 06-43-34,14.156.58.198,-1224819192,ims,207.68.163.18,188156385,30143860,-5094,64
huawei,43,226058180274675,40718025154,2024-09-04 06-43-49,46.144.165.159,-324873468,ims,23.33.4.113,-2001836734,1903432557,-8667,-37
huawei,-118,226059285914429,40702583277,2024-09-04 06-43-56,165.73.196.31,350549115,internet,236.65.96.102,-1201784902,598350784,3542,-21
huawei,98,226053936253161,40707814463,2024-09-04 06-41-31,18.194.152.39,-5681385,ims,17.37.168.51,1136997683,2049176601,22062,9
huawei,-65,226053666939157,40721762303,2024-09-04 06-42-17,70.199.186.166,-16401914,ims,80.242.134.53,1834676018,366616604,-14254,-121
huawei,25,226050089787178,40734670668,2024-09-04 06-41-41,120.182.180.189,-45799484,ims,24.0.57.179,721544305,-551675050,-29834,115
huawei,65,226055184858802,40729800578,2024-09-04 06-44-42,224.124.96.102,1103874619,internet,82.109.140.136,-1861253944,1946490845,-13161,-46
huawei,73,226051385275358,40737404526,2024-09-04 06-41-44,49.191.49.168,1604444316,ims,210.255.230.144,-1373562645,-673265051,13274,-33
huawei,1,226054734094790,40714783716,2024-09-04 06-40-15,32.54.214.15,1643239372,ims,189.249.239.209,402200940,-2052306087,-26040,-54
huawei,-2,226053925701765,40709562192,2024-09-04 06-44-15,220.239.3.145,-2081814870,internet,80.147.35.198,-984509448,-1915570292,5551,97
huawei,37,226055743209355,40783273500,2024-09-04 06-43-20,21.228.84.124,-1152921632,internet,168.236.80.251,-376714267,764977704,-18544,127
huawei,-75,226058072231568,40737074829,2024-09-04 06-40-17,201.128.10.92,-1953901809,ims,244.203.124.145,14300489,-647589546,-18380,-54
huawei,-93,226059519983275,40793114275,2024-09-04 06-42-55,124.245.44.14,-313672465,ims,139.155.230.170,-1541513823,1104966955,-16387,-45
huawei,58,226052183159722,40772580553,2024-09-04 06-40-12,222.223.116.20,774593592,internet,90.38.46.220,75095714,2009154738,19687,-36
huawei,-124,226052799210915,40758136479,2024-09-04 06-43-59,4.25.220.144,-2140281575,ims,105.151.80.14,-1325693402,-226065744,10310,96
huawei,124,226059535345902,40774050981,2024-09-04 06-40-29,52.186.64.213,132789796,internet,104.225.88.187,-33118268,-479776688,-23474,-44
huawei,-30,226057606035520,40705852502,2024-09-04 06-40-29,199.50.218.160,1576158575,internet,156.205.236.152,-1762182924,1355814674,19525,50
huawei,-76,226052995566626,40730766170,2024-09-04 06-40-56,173.10.148.92,572162452,internet,92.207.173.238,138713027,977863397,11630,41
huawei,117,226058042231125,40789636797,2024-09-04 06-40-37,32.107.64.48,1196802836,internet,181.164.243.13,1275999129,496534836,15869,-64
huawei,-16,226051951607929,40723979193,2024-09-04 06-41-37,222.188.110.107,-766651179,ims,46.29.217.56,1967316918,-99153069,12892,-114
huawei,-35,226055160883677,40727509094,2024-09-04 06-43-56,171.147.239.8,1336489671,internet,106.50.80.181,1710132075,-610230170,462,-46
huawei,70,226057955921550,40768891182,2024-09-04 06-41-50,206.127.89.2,2041721049,internet,195.77.243.84,136473651,-1048591283,-26722,91
huawei,109,226056033221071,40761849238,2024-09-04 06-44-09,59.228.23.108,-1337485299,ims,87.204.94.194,-1032713137,-255844921,27803,-57
huawei,-38,226055487153697,40739582015,2024-09-04 06-42-41,39.32.56.42,275182024,ims,241.113.16.243,-675093220,-1959012602,24227,11
huawei,124,226058280077312,40795319635,2024-09-04 06-41-27,224.200.55.77,-1079895783,internet,222.118.142.235,-569331712,-680531833,-10460,-41
huawei,121,226053163698800,40710381715,2024-09-04 06-42-23,138.161.65.58,1486190799,ims,28.94.120.75,-966490568,2044192033,-7545,-124
huawei,96,226057721806662,40782910589,2024-09-04 06-43-05,154.220.241.248,-1813166562,ims,169.54.135.208,469514541,803376938,-4376,-73
huawei,-109,226058042193132,40774569878,2024-09-04 06-42-52,18.179.198.104,-1584267761,internet,128.51.176.113,2068322692,-146674416,-24118,59
huawei,-19,226059988916472,40742956704,2024-09-04 06-43-16,112.52.24.57,-1292218325,internet,254.175.210.170,1461705743,-1531803604,2001,-51
huawei,7,226052914634804,40780451320,2024-09-04 06-42-18,8.44.218.49,834269862,ims,14.69.86.44,456527653,1549991325,7134,6
huawei,-57,226050770637061,40793058802,2024-09-04 06-41-48,159.182.122.194,-1546818034,internet,189.206.70.139,-1729637511,925694815,-27764,-38
huawei,20,226052871109607,40791059736,2024-09-04 06-40-31,230.14.3.236,265760150,internet,223.14.28.228,1658610600,-1282408570,25678,-105
huawei,-58,226057208086759,40793795610,2024-09-04 06-44-05,165.35.98.239,-1167899712,internet,154.158.114.7,-1151094406,-1065904484,-17083,-11
huawei,97,226059547874381,40756399491,2024-09-04 06-41-35,108.196.172.66,-2025169637,internet,157.162.111.23,-1152964273,-1225024824,22138,-23
huawei,-38,226058622905970,40732099587,2024-09-04 06-42-11,148.126.120.24,2088252934,ims,130.199.17.141,293003868,1389285918,-5232,40
huawei,-42,226056661428140,40774771558,2024-09-04 06-44-15,67.182.248.145,-1540229493,ims,210.222.23.139,-1138169177,-1736316819,251,8
huawei,-99,226053767351736,40726589877,2024-09-04 06-41-23,231.244.146.27,1381763800,ims,44.169.25.224,-1696282414,872081307,26555,-95
huawei,103,226058617488958,40731540490,2024-09-04 06-40-47,120.76.154.108,-1444893608,ims,26.187.124.51,630164302,1421558146,-20349,-102
huawei,39,226058850316836,40746480877,2024-09-04 06-42-14,71.70.65.64,-1485157081,ims,135.124.43.101,549233163,-2118013859,15816,-112
huawei,33,226055545940632,40745072851,2024-09-04 06-43-58,189.158.144.110,284515294,internet,211.51.245.126,258110621,1131436097,9010,79
huawei,61,226054678916145,40725164398,2024-09-04 06-42-32,102.18.95.81,-1861279794,internet,48.234.107.14,149989148,358397402,-1041,-59
huawei,14,226051308492682,40703151847,2024-09-04 06-40-22,1.208.233.55,1845622140,ims,128.250.233.216,324970772,-1690616983,-1220,-59
huawei,-116,226057875669427,40763023546,2024-09-04 06-40-17,139.116.233.12,-1732968998,ims,54.74.122.53,1826088550,-931229836,11557,-97
huawei,-59,226055686788431,40789750033,2024-09-04 06-42-07,210.68.207.50,-1953035993,internet,146.200.224.208,-489901421,2139876380,18633,-41
huawei,-112,226059289259229,40777366040,2024-09-04 06-41-34,228.240.198.145,1160428777,ims,152.23.211.132,-843990083,1822923699,-11690,-25
huawei,27,226058798873030,40737095452,2024-09-04 06-44-02,86.7.85.53,1064751844,internet,32.186.176.120,-1113344738,-1148486988,12497,80
huawei,-63,226050778355932,40702301886,2024-09-04 06-44-54,195.227.202.191,-1171182430,ims,18.99.113.93,-1508807798,1152132417,-24008,-91
huawei,25,226053712211215,40702219661,2024-09-04 06-44-40,204.149.224.237,629682930,ims,250.61.187.146,399168323,-353038532,-14657,113
huawei,-119,226050245613160,40747163125,2024-09-04 06-43-29,197.230.2.186,-110623362,internet,89.181.64.120,386627269,-1766966623,-2270,-109
huawei,83,226059563979581,40726861940,2024-09-04 06-40-41,105.62.122.99,513736209,internet,34.229.197.250,-379807312,2144320864,19844,61
huawei,79,226050820124754,40714284320,2024-09-04 06-43-56,249.134.254.184,-2062877806,internet,176.207.232.137,336580572,900758733,5762,24
huawei,52,226053235184595,40781416917,2024-09-04 06-43-43,179.0.59.86,1220220034,ims,226.56.203.28,1183033093,2033130026,27194,54
huawei,38,226052085390025,40799464680,2024-09-04 06-41-31,176.157.68.180,-61111641,ims,223.122.75.162,-647982176,1107342817,-18665,75
huawei,-107,226056302703064,40759117356,2024-09-04 06-42-32,17.199.14.207,-876801456,internet,224.4.98.46,1385156320,-324317626,-8507,74
huawei,-35,226051866457952,40748308998,2024-09-04 06-41-47,126.178.225.40,496926833,ims,141.97.131.165,-1045233577,245142189,-15380,18
huawei,-50,226057466577704,40732139047,2024-09-04 06-44-00,144.129.32.112,-1137183138,ims,167.1.29.24,-51280479,-522452718,7214,88
huawei,-103,226059982062204,40752457700,2024-09-04 06-42-36,202.237.56.156,1939202234,ims,84.253.182.115,-576596100,562811231,-4273,81
huawei,-11,226053689763214,40724951278,2024-09-04 06-41-16,42.223.73.165,116694062,internet,241.41.78.96,-392915,1160669711,8539,107
huawei,-88,226051702283440,40722522256,2024-09-04 06-44-46,30.252.177.13,-321116268,internet,202.193.88.136,1366512923,997522434,-7140,120
huawei,26,226056103335831,40731866811,2024-09-04 06-40-12,63.125.74.170,1658666898,internet,234.45.28.113,-1493938033,-759976881,-19323,15
huawei,96,226053118057035,40753725960,2024-09-04 06-44-44,145.243.45.53,759671491,ims,93.117.97.145,874373451,-2118616412,-19224,78
huawei,28,226058612570383,40704352609,2024-09-04 06-44-39,51.220.243.174,1284618136,internet,179.206.226.79,-672830669,-1464605081,-31723,-3
huawei,112,226058336337301,40791704621,2024-09-04 06-44-42,191.216.82.119,-1059850139,internet,24.186.17.48,-449187407,1045369436,10363,24
huawei,-59,226059656322344,40778851251,2024-09-04 06-41-36,3.232.78.246,-1818769102,ims,97.136.193.134,1891158543,162659504,-4738,-14
huawei,52,226055036983031,40732584825,2024-09-04 06-43-17,149.1.145.34,-1688241714,internet,112.87.203.247,-724571777,598813742,14790,-8
huawei,-49,226058895599942,40749945626,2024-09-04 06-44-12,125.137.67.29,-321758890,internet,220.221.241.33,165931663,-2005070117,889,16
huawei,-20,226057775354814,40701210598,2024-09-04 06-44-44,138.44.4.236,-1470583357,ims,237.167.1.93,1617201681,-1186762946,27097,-108
huawei,-51,226052905132010,40743429494,2024-09-04 06-42-45,150.255.215.16,811959790,ims,43.241.30.64,1998505279,165270139,4613,-101
huawei,-82,226052697105347,40757747513,2024-09-04 06-44-01,93.27.197.51,-669296891,ims,97.83.255.74,-1749755021,-1284537617,-2521,-101
huawei,-77,226057729491830,40750755449,2024-09-04 06-44-05,233.220.82.167,-766721682,ims,104.74.132.80,-565786567,134744366,-1487,6
huawei,69,226052917111361,40730056129,2024-09-04 06-40-28,120.12.146.105,636417589,internet,221.127.155.18,2061021510,239140314,15611,-97
huawei,46,226050034960493,40768557631,2024-09-04 06-44-38,36.131.236.148,465087092,ims,166.172.26.35,785575646,-282052328,16976,39
huawei,78,226057637169749,40762729695,2024-09-04 06-42-15,178.160.240.24,-1520783519,internet,238.41.66.100,1127249910,1862254158,-16696,97
huawei,109,226055761294107,40792549527,2024-09-04 06-44-00,65.87.83.248,-1266332939,ims,195.185.33.181,-489307937,377746017,-3053,-97
huawei,-90,226052101461073,40776903893,2024-09-04 06-41-23,62.137.12.138,-729400857,internet,132.82.55.133,-1618510500,442901971,29517,-40
huawei,-39,226054029765185,40792574995,2024-09-04 06-42-53,132.93.142.193,-1352510593,internet,118.161.204.74,-831058444,-1975804970,-28479,-122
huawei,-65,226052374076126,40747887754,2024-09-04 06-41-39,16.242.137.147,185999909,ims,18.125.29.120,-809801285,-1701179245,10994,47
huawei,-22,226058869688566,40787259659,2024-09-04 06-40-38,106.120.82.201,-1830115977,internet,109.77.242.242,-35546421,-996365486,31617,68
huawei,0,226053078333080,40757898499,2024-09-04 06-42-52,68.44.116.36,2087603847,ims,12.52.178.151,867311891,-141718836,-19124,-28
huawei,71,226059618867384,40766433083,2024-09-04 06-43-10,65.223.18.110,-1099108142,ims,143.123.6.65,-589672859,-1505284625,2897,-29
huawei,55,226055015155191,40710958358,2024-09-04 06-40-21,76.71.184.107,-1014551628,ims,146.70.165.182,-220085227,-279007416,-26042,73
huawei,-69,226050297601583,40726025033,2024-09-04 06-41-26,188.227.162.171,348460716,internet,173.219.163.37,1493764998,-1054248954,-13050,86
huawei,45,226054336199528,40732013828,2024-09-04 06-44-37,25.7.178.14,604449950,internet,6.250.212.50,-1437340268,-1286139104,-2430,-65
huawei,61,226059673302461,40740254953,2024-09-04 06-42-09,253.1.14.77,-1951008213,ims,100.41.241.98,1447183947,121420019,-22645,-112
huawei,-100,226059538320762,40792853667,2024-09-04 06-43-05,225.13.39.210,482851854,internet,62.126.76.81,1352844783,4229679,17997,11
huawei,115,226057524279545,40768690630,2024-09-04 06-43-35,168.75.199.214,950621671,internet,250.147.93.21,729195308,1733815351,31998,63
huawei,57,226058421463877,40715370233,2024-09-04 06-44-59,75.43.160.102,-2038093074,internet,181.222.184.35,1643234829,-582381315,-30833,-53
huawei,115,226053470229911,40760892879,2024-09-04 06-40-49,82.167.67.134,-56478284,ims,138.109.134.102,1450553392,1181344937,1491,-38
huawei,-68,226050236122909,40771914433,2024-09-04 06-44-53,103.63.144.113,-433049937,ims,188.237.75.143,1781816204,1438289893,30544,119
huawei,121,226058112130191,40734923280,2024-09-04 06-41-42,157.42.164.129,-568448038,internet,39.193.95.55,-1607808946,-1766627497,-19429,66
huawei,82,226054209644362,40796084902,2024-09-04 06-42-25,37.210.146.42,535869586,internet,124.66.101.217,-1736657877,-904466103,-26286,-48
huawei,-84,226053610853356,40790097471,2024-09-04 06-41-00,29.140.72.159,-328168796,ims,177.90.83.37,834102931,167265678,-8780,-70
huawei,-32,226052698504921,40700027825,2024-09-04 06-43-25,164.143.134.242,1631357646,internet,40.156.247.115,-1687278135,-1998196901,10382,-115
huawei,44,226056908708389,40700555429,2024-09-04 06-43-03,181.155.200.143,125298778,ims,182.147.180.0,904901068,59864027,-9470,60
huawei,27,226053159295586,40750426020,2024-09-04 06-44-35,116.14.91.154,-649618431,internet,183.14.239.155,859816008,-1776871709,-30024,58
huawei,87,226056120111109,40761619790,2024-09-04 06-44-06,130.220.9.58,1372501022,internet,253.159.41.59,-1434146259,-764139649,-2927,-74
huawei,-16,226058315707960,40796576573,2024-09-04 06-42-07,72.180.68.86,930612823,ims,69.49.31.130,1280956836,-873132586,3390,-23
huawei,-30,226056920459135,40745177219,2024-09-04 06-41-37,4.23.249.227,1441374638,ims,252.166.118.72,559501488,1882404984,14188,101
huawei,17,226059302233814,40712500627,2024-09-04 06-42-40,200.249.121.93,1826263065,ims,118.30.175.176,-199815044,2005522887,-5067,-35
huawei,76,226059775908958,40725584231,2024-09-04 06-43-57,164.211.173.220,-1305662527,ims,229.67.198.251,-665138779,1069378551,-4734,45
huawei,99,226051586655606,40782057716,2024-09-04 06-42-18,168.84.30.77,554226812,internet,253.119.22.135,901530230,-2145360424,-28385,-38
huawei,-70,226059433019267,40771184414,2024-09-04 06-42-23,31.105.113.245,1679750321,internet,208.170.29.138,-1006298857,2111752480,-19848,59
huawei,-111,226052829460562,40712995614,2024-09-04 06-44-44,54.76.186.66,1672001964,ims,128.81.205.106,-1502622415,312921696,16293,-32
huawei,118,226052885612786,40729085180,2024-09-04 06-40-57,34.133.140.241,-126668769,ims,53.172.122.245,-793723590,-1847878021,27722,83
huawei,-49,226056383211183,40704190641,2024-09-04 06-43-21,89.61.182.58,-1886288520,ims,161.227.162.18,-1178528036,2054846639,8024,68
huawei,-104,226058702203922,40749134339,2024-09-04 06-40-34,159.92.71.92,-713208192,ims,169.242.109.235,31689961,1385506970,6778,-35
huawei,80,226057435331280,40747272999,2024-09-04 06-43-43,203.172.231.244,-449628586,ims,110.202.177.19,1115330617,-218200205,4709,42
huawei,58,226057108281361,40704211131,2024-09-04 06-40-30,32.121.151.111,727598571,internet,239.178.41.13,-332256977,1619007381,-14869,-33
huawei,-85,226056561154178,40798375105,2024-09-04 06-40-49,99.20.213.170,396448971,internet,94.1.141.84,1600458718,887005158,-4835,-37
huawei,-128,226054180526116,40717417203,2024-09-04 06-42-53,44.241.157.127,-1663259902,ims,118.155.139.114,1838884898,-61610036,-14362,88
huawei,104,226055282420770,40794776014,2024-09-04 06-40-16,38.187.121.163,1284605254,internet,75.112.38.142,767017596,817755373,11385,-54
huawei,-6,226052890243985,40778199104,2024-09-04 06-42-27,239.61.110.213,-750168206,ims,179.148.58.149,1591920935,-685297441,-17233,-84
huawei,-44,226057037946235,40753895547,2024-09-04 06-42-09,206.148.222.229,-1520875675,ims,116.97.251.137,474580758,-1355869701,19174,36
huawei,-108,226059064002182,40748333481,2024-09-04 06-40-37,21.148.20.115,-822129195,internet,19.173.220.121,-1203834967,-1731181080,-3944,110
huawei,-30,226051747951203,40701383894,2024-09-04 06-43-59,135.77.80.12,-237951029,internet,68.20.160.253,-2115234177,-653191867,-4991,80
huawei,-10,226051444285791,40772571942,2024-09-04 06-40-53,58.214.132.209,2118710907,internet,153.255.67.252,1691534843,-205164043,-16757,102
huawei,21,226051422489786,40704344323,2024-09-04 06-42-50,80.26.114.180,1841531234,internet,251.89.146.251,1507490111,-579285691,26508,-47
huawei,-122,226054604134377,40763997077,2024-09-04 06-43-13,75.1.65.64,161146210,ims,99.208.148.182,-897355145,1663169389,7054,-17
huawei,-49,226053513331408,40773979357,2024-09-04 06-40-13,244.50.217.61,1235904859,internet,207.46.36.89,-1159005635,1286302802,-7714,-62
huawei,-81,226052264728744,40705277456,2024-09-04 06-44-03,98.171.83.71,395153039,ims,166.188.125.156,-1522186220,-1287556547,-28746,16
huawei,-120,226054240699529,40704774449,2024-09-04 06-44-43,109.141.189.247,-997733360,internet,172.207.230.226,775605158,-1650080398,847,-127
huawei,113,226052858623169,40703159807,2024-09-04 06-41-48,253.117.116.39,359032192,ims,174.191.7.237,-1636199789,2030699886,9035,86
huawei,54,226058685577941,40732717331,2024-09-04 06-45-01,138.178.167.18,1438346649,internet,52.217.70.240,76689411,-1711150085,-8535,87
huawei,-113,226051391474984,40743488545,2024-09-04 06-42-26,83.41.88.106,-745717558,ims,106.233.47.142,-1469314640,-651786620,5086,-114
huawei,71,226052743067016,40731551403,2024-09-04 06-43-24,130.244.43.23,2077290423,ims,148.128.220.65,-172540545,-917142150,32512,8
huawei,-84,226052070697066,40735838336,2024-09-04 06-43-02,38.51.3.58,1166182276,internet,254.229.130.32,-2099602815,1286666987,13803,107
huawei,104,226055823429573,40773084927,2024-09-04 06-41-48,221.157.24.11,1879972581,internet,158.242.42.102,2076174555,-2112355844,430,-80
huawei,-106,226057453547797,40784296548,2024-09-04 06-42-33,65.167.22.69,1691746214,internet,116.38.32.23,260653727,2056536742,785,-67
huawei,-80,226054338034790,40750514845,2024-09-04 06-40-03,33.154.253.185,388521151,ims,118.39.87.32,703596319,-1077160826,29238,-57
huawei,-63,226053665504055,40750022797,2024-09-04 06-42-52,230.178.13.7,1916908717,internet,40.211.21.134,1715219127,1132842505,-21661,-91
huawei,62,226054051939385,40764980178,2024-09-04 06-43-59,49.143.240.241,-1459419193,internet,177.158.163.218,-1522080304,-1245011822,-30631,-114
huawei,-87,226052894708603,40728731881,2024-09-04 06-43-52,122.221.149.123,-884500743,ims,23.59.182.236,-415563541,-2120539051,-29217,50
huawei,105,226056241643533,40757588444,2024-09-04 06-42-02,162.127.126.134,-1498906165,ims,134.133.153.59,935036740,-605739447,27749,90
huawei,-62,226056391724635,40711279172,2024-09-04 06-43-32,174.219.241.35,56741407,ims,17.78.61.17,1327430645,-259700398,-13019,84
huawei,-34,226053092259028,40789203621,2024-09-04 06-40-24,170.211.206.185,-999775470,ims,129.60.106.174,-1215373422,-1772252006,-24754,-60
huawei,34,226055473236809,40799242207,2024-09-04 06-42-04,148.221.228.19,-1111670465,ims,224.141.90.111,2053169132,-1205474732,10824,122
huawei,83,226059546566359,40787971145,2024-09-04 06-44-56,139.86.134.0,1372387435,ims,212.60.249.146,-1364204388,-1164457833,-27741,46
huawei,75,226059497361650,40768834875,2024-09-04 06-43-37,246.11.134.217,1233569342,internet,111.189.191.103,-1186945938,1073636017,819,-19
huawei,-125,226057095898745,40747064396,2024-09-04 06-42-06,77.165.74.3,1569271373,ims,200.138.100.160,1241013647,-1689158844,184,45
huawei,0,226054061023618,40712534799,2024-09-04 06-42-20,240.4.95.162,-529437796,internet,111.147.5.56,1440651949,-132421561,14370,-59
huawei,-52,226051620207908,40702969588,2024-09-04 06-44-49,212.197.129.69,2090295194,ims,54.50.242.218,-1914588330,1707130020,-24535,41
huawei,41,226057400850129,40712063702,2024-09-04 06-44-56,162.91.174.18,-1912354903,ims,206.219.162.85,1613157549,-1348887237,10895,64
huawei,-112,226058080524155,40743727737,2024-09-04 06-43-18,203.203.46.128,-344013654,ims,6.229.59.56,1589589767,1747790132,12814,-14
huawei,101,226051087391662,40751384233,2024-09-04 06-44-02,46.98.165.219,-1945266552,ims,207.89.141.152,-548296843,42038294,19573,-104
huawei,-66,226058826695379,40734045652,2024-09-04 06-42-46,17.79.49.127,-58979552,ims,116.246.249.0,1731788154,-2028049557,-3335,-31
huawei,53,226056148276767,40799780340,2024-09-04 06-43-05,67.177.36.184,252789425,ims,233.26.155.243,-350293456,414358985,19687,123
huawei,92,226052633957564,40702178411,2024-09-04 06-45-00,71.195.21.149,-1481763032,internet,221.188.222.210,-5871103,54722022,-20547,-26
huawei,-20,226056626466999,40797414250,2024-09-04 06-43-53,127.208.68.177,1756134312,internet,145.40.48.156,-785033223,-751287675,30504,-66
huawei,-114,226055501552381,40734409850,2024-09-04 06-42-46,179.144.35.187,1251678004,internet,138.73.209.155,-795604571,-2036769270,-25989,68
huawei,3,226051745316152,40777657515,2024-09-04 06-40-54,129.253.25.105,449020175,internet,128.210.5.68,-187620125,-2077872203,28025,124
huawei,-40,226058202823756,40703235891,2024-09-04 06-40-35,61.13.94.10,-784303890,ims,16.113.82.214,-564911652,2093949920,11860,-58
huawei,-45,226057515399211,40712889376,2024-09-04 06-42-48,16.212.36.162,-1812451158,ims,59.133.20.223,1393390703,957551990,731,76
huawei,-111,226053556217780,40775251730,2024-09-04 06-42-20,183.59.252.118,-145068782,ims,87.233.210.201,-1164112735,1412273822,-18882,85
huawei,-105,226052511364225,40768813363,2024-09-04 06-41-09,204.73.73.9,-1147692939,internet,188.147.234.169,-572549127,735196112,-27509,-32
huawei,125,226055045031844,40708447769,2024-09-04 06-44-15,164.200.199.147,-53922612,internet,30.115.47.104,-189659561,2037001483,-28839,114
huawei,124,226057882014542,40732424287,2024-09-04 06-40-01,224.92.80.177,1424981281,ims,95.142.92.67,1224653409,1504180281,1923,34
huawei,-57,226056647958622,40782678193,2024-09-04 06-44-43,227.195.166.250,-1996891947,internet,253.158.133.114,1972338524,-1911287529,-8217,123
huawei,-58,226050412042623,40706590488,2024-09-04 06-44-10,230.245.93.153,728809716,internet,218.150.37.35,1080096590,2022656068,-25671,72
huawei,-59,226054580090146,40746204451,2024-09-04 06-41-24,55.177.22.178,1545587539,internet,89.97.229.72,135389063,1167027639,29333,8
huawei,-60,226059157621701,40711172988,2024-09-04 06-41-56,141.137.127.45,-400705913,internet,71.44.74.235,-577694560,519313078,-23990,-66
huawei,-4,226055509804495,40725429262,2024-09-04 06-43-31,52.137.178.156,65459830,internet,62.209.241.241,1600197725,-348293220,-22454,-18
huawei,108,226057697724062,40731230167,2024-09-04 06-40-57,240.41.27.189,2041953452,ims,111.60.134.86,-1315916618,1100670001,25217,-75
huawei,-119,226051965500304,40747067014,2024-09-04 06-41-59,245.117.135.100,1451163443,ims,183.108.26.56,-421460536,1015491759,3284,127
huawei,27,226059684807369,40799415319,2024-09-04 06-41-27,195.22.189.73,55867603,ims,105.130.136.112,-616779341,927633535,-2339,-25
huawei,90,226054230209577,40755888186,2024-09-04 06-42-14,213.197.164.94,-122545781,ims,246.218.184.232,-2064402666,329328010,-10773,-87
huawei,65,226058571844293,40714019297,2024-09-04 06-40-38,197.4.147.174,1995827123,ims,247.214.166.0,783813076,218098166,-20331,-38
huawei,94,226053166894695,40702071650,2024-09-04 06-42-36,36.0.2.54,-597682390,ims,189.38.103.202,-1194214768,788300796,32538,-102
huawei,59,226058852674132,40725269205,2024-09-04 06-40-53,56.131.220.144,1760862651,ims,251.16.243.206,644684813,-1199546594,-13613,40
huawei,124,226051348338573,40750498029,2024-09-04 06-41-48,254.239.134.127,-340513861,internet,35.93.122.52,2025934678,1661654431,11835,21
huawei,-35,226056929008183,40741731558,2024-09-04 06-40-50,162.78.43.236,416248527,ims,254.6.89.65,317886069,-1008545,-3096,126
huawei,-13,226053603247343,40764470717,2024-09-04 06-44-04,129.244.224.32,-579570455,ims,90.212.171.164,894178155,-1225111749,15997,125
huawei,79,226054491375482,40748177037,2024-09-04 06-42-40,183.71.113.202,2052912524,ims,59.239.250.142,12330804,-232276745,9962,-110
huawei,-89,226059570890083,40735347824,2024-09-04 06-41-47,141.252.185.86,-151357774,ims,146.42.58.227,918954484,-966906629,6412,60
huawei,-83,226058824855440,40764733660,2024-09-04 06-42-52,100.163.120.64,1943337395,internet,96.134.231.83,1240960519,1891720107,32644,69
huawei,62,226054425744436,40714644525,2024-09-04 06-41-46,178.227.241.174,352588110,internet,148.31.103.87,1107908036,644558628,-1214,-40
huawei,66,226053534975709,40781288583,2024-09-04 06-44-29,192.229.188.135,-464372508,internet,83.2.175.130,-461221327,-532114385,-27645,-10
huawei,-33,226054542326022,40795043756,2024-09-04 06-42-19,64.233.117.146,-112203710,ims,9.118.211.218,-1232990117,-177895541,-23521,-125
huawei,9,226053800223525,40738531569,2024-09-04 06-40-30,121.31.32.75,1230510995,internet,190.151.20.14,-1116891611,796574030,-16686,-123
huawei,-27,226054740382793,40717454752,2024-09-04 06-43-01,64.193.34.60,1501253910,internet,135.149.119.67,-909733077,2145034335,-5264,-103
huawei,55,226055815453222,40766154045,2024-09-04 06-40-23,162.85.69.178,-1286401580,internet,204.43.162.194,698116417,1654382628,32296,-13
huawei,-4,226054826046284,40708631468,2024-09-04 06-43-18,65.92.245.210,1914743456,ims,32.158.168.120,-1453183472,742467137,7428,38
huawei,-86,226059635618589,40741168547,2024-09-04 06-42-27,36.17.138.117,-1736342982,ims,40.180.252.49,-1176237990,-310065621,-2802,-87
huawei,81,226055756895405,40714801427,2024-09-04 06-40-48,249.102.44.100,-262090288,ims,238.180.189.119,531138682,2031581814,-5721,-83
huawei,85,226058689662449,40777737402,2024-09-04 06-42-23,104.97.82.90,-1594647074,ims,93.130.32.126,-139743793,-1687387264,16646,95
huawei,78,226057384550728,40783868677,2024-09-04 06-44-00,151.149.234.10,944895890,internet,236.153.143.212,536549951,578322858,-18814,55
huawei,-107,226050040316823,40775917113,2024-09-04 06-43-24,50.198.179.207,-1760298586,ims,87.167.49.114,-1690727327,-1768329054,16636,15
huawei,114,226059624423391,40743461246,2024-09-04 06-43-13,104.126.178.81,21278580,internet,161.137.102.99,841398660,1719445054,-14219,68
huawei,-84,226058835755124,40720243619,2024-09-04 06-43-37,151.122.128.178,1697650973,ims,130.98.219.150,-1043014290,1605390039,-12179,74
huawei,91,226050637291637,40760671583,2024-09-04 06-40-40,237.208.150.225,1986748669,ims,66.165.61.82,-544606780,1701150689,-20728,26
huawei,88,226059593033444,40765017904,2024-09-04 06-44-58,125.213.56.28,581881873,ims,246.121.75.20,73560744,1974321023,9871,116
huawei,-35,226050602134152,40708582611,2024-09-04 06-43-29,90.92.212.183,-1144174075,internet,231.152.24.35,1442530946,-162567305,-25199,-9
huawei,2,226056830124068,40789719983,2024-09-04 06-41-29,26.84.29.53,1856518847,internet,140.248.7.124,897112044,-1448444905,-18424,0
huawei,68,226054582935762,40790156866,2024-09-04 06-41-30,103.157.205.249,-1650590119,internet,198.112.75.183,837813207,137419343,17268,77
huawei,21,226059726459023,40704548955,2024-09-04 06-44-55,205.160.3.233,331216991,internet,91.157.105.86,1293673246,1466573788,-6142,50
huawei,59,226050168779039,40752997316,2024-09-04 06-44-48,123.215.227.135,-1162622368,ims,207.60.228.79,-623616497,-936707489,12519,-122
huawei,-61,226051036411959,40774553779,2024-09-04 06-40-08,109.78.180.18,1377368118,internet,126.108.69.221,-214114143,-1244832524,12268,-22
huawei,81,226057589706030,40700708909,2024-09-04 06-40-14,188.87.92.72,-42805784,ims,241.72.213.162,602178810,-1128614638,31911,113
huawei,-57,226056519638486,40769178779,2024-09-04 06-41-04,120.207.42.33,849465038,internet,124.245.75.204,1012140188,-1833465901,-25230,17
huawei,-126,226050355822175,40705754301,2024-09-04 06-44-55,2.170.135.254,1404554193,ims,86.54.85.62,1652782639,746243733,545,-89
huawei,62,226053996810413,40786419648,2024-09-04 06-42-40,25.227.82.57,-1462901906,internet,210.211.106.79,-167314323,-1210803095,-15880,84
huawei,43,226052588817129,40795412732,2024-09-04 06-42-14,49.250.98.10,-2055032510,internet,97.129.213.156,955345269,558727454,4929,53
huawei,-84,226055647811894,40753655349,2024-09-04 06-44-30,57.132.255.179,-1454414854,ims,14.90.29.65,-1875202400,604861070,-4628,-105
huawei,119,226053244596051,40705406626,2024-09-04 06-40-29,33.4.8.226,433058676,ims,43.210.86.161,96207201,1883712452,10733,106
huawei,98,226052744807217,40762677835,2024-09-04 06-41-07,27.129.232.253,-1714750413,ims,150.221.251.85,21269789,-157461827,1828,-6
huawei,73,226059748608136,40749062778,2024-09-04 06-43-30,147.76.74.211,-1225756020,ims,86.186.4.28,1184865725,-217797789,-5746,-69
huawei,-121,226056529459940,40733260900,2024-09-04 06-42-21,111.130.229.122,659237951,ims,134.62.182.113,2030001592,-670177801,-26330,-113
huawei,-119,226057438826435,40724853063,2024-09-04 06-42-38,109.238.206.168,-650437863,ims,104.23.76.232,1067613116,2044671042,-4501,-46
huawei,-44,226055045617414,40789969903,2024-09-04 06-43-10,169.154.107.239,-471850058,ims,74.65.109.20,139806930,-182328250,30812,89
huawei,-94,226053323416063,40757717835,2024-09-04 06-42-51,104.63.57.91,-1529349203,internet,28.188.111.153,1102683995,1980319108,32087,-112
huawei,97,226058437305512,40723993949,2024-09-04 06-42-51,106.248.3.188,-594507744,ims,234.0.191.218,-1037728247,1928274587,27699,108
huawei,14,226051389928780,40759553287,2024-09-04 06-40-50,254.69.60.33,1431142879,internet,102.80.250.238,-1880700808,-163152785,27229,87
huawei,-31,226051235302880,40791851891,2024-09-04 06-43-35,195.207.48.142,2066464916,ims,224.137.103.77,1189253334,1388162730,-11541,-121
huawei,-85,226051821482111,40712215975,2024-09-04 06-41-25,50.192.244.112,-354815221,ims,90.89.127.225,-1427694930,-499180291,28134,-79
huawei,-126,226059241829576,40770987254,2024-09-04 06-41-55,145.68.24.48,-181495772,internet,194.102.205.208,-530324940,223364349,-19969,18
huawei,39,226051693122773,40791100331,2024-09-04 06-44-15,135.83.106.229,-1691525242,ims,68.153.238.163,235227667,-734390028,-26590,-84
huawei,-128,226053513377240,40726962274,2024-09-04 06-43-56,223.101.220.239,-2007820443,internet,225.64.55.3,-1055606760,-1336500734,-12903,-109
huawei,90,226052244326689,40733275067,2024-09-04 06-40-56,155.118.133.242,667267220,ims,172.24.108.28,1768732656,1460134686,8488,-43
huawei,45,226054137782893,40797936796,2024-09-04 06-43-31,197.67.52.143,-379252249,ims,75.209.218.89,-900271490,731832708,4473,-104
huawei,-81,226054015929239,40707905592,2024-09-04 06-44-12,121.253.34.23,1519220970,internet,249.24.234.88,-474073565,-406828978,-21795,42
huawei,-62,226053333240995,40728906834,2024-09-04 06-40-08,116.54.181.126,-2070881850,ims,34.149.65.44,-930755275,-214244670,11343,123
huawei,-25,226059967966614,40738467289,2024-09-04 06-41-23,218.71.212.67,-889311727,internet,117.86.10.119,-284473300,1425739750,29578,-16
huawei,122,226054518433445,40708923954,2024-09-04 06-43-21,148.215.42.21,188204306,ims,136.11.206.38,-150622916,-263949272,-3821,-57
huawei,101,226052329157882,40793717007,2024-09-04 06-42-57,181.24.172.97,1241733999,ims,25.73.103.126,1585512879,2000062447,-492,-39
huawei,120,226059973180511,40748710972,2024-09-04 06-41-31,32.50.19.178,110524500,internet,121.59.60.25,323582559,813224550,-9518,-71
huawei,73,226054040708860,40755676501,2024-09-04 06-43-57,194.229.154.86,228627306,internet,57.150.130.162,1987077081,-300697369,30274,91
huawei,-31,226054634941716,40792205726,2024-09-04 06-43-36,84.99.153.175,1331543016,ims,91.176.249.36,859818085,-1941048442,-2048,10
huawei,61,226055252836928,40794227732,2024-09-04 06-40-23,161.151.57.38,-700945939,ims,48.205.161.233,-1674251578,1890531025,13710,101
huawei,68,226053212406774,40734077049,2024-09-04 06-40-42,115.42.211.111,-1866976980,ims,136.49.110.249,-912303464,-1382960220,19711,-24
huawei,97,226059036973940,40703385221,2024-09-04 06-43-06,188.27.198.227,336478696,internet,242.89.252.68,-1254920212,-1743485388,8055,101
huawei,-111,226050888593345,40737600903,2024-09-04 06-42-40,104.28.129.222,1027588585,internet,178.139.211.155,1432535732,1230484487,-27211,-55
huawei,81,226059104798546,40750656707,2024-09-04 06-40-18,195.199.113.46,-1403976614,internet,9.255.188.200,1893813511,-1624366559,-10107,-92
huawei,68,226058374466510,40705527088,2024-09-04 06-42-32,142.200.134.161,685807020,ims,108.35.167.36,-1077644793,1435870192,-6031,6
huawei,-64,226050470707113,40758681803,2024-09-04 06-44-13,218.189.195.97,1384295702,ims,63.217.205.119,-1609920543,44581025,-17330,125
huawei,-109,226051544075148,40798850857,2024-09-04 06-41-35,180.29.49.43,1674957001,internet,164.139.234.135,-721687616,116155386,-6308,-39
huawei,118,226050563597772,40712910862,2024-09-04 06-40-48,24.126.67.142,-1746033973,ims,99.58.59.136,-1062669956,-1073366253,20491,111
huawei,63,226057412274037,40716160409,2024-09-04 06-42-12,1.131.30.229,767071719,internet,193.39.78.127,-1576080403,1293804923,-908,-110
huawei,-54,226055816168912,40753260581,2024-09-04 06-42-50,13.207.116.76,1571904886,ims,87.103.187.2,-583364202,1263450563,-5700,-113
huawei,-27,226050733198605,40740160321,2024-09-04 06-43-14,131.104.189.50,-615830953,ims,22.194.40.21,-925931356,1035472650,-1099,-1
huawei,-109,226051434552544,40730807597,2024-09-04 06-43-22,243.80.0.220,1827072193,internet,97.74.55.107,-923019387,312377111,-27653,96
huawei,-79,226059414625572,40706693404,2024-09-04 06-42-41,42.72.106.1,-1742975445,internet,0.249.173.154,1022574381,-1779123866,-22228,92
huawei,87,226054348546486,40717627616,2024-09-04 06-40-09,159.218.245.226,-860737973,ims,117.58.102.131,1495138148,-1435944386,-7398,-128
huawei,-124,226054148273785,40764972739,2024-09-04 06-44-36,246.29.54.110,-734921703,internet,131.87.36.15,112159150,-691089270,17926,103
huawei,-106,226058869748679,40717692800,2024-09-04 06-43-03,96.206.147.41,1550768622,internet,8.194.3.224,-1543283947,-2025925907,-30810,-43
huawei,-44,226056462311731,40791622589,2024-09-04 06-44-52,124.114.38.83,1736787929,ims,151.244.239.194,164953463,-2129208429,-2203,64
huawei,30,226051628231247,40781632938,2024-09-04 06-41-11,192.200.212.59,-798917406,internet,9.108.164.191,-189490818,-1413960769,-16666,30
huawei,85,226059423010029,40751349158,2024-09-04 06-41-58,93.72.242.56,-1022673733,ims,221.183.199.52,-1521953151,-907393368,-9860,35
huawei,-39,226051413691655,40715238996,2024-09-04 06-43-23,116.14.86.244,-300942494,ims,233.150.87.122,-1029462445,-790475141,25226,-94
huawei,-41,226050999848298,40742244060,2024-09-04 06-43-16,159.142.184.14,1258700623,ims,25.232.102.169,-661281314,-2067618158,-31844,8
huawei,43,226051560835123,40742122179,2024-09-04 06-44-45,142.75.54.66,-590160965,ims,24.69.108.143,965022953,71361178,7275,106
huawei,76,226050960513577,40760296994,2024-09-04 06-42-01,248.238.145.188,-1645113167,internet,55.199.14.225,932810542,-2771980,11052,124
huawei,-64,226051827136649,40747046877,2024-09-04 06-42-48,90.178.96.203,175288143,ims,229.149.61.122,-1405297853,1503872652,8580,-66
huawei,-81,226057255213272,40766861888,2024-09-04 06-44-50,126.223.148.248,-1625138496,internet,139.38.168.214,-825995657,784235092,26516,-95
huawei,-108,226052304588146,40776289866,2024-09-04 06-42-10,178.50.29.65,-743139183,ims,241.206.180.200,-432704848,-1198688175,-32495,-11
huawei,-33,226054601357863,40701702816,2024-09-04 06-41-15,134.230.244.74,-1294828053,internet,28.161.218.187,-508897306,1969291062,-16656,-47
huawei,-74,226050481371555,40700376311,2024-09-04 06-42-40,66.180.93.254,-1783487672,internet,172.73.203.56,1677890903,-1625452679,17848,-51
huawei,120,226056293896213,40716639218,2024-09-04 06-41-02,57.17.78.130,1918326548,internet,171.248.40.176,-914101313,1063359029,-31515,-88
huawei,84,226057667669630,40798657736,2024-09-04 06-43-23,207.168.253.47,1628796679,ims,184.90.145.125,-1739009653,347678848,-30400,78
huawei,23,226051343403219,40701612049,2024-09-04 06-40-27,209.76.73.67,1690004649,internet,92.164.51.163,910052502,511868365,-452,-20
huawei,-72,226058632030717,40710902137,2024-09-04 06-42-28,229.175.131.99,-1621619058,internet,211.200.200.185,-1363817397,2100570091,20912,64
huawei,-108,226057259247186,40778144225,2024-09-04 06-44-01,47.175.152.24,-1717409695,ims,77.218.174.88,-494898682,-175062288,9007,119
huawei,-52,226054600055310,40756890864,2024-09-04 06-41-30,30.83.8.237,-943190446,internet,4.135.163.223,992681055,978940437,-3151,-119
huawei,-1,226051892274771,40701912780,2024-09-04 06-40-26,247.84.29.131,-1306005060,internet,249.37.0.51,170330910,130015455,5133,-99
huawei,-80,226059448126230,40706428570,2024-09-04 06-41-53,188.194.183.193,376493142,ims,51.175.99.167,1492317877,-1106107019,-5760,-6
huawei,117,226054568911113,40773244408,2024-09-04 06-42-13,29.212.29.135,-1690046725,internet,98.93.121.160,370079340,-1527749573,2386,-106
huawei,-55,226050693596423,40728005903,2024-09-04 06-44-27,252.119.31.49,949833849,internet,123.99.26.152,1448042016,-526352611,11588,33
huawei,-13,226053322225458,40762759503,2024-09-04 06-40-20,193.79.59.249,797288269,internet,149.196.145.166,-2095452940,-385526320,32356,-44
huawei,-69,226057939725178,40779922059,2024-09-04 06-44-10,17.222.249.87,902801047,internet,236.251.183.133,-924424158,-431120252,-22019,28
huawei,49,226053578606101,40740228664,2024-09-04 06-44-44,205.104.102.192,-367345949,internet,62.170.188.148,1862775395,1820808617,-8429,38
huawei,1,226054016842711,40747522688,2024-09-04 06-43-40,237.196.171.236,-1928711060,internet,237.229.105.58,1532001601,-689538868,-9324,-50
huawei,-88,226051585315293,40707339601,2024-09-04 06-42-00,119.110.205.202,1973252474,ims,94.235.178.227,552697379,1621784666,21542,-79
huawei,101,226058292865084,40795508957,2024-09-04 06-41-23,10.231.210.14,1677012846,ims,29.70.230.217,-1619934425,1099555487,-29143,-80
huawei,-59,226051381404441,40722821096,2024-09-04 06-44-29,31.90.213.180,319369093,ims,245.61.98.215,1692871168,1280508478,-13811,17
huawei,111,226059911773323,40730519519,2024-09-04 06-41-58,32.70.46.77,1929591380,ims,132.20.163.14,1287945404,-2002734546,18726,2
huawei,115,226056988501627,40738644347,2024-09-04 06-43-08,42.62.64.248,-1880366427,ims,215.220.165.222,739893000,-1036783668,-29736,-125
huawei,-109,226050240682567,40789921471,2024-09-04 06-42-15,101.190.109.178,-2102354912,internet,75.60.40.62,-921347791,-2003293202,-13066,-109
huawei,111,226056579415915,40776504005,2024-09-04 06-44-07,61.154.2.140,-1786141266,ims,38.134.45.181,-1838608474,667908938,-5309,119
huawei,71,226054743791181,40707442095,2024-09-04 06-43-13,231.184.4.24,-1088043382,ims,126.130.14.194,190299647,2090372204,-23958,1
huawei,12,226052087608722,40732093210,2024-09-04 06-44-30,118.22.173.241,1831501928,ims,171.234.33.214,-975106662,1860474074,26145,-106
huawei,8,226053676579018,40798758276,2024-09-04 06-40-29,51.19.187.30,1531032060,ims,79.113.14.234,147592240,-1675465799,-21894,78
huawei,18,226059523450437,40787172496,2024-09-04 06-40-01,127.3.23.161,383637047,internet,131.122.206.28,466604937,-514880847,-26546,35
huawei,-117,226057362324211,40796783440,2024-09-04 06-42-07,101.246.103.176,-157248886,internet,132.205.26.171,-2069532492,-352267417,13403,33
huawei,103,226058014096954,40767777772,2024-09-04 06-44-20,104.239.253.64,166258925,internet,120.58.77.23,813403552,693740233,-18113,-78
huawei,56,226052935591867,40731216549,2024-09-04 06-41-17,179.75.22.129,-1331474813,internet,197.53.229.126,686610054,651362592,16176,-34
huawei,-60,226059058205277,40769816835,2024-09-04 06-43-55,138.241.124.3,-1912230014,internet,3.26.72.122,-1807587686,961604216,-30806,-105
huawei,87,226053022704113,40793977276,2024-09-04 06-44-35,194.11.28.139,294896021,ims,67.69.235.227,-2142394322,-854989617,-11225,-99
huawei,-8,226057880145019,40780954696,2024-09-04 06-41-18,59.174.165.116,390643047,ims,133.239.177.44,-1519297371,-1899846999,-4847,17
huawei,89,226058564193426,40712109571,2024-09-04 06-41-47,54.103.239.12,1073693006,internet,107.156.187.214,269833603,482967727,25207,-96
huawei,-26,226055471292556,40740529232,2024-09-04 06-40-51,9.246.35.36,1744281886,ims,8.201.158.189,-1184766851,-1143809018,-9005,-42
huawei,17,226051270238807,40771760221,2024-09-04 06-44-15,93.1.68.128,1581878003,ims,19.7.202.149,-335426355,-105997413,10174,-65
huawei,-48,226058912454406,40732436227,2024-09-04 06-44-37,225.129.106.30,1202882686,ims,93.205.223.197,2019183094,262106599,-1512,31
huawei,-72,226055189444332,40705115389,2024-09-04 06-41-04,74.35.97.37,933943512,ims,80.158.32.208,-1994028095,625696053,-22684,104
huawei,-55,226056303472808,40779932769,2024-09-04 06-40-33,100.83.230.243,1754326058,ims,121.202.31.27,-1825997101,1817172836,26767,44
huawei,-55,226057918795909,40731788056,2024-09-04 06-43-44,76.187.143.215,-1218073632,internet,72.213.96.161,-2139571008,-200182135,13790,127
huawei,-93,226059323823462,40780355845,2024-09-04 06-43-54,59.101.150.241,-35676372,internet,71.126.220.78,-976260806,854973144,-32560,-116
huawei,101,226053508103826,40751990263,2024-09-04 06-40-46,126.135.107.155,-1632472472,internet,229.150.248.8,-1460628272,1817290941,-26851,-103
huawei,76,226050364965097,40799183407,2024-09-04 06-40-05,179.171.248.124,-1649131831,ims,132.14.217.192,-2008614748,258119759,5181,24
huawei,87,226050641795706,40779078077,2024-09-04 06-43-46,184.207.137.255,891158666,ims,44.141.83.173,1899195078,-719817488,3802,-83
huawei,-96,226050144711369,40734967296,2024-09-04 06-44-13,0.58.143.119,1977336441,ims,231.140.182.96,-1554468000,429991924,-10540,121
huawei,55,226055881370432,40781317589,2024-09-04 06-42-24,172.155.183.133,634286168,internet,141.126.87.70,1667605600,-278954217,-20680,78
huawei,16,226054026264207,40731552876,2024-09-04 06-41-19,10.31.161.2,1789729912,ims,177.214.131.249,1989484674,199433087,18977,14
huawei,87,226058251961292,40757523442,2024-09-04 06-40-46,119.6.89.135,1371810687,ims,100.242.182.241,-565091817,-1822201342,-25233,-17
huawei,27,226052291629953,40770112852,2024-09-04 06-41-45,193.229.135.30,-788637618,internet,94.87.194.121,611668275,-373591274,189,-92
huawei,-85,226057911225844,40757354346,2024-09-04 06-41-34,16.77.208.14,1658874044,internet,25.108.123.243,498112313,-1701675458,-19894,104
huawei,109,226050018977621,40780812947,2024-09-04 06-40-19,51.145.234.210,-732677779,ims,194.222.214.81,963785060,1568458246,-1712,-29
huawei,-67,226055598846936,40719991418,2024-09-04 06-41-30,254.60.9.70,-373609446,ims,14.220.73.111,22427818,446728096,19899,72
huawei,-52,226059836762511,40777267651,2024-09-04 06-43-03,63.168.200.108,-382399470,ims,157.127.191.115,180040756,1328767441,30066,-71
huawei,106,226055056480803,40737989901,2024-09-04 06-40-55,55.19.169.235,-128925859,internet,32.5.150.237,-1448478889,1565145253,-15407,-62
huawei,-55,226059789381612,40706657374,2024-09-04 06-43-17,69.134.188.88,785790006,ims,47.205.145.105,-841800461,956720028,12010,120
huawei,78,226056184705106,40728473764,2024-09-04 06-43-54,120.164.27.146,-1030495576,ims,61.150.20.96,-1009809949,-1621734148,-14994,29
huawei,-104,226059594968092,40730994666,2024-09-04 06-43-10,190.137.200.55,1449787837,ims,223.46.212.123,-2124036553,-1120576651,-19527,-29
huawei,115,226056876980344,40716986044,2024-09-04 06-40-15,210.128.46.34,-2042776213,ims,174.32.194.112,-1762348010,-1575474050,-31077,108
huawei,-19,226053814081715,40737240085,2024-09-04 06-44-50,37.74.238.217,1954667750,ims,126.48.85.49,1089966683,-138422407,-10634,119
huawei,47,226052483286748,40736540400,2024-09-04 06-43-36,228.84.179.156,-416975320,internet,46.146.114.237,-283067589,225591100,16005,-35
huawei,-42,226050728765664,40759266654,2024-09-04 06-42-57,213.154.248.44,-1584187001,internet,82.93.214.70,-1736727399,1894789371,11712,122
huawei,-102,226055480554922,40742935449,2024-09-04 06-40-47,74.41.213.154,-210802691,ims,125.100.118.54,455248103,-234331094,-11089,72
huawei,-17,226058439148065,40721985541,2024-09-04 06-44-16,86.104.228.12,1398386596,internet,131.91.78.93,1743313579,-970380523,28848,-112
huawei,-77,226059182216303,40708308470,2024-09-04 06-44-14,156.43.219.83,-861426310,internet,135.187.186.73,-1932530971,-1418542458,27695,-23
huawei,-109,226052012285445,40795279564,2024-09-04 06-44-18,4.79.193.125,-856045135,ims,208.219.39.117,-492448114,-581137485,-28863,-63
huawei,-50,226059270872208,40732977312,2024-09-04 06-41-05,255.94.165.21,341880205,ims,80.35.44.37,1452382622,1748757033,-16227,-18
huawei,-16,226055248924642,40775454957,2024-09-04 06-40-07,2.226.141.24,353388322,ims,199.192.239.7,1661403785,1266566005,1371,-33
huawei,-82,226057109292005,40735801722,2024-09-04 06-42-17,189.205.73.50,143022676,internet,16.146.170.177,-594310829,-881533257,16993,58
huawei,-68,226059152964362,40731740400,2024-09-04 06-44-17,250.40.26.211,-1671097507,internet,67.100.163.244,-283768906,-1966008212,-31783,-39
huawei,72,226058300643166,40774350224,2024-09-04 06-44-41,213.235.180.64,1366477728,internet,85.97.215.55,112802340,-783346882,28250,-82
huawei,-40,226053074404505,40783401221,2024-09-04 06-44-06,135.122.8.211,-1676977841,ims,24.41.90.163,-2014228510,1122543633,27687,-105
huawei,34,226052387267723,40731609161,2024-09-04 06-41-34,118.217.192.77,1128513141,internet,129.234.101.34,2136941053,-831037437,2086,-41
huawei,-93,226057949646694,40779635061,2024-09-04 06-43-01,15.38.68.33,-634741406,ims,71.176.132.238,381314997,975632760,-24031,-11
huawei,11,226058860619120,40785596923,2024-09-04 06-42-36,156.247.60.52,789602237,ims,218.7.172.47,-1725113671,-214164133,-12455,-107
huawei,42,226059920105955,40794051697,2024-09-04 06-44-23,186.202.213.91,-1635031368,internet,64.150.216.128,1557287442,1596610563,1644,50
huawei,24,226052453680618,40754082289,2024-09-04 06-44-34,40.43.31.237,-1419362624,internet,220.56.8.7,-509763701,1096624552,4277,-67
huawei,-96,226051039848592,40772366515,2024-09-04 06-44-53,175.86.120.223,27808546,ims,95.73.151.167,1013169984,673010602,20708,94
huawei,33,226053064625021,40751757937,2024-09-04 06-43-18,159.85.20.54,1166713757,ims,66.84.115.225,1808121119,-1967041710,-15892,12
huawei,125,226051139568291,40751948273,2024-09-04 06-42-04,248.22.154.86,-589891359,ims,77.85.230.190,-1436470849,-488122837,19687,86
huawei,-104,226058801633941,40778499117,2024-09-04 06-43-58,235.29.202.175,1664356652,internet,5.96.146.185,-251508325,373713447,-20335,-7
huawei,31,226056414967360,40712235502,2024-09-04 06-40-33,215.105.9.85,2123808972,internet,99.9.125.145,1413969049,438620832,28878,-108
huawei,-47,226056698877552,40791865722,2024-09-04 06-43-30,49.116.200.94,1543823917,internet,70.136.212.19,-779359396,1009110952,20560,-43
huawei,104,226052287286840,40763921353,2024-09-04 06-40-28,133.145.123.209,917914997,internet,77.156.84.125,-929525585,924636360,4164,-9
huawei,-22,226054389669541,40705160363,2024-09-04 06-42-31,198.56.93.32,729232596,internet,61.59.89.244,-1241068966,1140237434,2219,-121
huawei,-20,226050022427188,40707127882,2024-09-04 06-41-47,226.215.242.195,-720020016,internet,193.104.95.195,-1977802488,-264021290,-23513,28
huawei,82,226054049119063,40716342248,2024-09-04 06-43-53,118.150.33.245,688162597,internet,108.40.99.157,-414585694,-124886999,-25210,106
huawei,-21,226052986812382,40734378791,2024-09-04 06-42-17,212.244.7.218,1003620889,internet,163.95.170.226,909880805,926235168,31812,-31
huawei,6,226054058927025,40788316345,2024-09-04 06-44-41,53.91.101.235,-1094168376,ims,101.244.139.44,1846468161,951828440,-11768,-95
huawei,-38,226055466824694,40709683019,2024-09-04 06-43-45,203.229.159.104,1809480352,ims,230.174.85.222,-1229642694,1146264150,-15785,53
huawei,63,226057004481655,40709796130,2024-09-04 06-41-00,198.107.227.9,2030463013,ims,117.124.80.13,143567551,-1263754910,15821,77
huawei,-113,226055521722350,40739215706,2024-09-04 06-42-02,252.232.173.25,-608141298,internet,79.176.135.239,2057963817,420663677,-9441,-102
huawei,89,226055134248706,40771522332,2024-09-04 06-41-04,67.205.104.155,-434135856,ims,174.31.60.50,-1347572113,728360069,27771,37
huawei,4,226050702765726,40728548907,2024-09-04 06-40-49,242.100.173.55,-283748309,ims,69.213.104.236,2536238,-1205066824,28642,-38
huawei,-34,226058031337433,40789592041,2024-09-04 06-41-08,17.205.187.66,639887459,internet,120.130.96.128,-1527841487,-1860172805,-10319,112
huawei,41,226056667547204,40785139375,2024-09-04 06-44-45,232.93.209.163,-1599461065,ims,192.70.227.172,679638014,1650774977,1343,-79
huawei,14,226056111151848,40784808821,2024-09-04 06-40-59,186.128.37.60,-602819430,ims,229.208.47.181,1824128209,601165594,-31792,91
huawei,-44,226051466910029,40792445415,2024-09-04 06-44-45,252.20.39.128,560226533,ims,137.133.251.179,-1429262334,-1830010586,3758,-81
huawei,-30,226054901764432,40700518122,2024-09-04 06-43-29,170.207.46.212,-873922094,ims,73.69.226.17,-1303069626,-1975654065,-29808,49
huawei,118,226053192054455,40740172335,2024-09-04 06-41-57,33.109.53.154,-1921628923,internet,104.39.113.175,-81314481,-16262629,-5162,122
huawei,-69,226053170360980,40780518052,2024-09-04 06-41-32,115.50.109.182,900857827,ims,239.40.160.44,418467456,-1932722685,3291,-7
huawei,-69,226050410929414,40743093836,2024-09-04 06-40-39,244.145.103.239,-364188228,ims,129.163.88.245,-528129531,329764351,31003,-59
huawei,102,226056606014650,40772174153,2024-09-04 06-43-25,109.52.134.172,2019844616,internet,150.132.159.180,-807593082,1794808024,15221,64
huawei,41,226059712987119,40784512801,2024-09-04 06-42-28,17.43.202.171,61153219,ims,46.177.168.28,888703859,718674685,20705,112
huawei,-27,226052824961654,40705359524,2024-09-04 06-43-13,150.117.210.188,-819273058,internet,154.145.0.70,946857450,1293346074,26058,-52
huawei,107,226058430783797,40712606171,2024-09-04 06-43-36,250.42.127.175,1481254266,internet,128.151.248.97,1120798898,124765007,442,32
huawei,70,226053699053860,40750454891,2024-09-04 06-40-56,202.188.149.221,-1311631584,ims,26.208.235.19,-413352991,944954183,15854,37
huawei,6,226053708060495,40770996859,2024-09-04 06-44-50,222.114.84.177,1115826497,ims,76.184.213.23,160827726,-1682902177,11809,-87
huawei,24,226051860582150,40713596544,2024-09-04 06-42-42,64.116.229.153,-220839171,ims,151.180.242.115,-902044858,-238227124,12597,19
huawei,-60,226055537532923,40786055535,2024-09-04 06-41-41,93.46.19.115,1141763986,ims,109.189.169.1,-308179752,1710521415,21980,-58
huawei,78,226058185496904,40752892440,2024-09-04 06-43-35,24.79.119.194,203671810,ims,71.1.181.45,1773528784,35745980,-28061,-83
huawei,89,226058001287640,40729968832,2024-09-04 06-43-11,79.134.206.225,-363661763,internet,216.242.163.38,1745956151,745249878,24195,-31
huawei,41,226054158860352,40723619178,2024-09-04 06-41-30,52.237.217.172,1751562708,ims,95.219.202.66,-976740919,-1794628568,-12665,90
huawei,-22,226057666753849,40773421988,2024-09-04 06-43-03,202.59.11.142,-121361350,internet,69.61.188.136,-1945499483,707195509,-8189,-3
huawei,43,226052492993512,40754963521,2024-09-04 06-44-38,120.222.247.110,-1601545000,ims,27.33.76.144,441943543,-182960953,32613,25
huawei,-18,226056926114253,40735631865,2024-09-04 06-43-09,30.177.238.42,1477490647,ims,80.89.43.163,180687345,-445865931,22767,69
huawei,-107,226057041838550,40774742707,2024-09-04 06-43-54,18.158.141.60,-1412007137,internet,204.161.249.122,-1772543662,-846014080,-4986,106
huawei,-66,226059434195952,40724220258,2024-09-04 06-44-49,17.218.244.92,-1582458465,internet,139.148.220.217,-301888468,1469659311,2452,-71
huawei,84,226054853282955,40788902333,2024-09-04 06-42-58,122.27.153.210,1571306950,internet,178.109.151.74,-476177968,236537639,-2254,-96
huawei,-80,226054030576711,40731728057,2024-09-04 06-40-52,62.217.180.8,-862678401,internet,125.84.125.172,-1768229651,1811788579,921,84
huawei,84,226056874598702,40719843921,2024-09-04 06-44-09,177.73.141.25,786418658,internet,142.126.35.238,-1010506874,2077622122,-13887,-91
huawei,-93,226057164045282,40750165879,2024-09-04 06-41-24,4.35.188.173,-1981383134,internet,39.226.112.163,1707215677,-1216859377,4886,120
huawei,48,226051325056985,40764179654,2024-09-04 06-44-45,152.79.102.70,1224094187,ims,111.81.140.9,-210413940,184636172,224,100
huawei,118,226051226101706,40791728951,2024-09-04 06-43-15,255.225.39.245,-910363316,ims,145.230.21.181,2111785512,1125944093,337,-42
huawei,124,226059478454009,40708791493,2024-09-04 06-43-49,145.3.133.236,209353795,internet,166.24.232.86,-1432802618,-373465707,-4201,107
huawei,17,226058656419176,40703981986,2024-09-04 06-40-21,42.37.13.55,-920581175,internet,139.110.6.227,255149877,-1892843759,-2007,-108
huawei,14,226059092993529,40728628286,2024-09-04 06-43-14,140.117.176.178,-816417285,internet,118.218.236.115,162864877,815492403,-16988,-7
huawei,59,226054021031249,40780753747,2024-09-04 06-41-52,69.242.183.6,-1440205894,internet,70.208.124.71,-257273712,-110724248,7358,8
huawei,112,226056660377550,40735286941,2024-09-04 06-44-59,118.26.106.20,1124458429,ims,123.233.167.249,480016714,1201312,-19292,-109
huawei,-78,226055787480663,40790711050,2024-09-04 06-41-47,170.241.178.170,318987207,ims,45.90.154.230,214451576,-891714268,-4662,61
huawei,16,226052307439299,40798888663,2024-09-04 06-40-41,54.148.20.59,-506796661,internet,83.32.236.55,122574559,674696309,20961,111
huawei,-43,226050452991259,40724924115,2024-09-04 06-40-36,248.229.75.85,-1469706461,internet,49.90.80.231,-1563908933,2125510071,27152,40
huawei,69,226056543411373,40796746575,2024-09-04 06-44-35,244.3.70.143,-1753950686,ims,184.55.114.181,1502588392,1977675550,6730,-7
huawei,25,226055614413374,40794810807,2024-09-04 06-44-56,105.219.31.204,-1791741353,internet,235.236.175.36,271947109,-458562493,1162,-40
huawei,2,226053868518254,40783313560,2024-09-04 06-40-33,175.238.97.171,566643977,ims,55.207.21.69,1790559767,-881686859,-7872,-70
huawei,86,226058625730031,40751664993,2024-09-04 06-40-15,200.73.185.40,273352563,internet,9.87.239.63,2090984022,413726884,16014,-85
huawei,-42,226056990461569,40797989963,2024-09-04 06-44-14,53.206.157.139,660590115,ims,148.2.69.96,-970744314,-1502377885,19917,73
huawei,43,226052646742448,40740965603,2024-09-04 06-40-25,25.1.218.196,-1448951452,internet,39.239.6.36,1466428710,1490592425,32158,62
huawei,-120,226051739896286,40747008296,2024-09-04 06-44-18,233.100.45.65,133653815,internet,96.224.65.132,-95534679,510510907,28025,-42
huawei,-11,226051137666543,40770299660,2024-09-04 06-40-49,252.133.61.39,31169074,ims,78.254.129.77,-1707996018,1658486040,20702,-87
huawei,-58,226053607570941,40782588868,2024-09-04 06-41-57,91.204.44.128,1462766247,internet,165.144.142.236,137449642,2092984491,-27438,110
huawei,-113,226055440223402,40733673320,2024-09-04 06-43-39,187.164.174.86,-1008249623,ims,78.235.45.177,-994797290,163039341,8093,-83
huawei,-60,226057281500106,40743286143,2024-09-04 06-42-44,194.60.110.121,1247791422,internet,230.111.179.158,483392501,1546020658,-26650,121
huawei,-87,226056987720824,40759541962,2024-09-04 06-42-45,4.121.171.28,-1243748668,ims,35.125.21.84,1573711717,228896953,27951,0
huawei,73,226057573136479,40799994118,2024-09-04 06-43-48,107.45.194.12,1614710782,internet,107.243.71.56,-1744616625,675302868,-7152,-74
huawei,-68,226059949386447,40764730446,2024-09-04 06-43-51,59.212.87.166,766745746,internet,161.153.157.17,531075916,1451554297,13451,95
huawei,68,226050709572945,40706324162,2024-09-04 06-41-25,9.206.202.58,474586884,internet,113.72.231.145,937642396,-1945852220,-18645,-34
huawei,86,226053608458522,40783818175,2024-09-04 06-43-52,85.186.224.195,2071168275,ims,52.51.24.221,2100092687,-6750059,-18960,66
huawei,67,226055382206736,40700201213,2024-09-04 06-41-54,146.136.25.18,-1813117956,ims,158.181.20.57,-131883655,-253916164,-11616,-15
huawei,36,226053376786610,40715033259,2024-09-04 06-44-33,146.86.29.131,89091441,internet,6.213.245.160,28760236,589448695,-1549,2
huawei,62,226054583935964,40706816083,2024-09-04 06-43-13,79.204.244.238,57663540,ims,93.109.202.105,-562295431,-458934493,-24915,-42
huawei,-126,226051010814399,40761453926,2024-09-04 06-40-46,204.136.142.79,1971203452,ims,34.18.55.67,-1125887363,-142427305,-689,-70
huawei,-55,226053319756783,40779480514,2024-09-04 06-42-23,179.134.91.126,-1990859265,internet,0.4.183.40,-1909988773,-1719497228,13304,-119
huawei,119,226053595770511,40715141615,2024-09-04 06-42-44,198.236.103.239,705065647,ims,12.73.42.171,-1647881637,-1175582411,27326,-61
huawei,68,226058811373441,40710854687,2024-09-04 06-42-10,183.127.198.131,499969595,ims,164.74.7.74,710102364,1414953508,9108,34
huawei,-127,226053971139350,40754157908,2024-09-04 06-40-19,116.120.80.145,1605481293,internet,152.173.16.178,637553123,1283150257,27697,27
huawei,-121,226055832370386,40742300795,2024-09-04 06-41-22,98.15.207.77,1038522200,ims,204.101.149.241,1916588830,1493640636,11847,-114
huawei,-105,226058092232195,40717769859,2024-09-04 06-43-02,154.151.174.225,995736958,internet,234.48.192.166,-443351643,-1368308248,-19876,-42
huawei,-41,226053776608959,40700652682,2024-09-04 06-41-34,163.102.36.153,-1910979918,internet,99.4.28.145,1158413841,-1005080038,-31588,-74
huawei,-25,226054563535251,40771211423,2024-09-04 06-42-15,24.229.81.88,985809701,internet,190.242.128.198,1115064744,-136518514,-27096,70
huawei,-52,226053662174024,40783362337,2024-09-04 06-42-52,150.14.177.207,-1731157392,internet,167.78.58.99,1158323650,2006108639,-27295,89
huawei,77,226056627805735,40779966583,2024-09-04 06-40-06,155.5.50.127,-1833900827,internet,5.4.230.217,-1614896178,257333277,23609,-91
huawei,-22,226058736003297,40711098589,2024-09-04 06-40-18,151.137.248.101,490174068,ims,217.24.146.175,1244370307,481756745,-2269,-7
huawei,-117,226058547596742,40721606705,2024-09-04 06-44-08,78.149.101.80,-699665589,internet,51.143.190.249,916415607,1240418387,-25519,19
huawei,-118,226053655534023,40771557210,2024-09-04 06-41-41,26.187.250.245,1174075901,internet,170.249.75.37,-2132106723,-1657786536,-29102,-73
huawei,24,226059058242757,40769177005,2024-09-04 06-40-20,255.238.74.159,1697734259,ims,234.155.49.8,2140771292,-369840561,19991,65
huawei,112,226052981088613,40765243466,2024-09-04 06-41-29,184.241.105.173,-371635684,ims,182.254.72.197,-299205739,-304421423,28656,90
huawei,45,226058203555877,40730214539,2024-09-04 06-43-16,47.111.77.98,-85547406,ims,210.78.251.2,498136821,213077638,29848,118
huawei,32,226054966045830,40779075252,2024-09-04 06-41-31,152.251.244.95,-192805959,ims,64.192.94.195,1645509695,518121180,-22677,-114
huawei,113,226059570099328,40706195263,2024-09-04 06-42-49,228.58.125.144,-1320126838,internet,227.164.188.131,-479911997,-494429347,23084,-126
huawei,36,226059604055805,40727213925,2024-09-04 06-42-44,143.192.179.148,918893379,internet,103.239.50.250,1186266811,-1403574773,-3764,57
huawei,-51,226058837826896,40752247805,2024-09-04 06-40-08,45.194.170.118,942054230,ims,16.123.147.249,-1572160131,-1981398253,17439,-70
huawei,37,226054801766526,40786385638,2024-09-04 06-44-33,63.227.65.156,850002454,ims,107.108.87.229,-1645595069,-1292559993,159,-60
huawei,-50,226054618369882,40725390356,2024-09-04 06-40-28,195.227.99.217,362639090,ims,125.155.237.120,1069832323,1029444609,14066,108
huawei,40,226054987959534,40747069908,2024-09-04 06-44-51,26.153.22.56,1368632591,internet,205.46.7.112,-18395075,-1756038269,-212,-87
huawei,110,226054413068612,40730347748,2024-09-04 06-44-41,13.125.123.205,769289016,ims,114.35.182.192,607513418,751840120,7523,115
huawei,86,226054775218319,40779420856,2024-09-04 06-44-25,130.147.115.145,-819777844,internet,244.83.213.226,-1985263763,-361524134,-26635,-78
huawei,5,226051440230729,40768108278,2024-09-04 06-42-20,117.175.233.61,-210235528,ims,86.149.18.100,409770657,1138544422,-7316,-50
huawei,-103,226059507314455,40799541480,2024-09-04 06-44-30,147.30.99.22,1387650615,ims,137.125.43.102,-1110180238,1040559435,-21515,-58
huawei,79,226057684339824,40784888208,2024-09-04 06-43-45,194.220.9.36,487441753,internet,132.247.33.155,323219343,845840186,30398,36
huawei,-21,226051414241220,40747348742,2024-09-04 06-41-14,178.3.169.84,952870611,internet,77.83.109.51,-616565785,2032070338,-25723,-23
huawei,76,226059780408014,40745482119,2024-09-04 06-40-30,69.71.6.105,1806026205,internet,83.15.159.253,-1989343175,-15932555,14114,-108
huawei,97,226057120651823,40787082736,2024-09-04 06-41-20,249.171.57.155,232586962,internet,148.92.132.164,-1115448565,955397436,9573,116
huawei,41,226055745985897,40723086231,2024-09-04 06-40-51,72.5.95.159,-1195580112,ims,116.199.162.227,404047657,809312591,6684,57
huawei,-13,226051925699884,40731200128,2024-09-04 06-40-52,246.154.89.6,-1784371297,internet,210.84.230.164,1084360095,-1058109830,-14968,-81
huawei,-77,226053907179258,40780019445,2024-09-04 06-44-55,252.143.51.78,1228430994,internet,198.22.139.163,-1715056784,-504254994,842,-115
huawei,-64,226054252430020,40701006441,2024-09-04 06-41-11,141.42.221.172,-809379119,ims,77.203.70.102,-1995119376,-2084652807,-10412,-58
huawei,-92,226050690143170,40725882660,2024-09-04 06-43-56,146.48.174.141,1535817952,internet,139.73.129.64,1400481401,-521472508,-8511,-50
huawei,9,226059488562041,40732208272,2024-09-04 06-42-42,243.223.22.241,1882956694,ims,140.38.182.77,1233024429,-849539774,-28218,-3
huawei,49,226056939880877,40739914798,2024-09-04 06-41-15,31.47.195.148,1575030510,internet,145.210.106.100,1608924962,-1425880716,11859,123
huawei,-100,226050150688054,40754151424,2024-09-04 06-44-29,74.201.141.167,-2143682374,ims,95.216.124.176,560556363,565252932,26033,56
huawei,66,226058605330559,40724437230,2024-09-04 06-42-09,131.120.0.186,-31245508,internet,175.35.98.185,-1238672543,-304730750,-22588,-81
huawei,58,226058168605156,40775900634,2024-09-04 06-44-43,124.235.196.67,-1480303911,internet,155.111.236.65,728675986,-2035666579,-13388,-84
huawei,-120,226058674000367,40798521087,2024-09-04 06-40-06,226.53.182.34,1454777342,ims,58.86.90.111,-164238475,-421704685,-32549,-37
huawei,126,226054490836900,40731702375,2024-09-04 06-43-20,120.238.115.232,-906988649,internet,200.75.24.189,1644364571,1370049066,13341,-120
huawei,-7,226055611800223,40733873156,2024-09-04 06-43-29,109.77.178.29,-258895538,internet,238.112.195.42,539901803,434452620,-21534,-109
huawei,109,226050556605772,40780186355,2024-09-04 06-41-44,146.205.181.129,2096143937,internet,235.14.250.232,-2114153312,1761016611,5275,80
huawei,51,226054930987425,40749118651,2024-09-04 06-41-59,157.19.147.6,1383406178,ims,159.229.247.197,956600445,-1155709292,22608,118
huawei,17,226059951631544,40757312116,2024-09-04 06-41-27,57.80.56.203,95144640,internet,148.139.136.243,1722883811,1996996556,29457,-55
huawei,28,226057382332468,40710043005,2024-09-04 06-42-02,172.88.239.176,838758567,ims,207.124.90.214,-2029210058,-1804000857,-24658,-53
huawei,-24,226059960968594,40751015417,2024-09-04 06-44-14,181.112.82.174,840445251,internet,107.21.32.85,-1146078517,-738904713,8729,97
huawei,-38,226051354344781,40790674590,2024-09-04 06-42-31,145.197.4.76,-1528347178,internet,249.64.58.20,872928699,-443883908,29479,98
huawei,83,226058633238750,40783846664,2024-09-04 06-42-07,73.108.227.170,1010274700,ims,169.177.131.107,26525442,836046817,-14402,-105
huawei,43,226057557989879,40746967923,2024-09-04 06-44-18,148.233.86.112,1998907955,internet,38.30.18.234,132090601,-1447542469,-9295,39
huawei,34,226051581636991,40745857394,2024-09-04 06-43-38,219.106.10.195,-1042754927,ims,12.224.44.252,-900476579,1678752436,21838,55
huawei,42,226055127465874,40752902728,2024-09-04 06-43-06,100.149.75.61,-155718862,ims,193.33.140.52,60733818,-2006075994,14845,30
huawei,78,226059829217163,40733585347,2024-09-04 06-41-59,238.205.169.208,-1921907401,internet,52.120.83.47,-2136328916,-1741821166,12361,-2
huawei,-71,226053758844382,40720744846,2024-09-04 06-42-52,11.230.20.29,-1867089437,ims,35.254.158.181,1484892173,-771795069,-20036,-115
huawei,113,226050655622878,40789922983,2024-09-04 06-43-19,212.44.14.70,-306419349,internet,77.222.172.72,1375518869,-2092836223,-7759,112
huawei,-122,226050348371019,40744002302,2024-09-04 06-40-51,93.250.76.134,-1290017731,ims,66.110.172.62,-1292016137,-2043908881,-6007,70
huawei,44,226058973656091,40719860913,2024-09-04 06-41-32,207.52.172.178,1069403259,ims,199.216.91.176,-1944099998,-308274981,-21237,76
huawei,46,226052922710199,40728894696,2024-09-04 06-41-40,110.229.160.99,-1340849559,ims,63.182.74.178,1201502259,141809949,-25308,-63
huawei,121,226053902408695,40726153632,2024-09-04 06-41-45,219.89.42.146,652129299,ims,0.250.91.40,-600901709,-913202527,-1941,16
huawei,38,226058951524137,40732542624,2024-09-04 06-40-03,143.155.73.210,421246237,ims,191.95.63.76,348481493,749407676,-6221,15
huawei,105,226051196724819,40751299663,2024-09-04 06-44-44,140.126.184.140,1042958454,internet,118.237.101.167,-801578963,156072309,10439,87
huawei,40,226059905258543,40738815375,2024-09-04 06-40-05,27.75.250.123,-2103241029,internet,47.117.171.77,1937146547,845636021,-8955,-128
huawei,-69,226051501708243,40710561601,2024-09-04 06-40-43,232.198.136.233,801936838,ims,25.185.62.231,836510207,-2131363870,30194,-12
huawei,52,226057534897139,40743451000,2024-09-04 06-44-39,177.95.19.25,-1920803500,internet,21.200.8.173,-1821961271,1149903585,5934,118
huawei,-36,226051903354901,40735765011,2024-09-04 06-41-11,25.125.167.240,-402340791,internet,185.219.22.21,-1709590657,-217344375,9275,123
huawei,93,226059149560363,40793647529,2024-09-04 06-41-03,182.25.206.127,1120104958,internet,33.139.80.117,-1589045254,-2035588446,-16895,11
huawei,69,226054762224143,40756767568,2024-09-04 06-44-39,187.74.94.78,-1956402225,ims,8.207.75.14,2023869473,-1127346821,-30277,-29
huawei,83,226051206774587,40756143272,2024-09-04 06-44-20,22.76.174.45,1554136445,ims,143.252.66.46,-1319059005,1639616850,7259,52
huawei,112,226059799437675,40731965448,2024-09-04 06-42-48,219.24.218.202,-133817155,ims,72.75.202.89,2105507458,1566018478,20479,45
huawei,-73,226052658932672,40716490039,2024-09-04 06-40-31,25.97.235.120,-2084369634,internet,235.232.241.160,951508837,156953556,-26593,-106
huawei,30,226057661465032,40789102716,2024-09-04 06-43-27,132.60.152.172,-138147015,ims,85.199.192.228,-2033768365,50869390,25005,6
huawei,35,226050936842490,40789033223,2024-09-04 06-40-46,110.87.205.136,-1936096008,internet,243.89.250.105,1294590736,1690601205,27375,-34
huawei,-21,226055104206917,40715252576,2024-09-04 06-41-38,203.37.29.253,835181813,internet,186.134.212.184,707641970,1655988567,15731,23
huawei,102,226057869578098,40767361653,2024-09-04 06-42-33,216.147.6.157,1979242012,ims,163.68.65.119,-1190550541,-368470426,22211,-97
huawei,-16,226056878790202,40743605065,2024-09-04 06-40-51,92.180.36.117,-685832058,ims,221.96.207.78,1212953125,671526660,6681,-79
huawei,98,226059724117844,40775448649,2024-09-04 06-42-32,14.221.135.27,468776750,ims,143.188.255.158,-701592676,1363945299,7721,-46
huawei,78,226056277913126,40748360700,2024-09-04 06-40-49,57.61.18.244,-621586632,ims,164.170.98.225,-2130621701,472423940,19728,-89
huawei,-59,226051609381403,40795010453,2024-09-04 06-43-45,53.67.29.87,-1959319718,internet,113.86.196.211,1749521385,-404556348,19183,-96
huawei,-110,226056204247568,40795086972,2024-09-04 06-44-12,200.34.219.84,-1158363271,ims,202.66.28.49,284003285,-1301535681,611,-60
huawei,13,226057100924759,40730282817,2024-09-04 06-41-59,56.11.238.145,1433327938,internet,63.18.47.109,1956482540,-1427463012,-9264,-30
huawei,111,226053634067822,40719391749,2024-09-04 06-44-51,75.73.5.83,-681944083,ims,230.109.242.201,1605658990,1404639041,27783,119
huawei,-39,226053487808363,40720129718,2024-09-04 06-40-42,131.193.190.15,1017536306,ims,143.217.244.88,-75425026,-1203513678,9069,-90
huawei,118,226057532108307,40749092939,2024-09-04 06-43-07,179.175.244.135,2003726967,internet,182.87.194.20,591863778,-1787260004,31442,102
huawei,-68,226056142572235,40719220684,2024-09-04 06-44-36,5.252.220.16,534073060,internet,254.151.113.211,1748748637,-1839894387,14962,88
huawei,112,226056664120110,40750230633,2024-09-04 06-44-52,248.214.180.63,1095675525,ims,104.77.33.209,1647290413,1311113006,-21675,5
huawei,-43,226053454823745,40725139790,2024-09-04 06-41-16,35.222.134.228,-581000800,ims,43.78.40.25,-1474772062,438050533,-11736,-68
huawei,86,226052618509544,40779993345,2024-09-04 06-42-20,167.228.125.255,425567340,ims,57.31.151.157,-1648622440,194474270,-29779,99
huawei,-107,226053650975114,40798872537,2024-09-04 06-43-24,28.244.31.212,839558753,ims,112.168.197.159,2041488901,-1022412808,24067,-90
huawei,-62,226050891453692,40739977392,2024-09-04 06-42-48,24.135.28.198,-2100855457,ims,124.25.30.186,1263140044,-1296951414,-31356,-118
huawei,-51,226052409477692,40758844827,2024-09-04 06-43-42,72.51.162.247,-1451803001,internet,117.173.118.251,-696825023,-80537918,3476,-105
huawei,-119,226058628999739,40707979911,2024-09-04 06-40-33,140.94.220.127,1682506833,internet,9.227.94.119,337357947,1383895,-9684,-8
huawei,-113,226059004496878,40712140340,2024-09-04 06-41-41,10.149.86.100,438622800,ims,97.239.203.142,194129917,1696500832,4596,-1
huawei,103,226058868315307,40749724421,2024-09-04 06-43-25,170.224.192.116,199741463,internet,99.10.35.51,-1357525036,1397341046,1592,-118
huawei,59,226050114566871,40789106395,2024-09-04 06-41-35,208.193.87.160,1349826543,internet,26.203.23.143,-572683167,-1796360540,20323,67
huawei,-128,226050643181730,40741933356,2024-09-04 06-42-49,140.235.128.178,-549685010,internet,14.194.202.30,1515800019,-1733707439,30477,-45
huawei,-88,226052557637275,40740796057,2024-09-04 06-40-17,235.192.148.53,-145587895,internet,36.133.107.67,1046443921,-1621868223,-18784,92
huawei,-81,226052690680981,40719643806,2024-09-04 06-40-23,223.13.120.121,1747027496,internet,74.138.178.127,-365342753,162258967,16934,-36
huawei,-40,226055939272492,40772164946,2024-09-04 06-44-30,225.11.130.204,-1191899488,ims,168.79.110.231,1710599903,-322823831,-21615,-57
huawei,70,226052821280972,40779622084,2024-09-04 06-43-25,203.127.76.253,-1455614241,ims,22.182.3.46,932255120,-807378331,29039,-23
huawei,68,226051048314651,40703137048,2024-09-04 06-40-43,237.11.123.107,-149305034,internet,144.109.28.188,1761870480,-1718901572,-21099,-98
huawei,-120,226057315138237,40772894361,2024-09-04 06-44-54,182.157.25.236,1444886233,internet,231.194.56.175,640419070,-1722775776,6493,96
huawei,44,226056122286717,40765796291,2024-09-04 06-44-31,199.88.81.70,-1971708111,internet,226.250.224.144,-1793507359,184870179,-17011,62
huawei,111,226056254042874,40745024813,2024-09-04 06-42-44,199.201.166.18,367737905,internet,4.244.47.51,249348585,1146621604,477,13
huawei,43,226050945224826,40706082946,2024-09-04 06-41-33,4.120.201.42,1494335802,ims,63.116.159.203,1210308151,-1920696268,-7036,32
huawei,-22,226053799218266,40709378928,2024-09-04 06-40-26,9.164.237.11,141571839,internet,218.143.19.197,618613955,-1236172501,28675,-29
huawei,-78,226059078132758,40788617492,2024-09-04 06-40-06,177.191.198.153,-159744458,ims,49.84.57.105,267549439,-459396086,5354,81
huawei,-114,226051996676472,40788069439,2024-09-04 06-43-47,167.128.252.210,-1883800966,ims,196.242.149.153,827432217,-1558077874,4290,121
huawei,102,226050315702319,40788524014,2024-09-04 06-42-15,35.44.80.164,1166016069,ims,6.106.124.169,949627853,1831439951,21558,-20
huawei,-33,226059659383907,40711101402,2024-09-04 06-41-45,70.179.1.53,-87508505,internet,19.30.110.27,589320472,1440929633,30049,-99
huawei,118,226057663772542,40790340848,2024-09-04 06-43-03,51.74.81.171,-1782202299,internet,66.126.40.168,-160097498,1824200344,-13553,94
huawei,-43,226059657602812,40705395201,2024-09-04 06-41-11,97.11.18.178,-192459503,ims,94.1.87.75,2013153089,-2125474128,-23907,94
huawei,-98,226054600718724,40728336039,2024-09-04 06-42-22,168.228.10.149,1558308079,ims,203.182.238.195,-185033460,-1923889420,-23493,8
huawei,-41,226053059293187,40745996726,2024-09-04 06-42-15,204.5.151.114,1087771791,ims,14.161.60.212,-686988806,500949621,24681,70
huawei,-73,226053475900537,40790630969,2024-09-04 06-40-05,40.12.254.78,136866061,ims,235.133.220.187,2086644873,1468943236,2302,3
huawei,-64,226050426401163,40751365020,2024-09-04 06-42-52,196.35.12.247,-166759931,internet,236.58.170.111,1381874459,279209839,-5583,13
huawei,-30,226050486583452,40763309851,2024-09-04 06-40-47,79.17.147.218,-24714157,internet,109.231.18.23,928991672,1383810507,24169,-125
huawei,-127,226055639011122,40755015270,2024-09-04 06-40-13,150.210.183.130,-1153077505,ims,8.79.54.109,482348550,646699541,-21507,-110
huawei,-36,226052453434221,40739514043,2024-09-04 06-44-41,105.91.184.157,-86963347,ims,216.188.78.22,-2115429621,-587295549,-29120,-93
huawei,-61,226059746012431,40786945898,2024-09-04 06-42-57,123.194.216.124,-2122160462,internet,172.22.126.2,1250274360,-2143146728,-18125,56
huawei,20,226055619442113,40720739118,2024-09-04 06-42-10,5.90.251.26,1012005501,ims,159.244.152.41,1045104366,1257856147,-14855,-1
huawei,-50,226053916363962,40796243159,2024-09-04 06-43-18,214.22.149.21,1917891343,internet,78.96.122.177,-2063785809,-118452087,-31468,44
huawei,88,226051308106317,40736724376,2024-09-04 06-42-58,145.100.16.0,929795530,ims,98.66.235.171,953894823,-947188423,-30409,-117
huawei,-115,226053142109268,40798766750,2024-09-04 06-43-16,135.206.26.166,1476438381,internet,176.206.72.169,-908765503,-877260048,-26302,-40
huawei,-73,226052887847827,40738961572,2024-09-04 06-44-29,19.5.36.208,1723946111,internet,239.6.182.212,-1592828650,75190155,3250,12
huawei,-75,226053301399641,40708181835,2024-09-04 06-41-02,203.218.244.70,1968265076,ims,91.30.44.62,804442311,193327002,-3098,100
huawei,-65,226057104771649,40788507651,2024-09-04 06-44-33,37.223.36.46,190224650,ims,94.110.166.254,-673419181,-197000489,21593,-123
huawei,-81,226055133037893,40710676879,2024-09-04 06-41-01,134.40.177.154,631575742,internet,6.138.133.132,-825460629,716126903,7350,-16
huawei,-54,226053274578509,40729918329,2024-09-04 06-40-28,189.180.11.2,-1348393742,ims,140.6.223.236,311891030,524200331,21692,98
huawei,32,226059297124924,40747592988,2024-09-04 06-41-13,89.156.239.212,237430779,ims,222.131.35.33,1476243167,-656315993,-13487,8
huawei,-101,226052688891630,40713196478,2024-09-04 06-44-54,215.239.16.177,1973041965,ims,69.9.71.232,1952983163,-1522122258,31870,93
huawei,-70,226054877035029,40740082124,2024-09-04 06-43-42,72.90.252.161,1250459446,internet,193.159.63.102,191847885,-769574413,8004,127
huawei,63,226051768365306,40717335700,2024-09-04 06-41-43,126.196.137.240,1869590663,internet,134.251.16.76,-84306926,-1235950320,30031,32
huawei,95,226059447071401,40750616078,2024-09-04 06-41-11,103.208.183.130,-129352703,ims,234.196.38.27,1962083792,-458104343,32361,-54
huawei,-18,226058773402474,40790352126,2024-09-04 06-42-18,201.57.163.85,-1676556951,ims,240.0.198.152,-2099152197,74948229,-22906,120
huawei,-27,226053152005021,40757625203,2024-09-04 06-43-34,221.1.91.211,-2091641891,internet,32.222.193.7,489165537,2015227764,-12261,-111
huawei,-13,226053847805076,40719211867,2024-09-04 06-42-10,46.170.68.245,1653120784,internet,86.112.154.114,-1280193222,335406470,-8937,-69
huawei,-124,226051703133395,40731276127,2024-09-04 06-43-05,82.106.133.108,-596682117,internet,96.169.217.79,497894752,-1469490803,-8169,125
huawei,55,226054860659042,40775707846,2024-09-04 06-44-17,85.44.137.25,1122192715,internet,213.62.139.26,-931259768,1778362833,15984,-17
huawei,-62,226054407745912,40759396800,2024-09-04 06-44-05,98.155.185.236,-295733635,internet,151.139.173.222,-1326216616,-1120344911,21595,50
huawei,-54,226058075890635,40738774284,2024-09-04 06-41-04,190.123.55.123,-812108258,ims,148.0.80.20,-763653052,-339574857,20306,123
huawei,64,226053563186792,40724338191,2024-09-04 06-40-29,157.17.189.144,1807560611,internet,39.242.228.167,-1119768886,1857247789,-32185,-114
huawei,113,226050043845822,40732347978,2024-09-04 06-41-23,17.242.20.134,1495872330,ims,218.50.26.42,352198471,-1004075085,30202,116
huawei,18,226056046259701,40777514216,2024-09-04 06-42-26,79.2.24.157,1529825289,internet,203.194.219.136,-1331015911,-2147482379,-30540,63
huawei,36,226053063135907,40709528718,2024-09-04 06-40-18,198.205.233.212,16764782,ims,171.42.227.29,-697865702,1680650965,-27176,-94
huawei,91,226057186677410,40733756085,2024-09-04 06-40-03,236.155.238.17,-1159896433,internet,212.156.246.115,-271565444,1867877702,19901,72
huawei,-62,226058965402774,40747176305,2024-09-04 06-40-03,56.90.17.139,-1611147127,internet,181.244.218.112,-1831508030,861975941,-28142,-107
huawei,-101,226057497821585,40775885366,2024-09-04 06-44-13,77.207.49.48,-332709061,ims,195.163.106.44,-678780485,-97261570,986,19
huawei,116,226050390573628,40746991586,2024-09-04 06-43-08,19.59.65.16,-878152891,internet,86.120.7.207,513709368,284044157,27524,-2
huawei,-34,226055806175759,40757101814,2024-09-04 06-40-52,179.119.134.72,-1145949981,ims,249.24.165.175,-739098199,537132926,-31690,115
huawei,-31,226057619009047,40777821375,2024-09-04 06-41-53,202.47.129.164,391278452,ims,239.82.172.198,-2135243272,1946758893,-5706,58
huawei,-96,226052933384467,40736663845,2024-09-04 06-44-25,215.130.40.102,-1747855861,ims,28.50.134.171,1208534124,1562202871,13459,62
huawei,64,226050106544216,40700397372,2024-09-04 06-44-45,63.2.12.231,40792646,internet,229.110.181.230,1370847323,514783447,10731,-125
huawei,35,226058227763949,40783211753,2024-09-04 06-40-03,24.144.247.2,751770732,ims,61.174.59.209,1601307716,-1005492679,-24027,-124
huawei,45,226058084787984,40777701230,2024-09-04 06-43-35,167.163.117.180,-434257507,ims,94.188.62.35,-384036465,-1540053381,-9847,111
huawei,120,226050135165752,40771619613,2024-09-04 06-43-53,202.46.59.212,-1726635150,ims,2.52.24.170,-1174817129,1034651480,20343,-33
huawei,-50,226052972757339,40728020451,2024-09-04 06-41-36,85.209.225.171,181332940,internet,135.185.202.191,1303765624,1915279850,-9621,-45
huawei,43,226059025534426,40785346208,2024-09-04 06-40-51,187.165.41.180,1763004236,internet,87.96.21.9,-1475223619,1506153695,-15240,-60
huawei,-70,226058557638418,40798890350,2024-09-04 06-42-11,9.18.146.140,-940690682,ims,162.57.71.35,-1761229030,-1250899453,-30219,-83
huawei,127,226052978099103,40767061048,2024-09-04 06-42-39,23.48.78.31,1154555385,internet,220.96.116.12,988549889,1404544841,-2899,-43
huawei,11,226051827137970,40711721659,2024-09-04 06-40-26,82.83.196.108,-853263702,internet,89.246.171.78,661538909,-764535819,-28984,-123
huawei,46,226059997707048,40713517150,2024-09-04 06-40-29,20.200.218.63,319648495,internet,28.201.150.182,2100838072,1514505397,24160,-116
huawei,45,226058069646593,40763029040,2024-09-04 06-42-12,253.222.252.4,-893423980,ims,9.109.30.39,463999755,-731926669,28060,-30
huawei,-65,226057841009959,40700355551,2024-09-04 06-44-41,242.214.243.154,-677681497,internet,221.196.179.207,838500160,1533149143,18692,34
huawei,-59,226056164652559,40788807409,2024-09-04 06-43-45,23.18.157.143,-2118864962,ims,69.233.229.197,-508265528,-1866880209,18587,90
huawei,-73,226053651629822,40790673292,2024-09-04 06-41-18,30.196.152.50,-1702288357,ims,158.136.22.133,-1259288998,1572942384,-2122,122
huawei,81,226051705222889,40718528540,2024-09-04 06-45-00,234.71.68.180,-826118973,internet,182.83.109.196,-2051351411,684943772,18366,-116
huawei,119,226057334837892,40702739945,2024-09-04 06-41-37,175.172.91.227,1452344981,ims,225.14.71.89,1906469764,1412976815,5725,-45
huawei,61,226057078821346,40714233410,2024-09-04 06-44-17,217.15.4.216,-838357914,ims,166.40.49.63,139120365,712647919,-7638,-18
huawei,-105,226059385202043,40729058039,2024-09-04 06-40-19,158.92.109.23,1024852185,ims,2.29.199.16,1843278023,661907685,21881,121
huawei,-96,226055319234427,40774405920,2024-09-04 06-44-29,21.112.17.120,872204809,ims,178.164.228.198,2136988313,-1949510876,11360,-98
huawei,-29,226054503387869,40720604824,2024-09-04 06-44-49,89.205.6.103,169474213,internet,128.118.158.59,1386880008,1126457168,-21571,85
huawei,52,226056590631338,40704425964,2024-09-04 06-42-22,181.154.157.4,-996792976,ims,187.22.204.184,-651270274,-1199801628,31813,102
huawei,51,226051607183800,40751384991,2024-09-04 06-42-43,96.178.161.50,-547505376,internet,185.113.86.124,-1001547446,-472350186,-4733,-97
huawei,112,226052226658131,40770808955,2024-09-04 06-40-29,50.59.15.143,2110956895,ims,26.74.236.129,446873281,-1844928490,1726,82
huawei,-13,226056416731308,40784793694,2024-09-04 06-41-11,68.224.125.156,256916321,ims,97.60.171.101,-1455913276,-2025481776,-8522,-119
huawei,6,226052951561942,40761528873,2024-09-04 06-41-47,159.54.192.228,-1074546309,internet,183.97.86.96,642911216,-1603131232,28256,-62
huawei,-93,226056177045118,40741817148,2024-09-04 06-40-57,86.152.192.253,-176327495,ims,172.30.115.70,548443857,1817089450,12753,-67
huawei,67,226059837051413,40786099303,2024-09-04 06-43-15,34.175.81.76,571187914,internet,43.182.237.163,-440944619,1714624246,9569,-27
huawei,10,226056283667275,40747881890,2024-09-04 06-40-23,246.11.88.69,-643979193,internet,228.1.228.81,713038619,-780352153,21452,-85
huawei,17,226053016187626,40758196732,2024-09-04 06-41-37,23.52.98.126,-1148942720,internet,163.48.107.183,941176938,-790065209,-26558,-59
huawei,-69,226057841410612,40702068726,2024-09-04 06-41-17,34.26.254.13,-732994368,internet,71.147.25.254,-576683753,1804385233,-11024,96
huawei,-120,226058210236770,40710378779,2024-09-04 06-42-51,57.201.102.156,1340641910,internet,12.176.12.6,1113408598,-1945914262,4269,-74
huawei,39,226054206819169,40745059627,2024-09-04 06-43-02,141.33.10.168,1530456735,internet,66.89.205.54,1441301226,2121147028,10113,75
huawei,-51,226050783958739,40755496560,2024-09-04 06-43-48,158.146.118.30,137030042,ims,241.236.69.120,-5886833,-590860031,23873,117
huawei,-66,226053034670378,40745054093,2024-09-04 06-43-03,233.126.196.52,-1479372910,internet,56.236.25.217,145594723,1432519281,26437,75
huawei,-119,226057240309374,40754513192,2024-09-04 06-44-36,129.236.76.148,-1090801036,internet,173.141.182.114,1090854921,-676531297,-25475,-113
huawei,103,226059509250865,40717308961,2024-09-04 06-42-07,4.163.80.70,613265062,internet,48.104.148.6,1647910102,-1676950098,23232,-106
huawei,58,226054940897906,40767066014,2024-09-04 06-41-13,61.149.246.197,1339316227,ims,128.14.124.102,1879985052,1237352438,19539,100
huawei,-83,226054807568533,40727715791,2024-09-04 06-40-06,161.236.23.63,-1859386130,ims,218.98.50.19,43576499,-1761162968,10347,62
huawei,-57,226054262041855,40732608452,2024-09-04 06-41-45,31.189.235.132,-572571993,ims,154.236.39.1,1804112050,-539903658,-1045,-48
huawei,-39,226051469727425,40709449567,2024-09-04 06-43-04,211.126.159.37,-1074004278,ims,82.172.70.142,-1386331332,2107755454,-11338,106
huawei,89,226058017585459,40770684817,2024-09-04 06-42-14,0.129.117.174,-1602058827,internet,186.122.254.194,-960846833,-2093369769,1418,13
huawei,35,226051739618112,40792302163,2024-09-04 06-40-10,109.159.12.220,359937615,ims,86.203.104.11,-1127151918,435424728,-24862,-110
huawei,-46,226056081623156,40743967557,2024-09-04 06-41-24,56.159.181.3,1592206199,ims,103.159.249.113,-1257226762,791389778,-11268,118
huawei,-81,226053543759311,40747324174,2024-09-04 06-40-15,98.102.208.201,1931341073,ims,233.208.59.122,469880932,-1492039793,25905,19
huawei,-126,226052335167577,40737707335,2024-09-04 06-42-01,101.201.151.237,1160528522,ims,161.36.177.145,-1079237265,879668121,-15417,12
huawei,-115,226057783959548,40782571507,2024-09-04 06-44-32,28.246.220.224,-1158632814,ims,45.95.207.164,-993741987,-664034778,-29666,-51
huawei,29,226053664093696,40799996236,2024-09-04 06-42-51,238.51.165.84,2010301306,ims,153.85.187.210,-237129674,-1545747633,-2221,-103
huawei,-124,226053207882640,40731485901,2024-09-04 06-44-44,139.5.7.198,-678249764,internet,116.190.27.149,-913666682,-1178643932,-22156,-22
huawei,-1,226057235002114,40798478763,2024-09-04 06-40-10,55.0.17.23,1563260369,internet,179.206.223.76,-1940682238,-2033725465,-4882,52
huawei,120,226054757558584,40753633780,2024-09-04 06-43-54,148.138.84.110,594463404,internet,21.108.186.181,-1441490275,-778048230,-26739,40
huawei,110,226051592535244,40767087130,2024-09-04 06-40-45,43.13.181.119,1440970142,ims,32.206.39.106,43374782,2100991198,12114,-118
huawei,-19,226053413134859,40722331402,2024-09-04 06-40-07,189.124.181.90,-1769723775,internet,55.119.18.115,90110940,-1578489826,27266,-38
huawei,6,226052336671692,40729302269,2024-09-04 06-40-09,170.25.6.216,-760189076,ims,175.86.93.74,995910376,-1541061307,-22569,34
huawei,116,226051268257320,40732560215,2024-09-04 06-44-25,97.55.79.201,150438497,internet,249.18.0.172,1400276546,-793388937,-15518,-119
huawei,9,226052783835836,40777735866,2024-09-04 06-44-44,227.111.117.192,1031415419,internet,232.119.28.184,-693351135,-2005549,-26424,-36
huawei,-3,226059534203511,40794662726,2024-09-04 06-44-01,54.217.202.180,698671836,internet,113.67.213.125,2013546979,-1943349018,32743,52
huawei,56,226055347077567,40755004196,2024-09-04 06-41-34,246.59.182.94,674548137,ims,172.21.214.14,-441106444,-2083638496,24251,7
huawei,73,226056166635006,40771223264,2024-09-04 06-40-20,113.245.4.199,1516234601,internet,42.67.81.143,-822464943,-1095376584,31206,92
huawei,-3,226054353658464,40711824387,2024-09-04 06-40-35,231.2.75.234,1894798067,internet,159.236.155.252,-190999265,584552665,17821,-121
huawei,-71,226054181163844,40710141177,2024-09-04 06-42-16,183.196.113.33,2066826328,internet,229.184.158.117,-532305031,515565799,17898,-42
huawei,96,226050315469737,40795492099,2024-09-04 06-40-47,207.158.107.148,-914883096,ims,87.145.239.14,1199555407,611187284,955,16
huawei,68,226057415210278,40714263359,2024-09-04 06-41-18,214.168.158.62,-564186655,internet,251.162.35.2,-215018522,-2084691890,-13274,96
huawei,-12,226051360646098,40729896220,2024-09-04 06-42-55,219.4.52.182,1070617321,internet,67.13.149.131,1684541939,-854247926,7474,-83
huawei,-98,226056517484131,40766506388,2024-09-04 06-43-01,130.42.140.99,-881173381,internet,147.165.118.43,1985915834,-1664972728,30292,56
huawei,-91,226053676276255,40795465154,2024-09-04 06-41-29,212.56.6.202,500227769,ims,39.201.15.166,890225955,-1422028289,-21525,19
huawei,-46,226055940466969,40770795186,2024-09-04 06-42-38,26.123.60.105,1238544855,ims,45.6.89.160,-718416824,-104228547,-6495,-53
huawei,-31,226054063709906,40739797200,2024-09-04 06-41-20,21.39.171.140,-1471369722,internet,67.78.27.97,-1511021438,-2075565175,-28815,118
huawei,32,226050087079972,40752604859,2024-09-04 06-42-40,238.254.101.132,-74791134,ims,13.28.142.72,793644298,1092857500,-18691,-121
huawei,-65,226059940916233,40782563528,2024-09-04 06-43-06,196.122.186.29,-857311860,ims,130.189.47.100,-1151903340,-830798161,3063,-74
huawei,54,226052288100859,40703833124,2024-09-04 06-44-04,26.55.15.153,592573128,internet,178.244.247.177,-1562994311,1715802909,19720,-61
huawei,39,226057666155633,40709870739,2024-09-04 06-42-13,105.225.141.69,-1679306008,ims,76.35.46.20,277208859,1149253679,25867,-107
huawei,-87,226050772322374,40758395844,2024-09-04 06-40-05,72.252.228.22,-134231218,ims,172.114.143.107,-2007067639,-1404489937,9223,-44
huawei,60,226054943220913,40746762213,2024-09-04 06-43-50,231.122.106.227,363348064,internet,84.37.227.12,1209095959,-1888713498,26991,49
huawei,14,226052333896859,40798978970,2024-09-04 06-44-16,132.210.209.65,-1264754793,internet,66.13.25.102,-1882043639,646572424,-8353,-72
huawei,98,226053455674535,40751229750,2024-09-04 06-41-27,238.135.40.227,787100856,internet,5.204.131.239,1666787766,853708126,11010,30
huawei,-90,226051124124122,40708755884,2024-09-04 06-45-01,102.100.217.68,531524006,ims,96.54.162.19,130659608,336100558,-28604,-10
huawei,71,226050905927481,40794508560,2024-09-04 06-40-35,237.121.2.22,108391448,internet,254.213.102.115,1000266857,523455778,-1128,-127
huawei,-10,226051200959869,40793127926,2024-09-04 06-44-59,57.44.203.39,1551715819,internet,34.196.102.118,-1230444420,1975256407,21672,-103
huawei,-17,226053995849861,40758243081,2024-09-04 06-40-11,2.82.216.168,18401087,internet,79.246.7.83,-801684473,-616273094,-13806,114
huawei,107,226056742976864,40783237536,2024-09-04 06-41-31,234.231.13.114,-1263367673,internet,157.242.183.158,-1360610201,609480834,-16395,-104
huawei,-98,226050032601607,40788840847,2024-09-04 06-41-32,46.94.28.200,1867767972,internet,50.162.190.209,505492017,1056285646,31813,117
huawei,-37,226058275470704,40707427547,2024-09-04 06-41-11,237.10.30.252,-944587229,ims,185.228.39.94,-615338359,-1334470997,16955,44
huawei,-47,226054418905134,40721202121,2024-09-04 06-40-41,47.4.178.176,-73745237,internet,211.13.141.100,-1934461042,2012653559,13356,-125
huawei,77,226050086816982,40762110478,2024-09-04 06-44-04,255.6.151.216,1781097322,ims,176.34.203.141,-302767620,2011600567,28488,-81
huawei,-108,226058171224948,40785009105,2024-09-04 06-40-25,97.231.176.14,-1401566034,ims,176.234.68.207,1455109177,155980452,12926,98
huawei,-114,226055011497980,40749427236,2024-09-04 06-43-17,122.141.202.240,1169021347,ims,39.109.209.21,-750854818,721364441,-7258,90
huawei,105,226050964896692,40781400344,2024-09-04 06-41-38,211.202.250.194,1822802571,internet,222.183.96.209,2001283605,-870961007,-25610,90
huawei,-84,226057023371391,40762971953,2024-09-04 06-42-54,103.201.163.230,-714415257,ims,236.249.68.38,1695397114,-868147408,23433,-52
huawei,43,226058136567513,40765882445,2024-09-04 06-44-38,145.156.92.18,-904871606,ims,196.5.58.37,-1888058785,-1783245390,-8683,-125
huawei,-77,226050985491315,40746449331,2024-09-04 06-42-51,84.38.226.199,-1244654308,ims,197.24.181.189,-1836539432,1643700122,-15776,54
huawei,106,226054814989917,40723360105,2024-09-04 06-41-02,67.136.213.215,2000932306,internet,191.105.56.191,758297577,1829356695,-31185,-89
huawei,63,226053230946045,40763752057,2024-09-04 06-42-09,136.247.69.70,-1122380982,internet,108.23.134.203,2050732847,1702170342,-4502,44
huawei,32,226051465137131,40799834385,2024-09-04 06-44-31,54.13.4.9,548785965,ims,76.168.58.148,342451148,1735011733,28766,-45
huawei,-99,226050061903208,40736402085,2024-09-04 06-40-14,103.4.183.81,-23691266,ims,172.30.96.23,-533366278,-789883654,28067,89
huawei,41,226054223110593,40713004736,2024-09-04 06-41-08,169.150.228.115,-1276336395,ims,182.159.54.180,-1438970706,116372874,29800,78
huawei,-38,226052090493653,40712668835,2024-09-04 06-40-48,250.174.122.16,368265033,ims,140.82.181.203,2037881727,-1512593476,-2135,-29
huawei,77,226053792534561,40762416878,2024-09-04 06-41-48,205.100.210.88,1844918962,ims,87.201.102.233,-1256460932,1798602385,25236,-48
huawei,3,226056603893260,40798617803,2024-09-04 06-41-54,26.223.19.219,-1525800268,ims,65.247.98.101,-1546145956,96174254,13965,-76
huawei,18,226056404592038,40701676938,2024-09-04 06-44-29,255.220.37.191,393863619,ims,75.35.191.5,-749576453,-856236086,20063,1
huawei,33,226057694023032,40755021450,2024-09-04 06-43-05,176.111.211.187,1840217573,ims,43.56.106.96,-340795693,1409821712,8366,43
huawei,62,226057847550988,40781104818,2024-09-04 06-41-42,95.190.178.193,-132546994,ims,4.176.88.220,-933148913,1502668337,-14699,-15
huawei,-109,226052637115140,40770499208,2024-09-04 06-43-22,54.200.115.40,1223268015,ims,111.251.84.113,-648987660,-50469819,8272,4
huawei,79,226058451537512,40795174776,2024-09-04 06-40-32,224.126.252.186,-1011675188,internet,120.213.162.45,1816719837,-27996161,-11799,103
huawei,-9,226059040250272,40752905978,2024-09-04 06-44-11,97.75.164.152,1794461355,ims,77.183.32.18,-2079428322,2139028473,-30109,-30
huawei,56,226057322726854,40788122351,2024-09-04 06-41-07,72.172.203.65,751331300,ims,115.76.25.115,1277044107,-642958170,-12442,13
huawei,43,226052318531485,40796401548,2024-09-04 06-43-29,220.199.115.15,-1307259667,ims,183.171.2.156,-2003846051,-450630593,32611,34
huawei,120,226058568166083,40792159795,2024-09-04 06-43-54,8.204.58.211,-326028342,ims,50.7.73.158,-1652930449,-927235725,6963,-36
huawei,-28,226051667818890,40719813148,2024-09-04 06-44-03,146.159.191.153,1826111694,internet,39.125.173.89,1372829501,-302726881,30549,109
huawei,-1,226050954969963,40752715515,2024-09-04 06-43-56,226.233.46.158,-276088661,internet,19.9.123.5,-176806626,1958437256,-15514,10
huawei,-91,226052514364109,40711291853,2024-09-04 06-41-18,101.106.114.66,343268563,internet,136.232.127.100,-268975656,-1587798938,-13620,9
huawei,22,226050586119585,40782930093,2024-09-04 06-43-30,158.240.94.127,945080704,internet,232.186.102.75,-282661730,-337967357,-24541,12
huawei,-52,226057140225231,40712460104,2024-09-04 06-40-40,134.62.40.194,1856549568,ims,116.136.47.234,-649439521,1397099576,-3910,109
huawei,-1,226057936815833,40764020579,2024-09-04 06-43-23,117.107.251.250,422672557,ims,212.10.91.19,417491867,-1510380983,-19181,-107
huawei,-117,226055893296758,40773846084,2024-09-04 06-41-46,168.7.206.241,-1646073310,internet,173.172.1.36,-1501412021,1618963822,-13399,107
huawei,-56,226058749091603,40775975473,2024-09-04 06-40-20,12.83.174.255,1616723571,ims,83.108.230.220,-1050990837,-383589365,27710,38
huawei,0,226056034141410,40793183806,2024-09-04 06-42-26,238.53.201.64,2037546218,ims,193.66.101.203,184393562,-82312846,-32164,116
huawei,-33,226051410985776,40752225744,2024-09-04 06-42-17,50.157.178.226,19504575,internet,98.93.230.208,-755792615,1492072245,19377,-81
huawei,15,226059050725194,40772207403,2024-09-04 06-43-33,19.71.96.77,-949976336,internet,137.141.195.171,686738545,-565075063,-6903,-61
huawei,92,226058226115054,40730958559,2024-09-04 06-43-09,43.8.95.125,-1039611955,internet,233.43.141.150,1035860857,1438720343,20959,-46
huawei,3,226054296771777,40714432569,2024-09-04 06-40-41,165.118.138.159,-920215107,internet,139.150.74.79,343659551,-2059734983,28154,48
huawei,73,226058546011189,40782564266,2024-09-04 06-41-59,109.29.83.224,1259016671,internet,93.198.224.87,-607644198,803086219,3034,88
huawei,108,226050678554192,40739423363,2024-09-04 06-43-47,145.168.135.231,-2073329478,internet,240.27.153.245,-1228703731,1855534138,9384,112
huawei,-94,226056587369344,40739677889,2024-09-04 06-40-32,80.200.86.184,613715533,ims,203.103.247.125,-17555636,407527655,3386,-97
huawei,-11,226058624877529,40791782974,2024-09-04 06-43-54,250.89.248.50,-799037117,internet,75.26.184.149,-729339629,1052570912,-15208,89
huawei,45,226056630488685,40701628087,2024-09-04 06-40-01,173.238.171.196,173548315,internet,206.223.32.31,-1809610075,203791027,5320,-82
huawei,-112,226057595910265,40788574263,2024-09-04 06-43-05,73.70.165.235,122354799,ims,34.249.14.198,325459342,1003903233,-1932,-116
huawei,23,226058512204238,40724982529,2024-09-04 06-43-20,103.249.202.255,-68005381,internet,6.229.181.92,1225084903,-2046001392,12810,79
huawei,67,226051571038925,40783775876,2024-09-04 06-43-42,87.56.128.25,-594922227,ims,101.57.118.236,1960368485,58513028,-16652,74
huawei,-5,226055148545204,40778919608,2024-09-04 06-41-35,12.158.28.121,1060560550,internet,231.240.121.170,2125339125,-541597322,7685,124
huawei,19,226050593360789,40718406751,2024-09-04 06-44-22,120.102.30.216,160681143,ims,253.145.97.255,1935703529,486759530,-15489,-48
huawei,-122,226053227949550,40723583233,2024-09-04 06-40-45,68.15.17.46,1225041297,ims,246.188.1.55,-789658899,1050369010,17288,95
huawei,-30,226058847973667,40712735984,2024-09-04 06-41-05,232.124.230.12,-2051599272,ims,59.122.190.35,491942673,-1002605905,-13170,-109
huawei,-7,226055122852140,40763698237,2024-09-04 06-44-09,87.19.1.145,1424049756,internet,92.170.210.224,167573805,1619935032,-12380,95
huawei,-60,226058211444320,40766755026,2024-09-04 06-40-50,7.129.0.109,1372427396,internet,1.123.93.248,1989822511,742717985,5048,-53
huawei,-5,226052381401259,40780637350,2024-09-04 06-42-13,190.141.63.98,-266805930,internet,163.7.247.68,123780428,-1448486034,-20174,-116
huawei,-14,226050006139051,40725741017,2024-09-04 06-43-44,39.88.58.10,238755414,internet,198.183.142.213,-1335323460,-495323300,16446,-109
huawei,-20,226054720175081,40769892473,2024-09-04 06-42-32,102.16.54.71,-479591213,internet,53.102.137.20,-688350615,-428626065,2482,-108
huawei,-116,226053033364205,40771666109,2024-09-04 06-43-50,148.218.240.61,514379675,internet,176.251.195.138,244987728,427069974,-16437,-81
huawei,96,226057451807888,40753912229,2024-09-04 06-43-54,225.143.184.22,-752740790,ims,76.125.9.139,1851561676,-826323437,30160,-11
huawei,-27,226057762167411,40725447634,2024-09-04 06-41-00,137.245.164.128,1303056747,ims,80.154.59.173,1652269082,1887993492,5627,-79
huawei,27,226057723593491,40736642020,2024-09-04 06-42-48,44.239.86.37,980123528,ims,174.143.122.17,2044540345,-340365050,-1314,-36
huawei,-34,226054750695223,40797364546,2024-09-04 06-43-17,116.246.218.1,-154669407,internet,4.43.210.229,-1096476547,-2578733,-12823,44
huawei,-98,226057940940209,40762495078,2024-09-04 06-41-23,160.217.209.241,681541385,internet,214.40.18.77,-1224447453,-613974373,-8040,28
huawei,118,226054313197102,40784830430,2024-09-04 06-40-17,254.101.114.75,1635404384,ims,210.227.182.182,26928968,1418634165,-19703,-78
huawei,-68,226055353310624,40752258646,2024-09-04 06-44-13,192.87.192.157,1800903626,ims,108.89.114.149,1079921835,-1861039975,-32495,86
huawei,55,226059795024228,40709205661,2024-09-04 06-41-58,32.145.118.19,978180679,ims,221.207.216.250,-993445649,-1953744322,1562,37
huawei,-84,226056157005096,40745192214,2024-09-04 06-42-17,46.231.115.13,-1929788009,ims,219.35.40.12,-1806434763,340799331,-13011,-86
huawei,-13,226058696882074,40769921924,2024-09-04 06-41-33,127.222.195.217,2039722149,ims,91.120.213.48,-954853696,-37917668,-28114,-11
huawei,-1,226053254265093,40766005588,2024-09-04 06-42-51,26.10.133.183,-360807631,ims,196.14.140.210,-174048268,1664933485,22727,-125
huawei,-95,226056000663097,40708591441,2024-09-04 06-43-51,66.209.35.178,-1640618012,ims,85.180.141.91,-2031985185,-1447548010,-10772,2
huawei,-10,226053798464452,40787978454,2024-09-04 06-40-17,195.255.4.115,357910778,ims,46.226.4.216,406265897,-843981807,15961,-124
huawei,13,226056233191425,40703216164,2024-09-04 06-44-24,145.145.158.212,-1188827201,ims,23.163.4.16,493671741,1076052963,-28353,12
huawei,29,226053095411522,40727636855,2024-09-04 06-43-20,217.153.160.10,-1790138133,internet,0.76.57.196,-785300335,1362623510,10705,74
huawei,-97,226059111442589,40716779524,2024-09-04 06-44-07,7.174.36.232,-1641891704,ims,27.245.27.92,-1985468657,-1829273684,20216,112
huawei,59,226055485530555,40758233006,2024-09-04 06-41-23,113.180.130.223,353469583,ims,24.125.85.74,436443600,-864150269,11688,58
huawei,-41,226051361359973,40706181446,2024-09-04 06-43-24,54.191.116.131,-1269606782,ims,248.57.181.203,1008846396,324904897,31898,74
huawei,103,226051481408879,40797446182,2024-09-04 06-40-25,149.5.17.161,810455389,internet,84.8.159.102,-1318256617,-234910305,24718,57
huawei,110,226057941511233,40726365532,2024-09-04 06-42-12,131.59.179.74,790774013,internet,71.166.65.125,-646152083,1207238212,26795,-1
huawei,30,226053581652560,40718560239,2024-09-04 06-44-51,255.166.158.10,2106375381,ims,95.76.237.85,-2020616318,1012761591,-23199,-113
huawei,123,226057587504482,40728005272,2024-09-04 06-44-43,192.237.246.26,1906834506,internet,242.9.71.41,519946281,-1175179131,-18026,-34
huawei,-45,226058036128190,40780620625,2024-09-04 06-40-24,206.64.241.224,608416620,ims,13.105.206.2,-237591859,-1964575135,17400,-4
huawei,-34,226051688136666,40722739272,2024-09-04 06-40-45,106.100.144.225,2040385044,internet,209.188.22.157,-670465851,-828378694,-11437,-99
huawei,-56,226055169406313,40794131765,2024-09-04 06-43-41,195.143.49.135,-1872953163,internet,92.230.230.202,661184460,1018009642,30538,76
huawei,-106,226059386564597,40785358703,2024-09-04 06-42-58,82.136.188.78,-1418604980,ims,173.209.255.192,777589198,683592030,31768,-121
huawei,103,226058208614976,40744476528,2024-09-04 06-40-49,84.14.175.117,1635090341,ims,112.215.148.15,2055715076,656739868,-17153,25
huawei,28,226052353360835,40707103582,2024-09-04 06-42-54,143.168.179.94,1966556549,internet,110.143.38.19,1170893603,-2057103771,-25964,76
huawei,-69,226052789435659,40735938213,2024-09-04 06-43-47,195.15.189.74,-771156893,ims,206.166.29.167,-2005207881,958275697,11992,96
huawei,31,226058389613682,40716809404,2024-09-04 06-40-42,152.204.87.115,-348211998,ims,4.183.247.113,-1168916493,910375569,-29591,-22
huawei,124,226051164316560,40701843287,2024-09-04 06-41-27,0.75.42.13,-2032842534,internet,183.193.74.163,1102364687,1187527502,-7148,49
huawei,-105,226051517922538,40712868201,2024-09-04 06-43-08,134.149.85.58,-1274624552,ims,6.94.225.226,-215677254,-1479622238,-25686,-46
huawei,-93,226058932414884,40702736853,2024-09-04 06-44-28,197.125.20.159,-28548447,ims,85.35.37.47,2030780420,1584408851,11155,93
huawei,30,226054702994919,40727046003,2024-09-04 06-40-33,201.253.157.189,1192158258,ims,19.102.186.119,-1965299445,1263582824,23837,-72
huawei,74,226053379836176,40759475558,2024-09-04 06-42-59,154.34.88.7,136297925,internet,190.182.102.141,-1250360171,1988670361,-28621,-32
huawei,-106,226053300408410,40737380847,2024-09-04 06-44-40,32.96.98.73,726489305,ims,30.91.11.29,-1998186418,1060547454,-22032,75
huawei,-67,226051782478965,40714983770,2024-09-04 06-41-08,145.53.255.231,670338820,internet,125.80.111.245,1379143512,427406939,19577,-38
huawei,-41,226055360762551,40786132272,2024-09-04 06-42-57,117.106.23.52,1392930947,ims,9.0.68.176,690713309,-1102653804,30937,13
huawei,19,226055143118116,40741666865,2024-09-04 06-44-04,31.222.177.179,-2118221836,ims,10.89.58.109,927907629,-1091203693,14849,88
huawei,-9,226059949921042,40760915004,2024-09-04 06-43-54,2.137.28.166,523752176,ims,8.18.143.242,-1786749908,-1458934844,-26174,30
huawei,-105,226054919345342,40745955818,2024-09-04 06-41-36,223.47.83.63,-1020279862,ims,53.149.9.226,-577353830,1486425687,1777,108
huawei,-14,226051455982931,40794215132,2024-09-04 06-41-44,120.60.108.154,-1879084567,internet,5.66.233.195,-529680882,-1808716705,-24632,124
huawei,-22,226054814033556,40750830983,2024-09-04 06-42-12,112.78.248.183,1321910515,internet,56.185.210.6,-1621268720,-1148072257,10441,-84
huawei,-4,226050313033789,40776397315,2024-09-04 06-42-39,99.164.52.65,388023065,ims,82.22.88.144,386687841,1360947616,-24418,-17
huawei,-7,226057784717542,40793793546,2024-09-04 06-43-12,55.29.129.50,-1323628128,ims,193.124.54.66,-53670056,314731844,14216,-42
huawei,-4,226055157879800,40780378009,2024-09-04 06-42-43,95.171.204.132,-1514654814,ims,160.115.54.120,-709560718,-1898431750,16532,-113
huawei,93,226055792193323,40795803626,2024-09-04 06-43-18,220.37.49.31,-1285958243,ims,168.144.10.116,1266774572,1217128076,-20577,88
huawei,64,226051943270676,40789979146,2024-09-04 06-45-00,251.229.36.47,-1476771792,internet,185.242.216.81,-1196762679,1615906501,8299,79
huawei,-71,226056383988613,40752140861,2024-09-04 06-40-41,188.160.156.137,-1376135399,ims,127.22.198.140,-438726096,219001204,-1835,92
huawei,-111,226055588593822,40775071111,2024-09-04 06-41-50,36.147.41.18,-8123571,internet,142.151.234.130,251862944,1957800058,-25870,31
huawei,-43,226050822438020,40756820745,2024-09-04 06-42-25,153.30.63.39,1663652676,internet,17.115.114.22,-1197725852,-1605201413,2814,52
huawei,-33,226051374524009,40790341417,2024-09-04 06-41-30,102.65.228.84,-763310912,ims,147.192.237.26,-1653227893,1668404741,3719,-63
huawei,-87,226050561522944,40740400647,2024-09-04 06-41-28,66.106.60.27,-1485149853,ims,130.98.166.41,-166525532,1115771003,1302,75
huawei,-107,226053061296544,40711587424,2024-09-04 06-44-05,217.43.15.99,756196812,internet,90.152.239.133,-629908391,810630658,24622,-63
huawei,-39,226059317226786,40761306667,2024-09-04 06-40-50,96.8.160.244,-2135513267,internet,76.190.146.240,-2045183265,-1591099093,-29838,39
huawei,-116,226053403401695,40718656435,2024-09-04 06-41-03,24.69.130.209,-1402892557,ims,49.183.125.14,1145755616,1508050289,7696,56
huawei,74,226050912591816,40793574638,2024-09-04 06-42-43,205.99.187.7,-1921276805,internet,171.238.132.254,-1000693503,360492281,-2597,-36
huawei,112,226055918945775,40718839754,2024-09-04 06-40-06,203.72.69.112,-897502958,internet,137.130.218.245,-946038477,769021016,12932,-90
huawei,-2,226055924840721,40718649653,2024-09-04 06-40-26,15.201.132.10,216266053,ims,253.10.128.146,-1998823207,141842295,30767,101
huawei,39,226050925602400,40779492974,2024-09-04 06-43-08,186.167.192.237,659929986,internet,238.244.76.47,731653594,1013530541,25470,123
huawei,36,226052524252803,40779446596,2024-09-04 06-40-09,18.113.126.179,-862454736,ims,234.212.101.136,-1181158917,-1782754058,-11407,114
huawei,-63,226051740119098,40742570984,2024-09-04 06-43-26,114.197.30.54,-1692444063,internet,136.40.214.31,1695118669,-2033411634,30716,-116
huawei,-18,226050786036030,40783237312,2024-09-04 06-45-00,57.145.106.26,1109935787,ims,223.230.221.203,1380434394,-128724399,4864,-53
huawei,106,226052320569047,40753890832,2024-09-04 06-42-07,80.232.254.252,-758076695,ims,225.201.220.150,1897824120,-671571366,18377,-123
huawei,84,226053102192091,40791756287,2024-09-04 06-40-12,213.206.187.69,683216608,internet,240.247.131.204,-611629490,1445001858,-13656,-25
huawei,80,226053661322978,40730213058,2024-09-04 06-44-35,228.97.144.201,-329082562,ims,252.120.108.71,1185649009,-126813327,-3956,61
huawei,112,226057234557773,40761008139,2024-09-04 06-42-17,186.123.21.234,161918469,internet,19.121.45.121,481725436,-1719580288,16565,-14
huawei,123,226059389949097,40793564271,2024-09-04 06-44-07,211.42.86.252,1744895022,ims,89.138.28.30,1175055974,980639556,19751,-69
huawei,-27,226059529086625,40794837026,2024-09-04 06-44-32,52.180.27.46,1401115402,ims,52.189.183.56,-862705908,1902046920,-24227,14
huawei,-100,226054896605525,40701349161,2024-09-04 06-44-16,155.149.139.191,1842240294,ims,235.25.151.167,240869186,1591208352,-19720,-112
huawei,42,226051404447290,40710636240,2024-09-04 06-41-29,227.134.25.64,-1657083793,ims,8.153.31.141,778809117,-1023684561,14883,115
huawei,77,226057750187137,40744213945,2024-09-04 06-40-26,139.14.63.223,-1285401883,internet,205.91.116.143,1381156519,129693144,-20905,121
huawei,27,226051136294981,40791942635,2024-09-04 06-40-58,131.31.147.35,475224434,internet,224.54.161.243,1472301986,1689649748,-7223,-42
huawei,19,226055313840778,40703443762,2024-09-04 06-43-30,84.11.63.58,889185508,ims,222.20.103.39,1154818628,600541829,11765,89
huawei,-41,226050438541850,40718072755,2024-09-04 06-40-34,220.243.26.111,-1743263418,internet,69.203.55.5,-818968698,-921370995,-7614,-90
huawei,124,226050904277350,40715235306,2024-09-04 06-42-41,189.0.142.250,-985490690,internet,148.145.77.100,-1958453239,-1481271710,15152,20
huawei,58,226059339638124,40714767034,2024-09-04 06-43-49,194.49.9.242,360861976,ims,208.210.194.16,-1944701848,2008820421,-25576,-69
huawei,73,226051225410894,40790730971,2024-09-04 06-41-25,127.234.183.120,9449041,internet,166.207.116.83,260503025,-2102289168,6600,57
huawei,24,226053142589441,40745675364,2024-09-04 06-40-33,35.227.131.164,133149349,internet,133.131.94.6,-480729355,1277896243,29775,57
huawei,-113,226058503456918,40770346317,2024-09-04 06-40-16,155.136.220.42,376749122,internet,238.2.234.137,1619983927,276994151,-15439,-59
huawei,3,226059697699147,40772808479,2024-09-04 06-44-50,168.67.69.249,1614136199,ims,10.243.192.110,19626151,939023057,-20033,127
huawei,-20,226053718910649,40700214628,2024-09-04 06-44-43,170.122.231.154,-1493197815,internet,49.88.107.206,-1215417099,-515123882,-3039,-80
huawei,-60,226052772271142,40774989763,2024-09-04 06-42-00,194.19.47.210,-697084558,ims,236.152.15.2,-1979906736,-1289027424,-28858,-66
huawei,25,226056707402057,40736317043,2024-09-04 06-40-11,202.78.251.244,-2116570198,internet,65.43.223.9,1059220260,-270031253,13536,-89
huawei,-54,226059625938579,40777643742,2024-09-04 06-41-16,167.164.83.170,-2139642544,ims,11.74.40.206,-89889441,1331114105,29408,105
huawei,-3,226050532272779,40794465858,2024-09-04 06-40-02,188.17.248.253,-1526303158,internet,99.115.141.121,1478223358,102671353,30832,48
huawei,87,226052858863538,40780595250,2024-09-04 06-44-13,53.143.128.7,1480781175,ims,32.196.146.225,-1559600775,127089117,12488,16
huawei,-108,226057391180387,40713352186,2024-09-04 06-41-17,138.16.195.59,1150451596,internet,28.187.55.148,-1796697338,-1381742857,19614,-121
huawei,-117,226051528362964,40795345197,2024-09-04 06-44-56,110.51.207.87,-249195265,ims,58.27.227.121,-2101639211,1548108648,21780,7
huawei,118,226058449390764,40704296061,2024-09-04 06-40-31,229.233.192.56,-896449183,ims,177.76.246.16,-1013112844,-1579063185,3642,92
huawei,-109,226055269810612,40786638690,2024-09-04 06-44-07,13.136.254.20,1090036404,ims,37.241.172.205,-1164142535,-424587908,-29799,21
huawei,-3,226052663289057,40741717821,2024-09-04 06-44-37,229.149.239.189,-135859220,ims,105.244.70.126,-1707231624,290279411,-17314,62
huawei,0,226053196519101,40748275358,2024-09-04 06-42-10,147.37.74.101,1428338259,internet,67.47.88.143,1939895780,1343373780,-20768,55
huawei,15,226059042167674,40725897169,2024-09-04 06-42-54,195.53.52.95,-913307625,ims,130.18.166.117,-295827801,-963190686,-16035,65
huawei,-106,226052358176197,40728735238,2024-09-04 06-44-27,151.204.23.240,1235619461,ims,161.99.34.134,-4146956,2092661234,3347,-83
huawei,76,226054269633624,40780874883,2024-09-04 06-40-54,127.20.13.76,-1491062823,internet,239.206.230.145,-466707496,-985386626,6757,-26
huawei,-123,226058884001513,40711312301,2024-09-04 06-44-32,165.129.48.66,-2142119479,ims,69.121.36.139,1775098275,236828234,24279,120
huawei,-58,226051392692445,40730748772,2024-09-04 06-42-38,113.181.107.89,-360206841,internet,135.21.236.21,-144161159,192545842,27094,-108
huawei,121,226059276450055,40768580313,2024-09-04 06-41-55,40.240.132.134,87719359,ims,93.142.26.176,-1741258140,2143230275,28589,115
huawei,73,226056560928139,40770321847,2024-09-04 06-44-39,176.223.48.40,-1969083471,ims,127.22.98.41,-1117200792,-1004078901,25718,-38
huawei,61,226057386639822,40782143654,2024-09-04 06-42-24,109.149.111.103,1284171995,internet,136.96.229.87,-227754518,1894926699,6573,83
huawei,-49,226055527462207,40773269273,2024-09-04 06-42-50,219.78.18.251,-1655059760,ims,40.211.166.27,-1938110243,1022811110,-20154,-73
huawei,24,226053228250795,40771268238,2024-09-04 06-44-07,169.247.131.222,-996289733,internet,199.110.27.1,-1657458108,-1642478261,-5437,24
huawei,45,226057178949139,40786785027,2024-09-04 06-41-59,210.37.150.172,1420178753,ims,158.248.183.240,925732335,-554654593,-1830,66
huawei,62,226053494956966,40725082601,2024-09-04 06-42-03,179.178.144.102,-415511331,internet,42.200.72.186,-500543471,-1308068535,-8643,-92
huawei,3,226059257254020,40757623959,2024-09-04 06-42-51,64.172.21.92,98706455,ims,22.49.235.225,1778723326,556586554,3674,-102
huawei,-89,226050545277985,40769871720,2024-09-04 06-43-48,140.226.81.52,18738103,internet,168.134.77.189,1577920920,-961505289,-32494,7
huawei,-82,226050812679301,40700177341,2024-09-04 06-44-59,169.106.15.145,-284873299,ims,212.217.209.219,1474688278,72177527,21756,-91
huawei,105,226055933998593,40783568888,2024-09-04 06-40-06,93.113.132.122,-1939443549,internet,115.78.54.67,679438453,-1587835544,28147,76
huawei,85,226057689680315,40717132612,2024-09-04 06-40-47,155.214.61.16,701108437,internet,105.163.145.82,553380464,-1648202177,-26578,-23
huawei,1,226055343671571,40709799057,2024-09-04 06-43-00,2.61.250.157,293033854,internet,10.238.247.29,1801391912,-97353698,-29519,-75
huawei,19,226050558973059,40791470777,2024-09-04 06-43-50,71.155.13.239,244501972,ims,240.228.4.154,1154104619,1806244365,-14131,-1
huawei,-29,226050824517976,40711141599,2024-09-04 06-42-10,197.86.133.214,-1042828807,ims,109.170.220.176,-447044428,1876055232,31850,16
huawei,-12,226050338892617,40789562746,2024-09-04 06-40-31,129.115.153.239,2113882882,ims,141.87.79.23,-566652964,2029076313,28245,37
huawei,-97,226058775592672,40755864085,2024-09-04 06-41-49,163.40.12.21,-771943854,internet,8.121.58.111,-159506761,-56136819,-13441,86
huawei,11,226057056518537,40756341383,2024-09-04 06-40-55,26.85.80.30,1165489784,ims,159.89.18.225,1480717510,-1900102091,-1182,-106
huawei,89,226052492442425,40711684391,2024-09-04 06-44-06,80.45.229.48,148102418,ims,184.127.59.54,490375202,-1860673913,32608,28
huawei,-63,226054500324749,40755708323,2024-09-04 06-41-27,79.6.71.255,-1873629226,internet,205.5.236.156,1676313907,-903453836,30183,-10
huawei,-76,226056594089039,40769077003,2024-09-04 06-41-36,253.18.189.244,1826668588,ims,167.6.64.31,-2074519204,-35444530,13944,63
huawei,65,226050106000079,40762379702,2024-09-04 06-44-13,116.122.53.9,-1360566433,internet,75.68.179.77,838722724,2012104144,-24642,-61
huawei,120,226053853119592,40753734068,2024-09-04 06-42-23,236.219.249.50,261623743,ims,17.37.183.196,1966033960,392825056,-32655,127
huawei,101,226059673407349,40792009206,2024-09-04 06-44-21,160.199.228.33,395766892,ims,180.251.186.11,-1050312187,271276087,-13446,-10
huawei,-70,226055965927730,40713031913,2024-09-04 06-42-13,127.217.232.93,1628956188,ims,51.159.199.99,-1600678861,817167294,-1577,115
huawei,-110,226058073041347,40744893515,2024-09-04 06-42-28,16.131.215.96,920408895,ims,163.26.36.143,-1329004979,-1696156568,23245,-76
huawei,29,226051735215831,40769692926,2024-09-04 06-40-48,88.127.15.116,1168143505,internet,130.238.105.90,-1548639980,699445223,-27895,13
huawei,-65,226051769124214,40734315895,2024-09-04 06-41-39,229.197.101.157,-1765528510,ims,114.86.54.148,-716827490,-543933406,162,-33
huawei,54,226052856529054,40748111518,2024-09-04 06-40-24,97.223.67.251,-880632722,ims,141.100.115.141,-648323072,-1202758055,-20827,-67
huawei,119,226051613051247,40709584931,2024-09-04 06-42-58,240.104.9.56,1466104073,internet,37.23.237.32,-1438326154,570107827,26538,42
huawei,-104,226056278220899,40720203287,2024-09-04 06-42-35,39.46.135.86,-1788973341,ims,54.54.66.216,1372982994,-15179211,9636,57
huawei,-90,226055448987942,40720055649,2024-09-04 06-41-57,250.161.179.34,639379309,ims,138.69.148.238,-610755445,1940539898,-26490,-21
huawei,-112,226052571760245,40770132931,2024-09-04 06-40-52,106.85.9.69,1493386139,internet,30.247.255.105,256755290,985129999,16732,-59
huawei,-4,226055442242041,40782632264,2024-09-04 06-44-12,206.123.71.120,1517512419,ims,28.249.26.17,233361782,-1773024689,-10443,-68
huawei,14,226058378321938,40704071147,2024-09-04 06-43-56,101.54.43.216,-694893746,ims,181.25.145.16,2050162485,1555208757,19937,32
huawei,-82,226052194574361,40759442082,2024-09-04 06-44-24,122.142.184.236,-1716801491,ims,164.116.83.158,-599384081,-972514535,-3810,-126
huawei,-13,226052995250418,40765151245,2024-09-04 06-44-56,25.5.169.112,993124494,ims,249.193.254.232,-1699715567,494059688,-20676,-106
huawei,-87,226052507277793,40719250978,2024-09-04 06-40-23,118.27.46.52,-2107983812,ims,108.168.198.82,-668563471,-279969967,802,-71
huawei,-28,226059626460351,40745518094,2024-09-04 06-44-07,73.13.172.49,1201754302,ims,251.178.155.166,520120588,36250719,-4377,-38
huawei,87,226058169077185,40789694015,2024-09-04 06-42-30,214.193.82.208,1048236413,internet,221.183.26.142,1101182533,354030553,3177,122
huawei,106,226059741985029,40766673297,2024-09-04 06-44-45,130.71.241.166,1076746049,internet,75.79.86.86,1158226085,687587847,-30431,61
huawei,56,226056404451585,40704506804,2024-09-04 06-43-33,17.199.139.171,224675440,ims,198.208.85.192,-300130728,1003923892,-23992,-87
huawei,41,226053586598495,40785203316,2024-09-04 06-43-21,146.75.78.157,-1451069571,internet,94.50.216.95,191287214,-1256366923,-26728,-93
huawei,44,226052965567175,40751261880,2024-09-04 06-42-11,184.230.151.28,404488934,internet,25.3.186.122,1364707169,1552405851,29716,17
huawei,-104,226057699520333,40736767494,2024-09-04 06-44-56,30.97.18.197,1849692687,internet,186.68.180.122,324949028,-202200593,-32246,111
huawei,126,226050477841063,40755830088,2024-09-04 06-43-40,232.196.221.144,-1528465666,internet,127.26.210.144,1543308412,-1704758108,10576,-87
huawei,91,226056332168822,40779463426,2024-09-04 06-40-19,206.50.122.228,617260049,internet,105.69.51.93,1365092728,-1876961524,-7475,81
huawei,-34,226058481788705,40726215426,2024-09-04 06-43-47,37.106.186.204,1320766414,internet,67.203.224.151,-1824302152,1460609774,-14503,48
huawei,-10,226056729742641,40759575000,2024-09-04 06-44-21,220.43.64.214,1356417502,ims,149.56.8.43,-1326401008,1444197188,-27594,111
huawei,-49,226058031018669,40742904772,2024-09-04 06-42-47,181.148.120.173,-1425347706,ims,115.212.63.144,-1755537656,110662968,-5947,106
huawei,-28,226059908716487,40722798981,2024-09-04 06-42-43,79.241.170.168,292265077,internet,191.47.249.129,801226901,999545026,26656,-46
huawei,106,226056684795882,40749146105,2024-09-04 06-42-43,87.232.211.106,1605266578,internet,177.19.90.145,-415422674,-1144197996,-27530,-29
huawei,55,226059107862560,40799799317,2024-09-04 06-45-00,228.112.109.217,748461937,internet,69.117.39.141,1357128567,640538430,-14332,63
huawei,-80,226055572561227,40765211094,2024-09-04 06-41-29,38.42.115.176,1807712011,ims,87.107.109.224,-810535082,53808815,-14720,115
huawei,65,226059264546434,40737158618,2024-09-04 06-42-48,110.249.229.26,691772917,ims,232.116.99.145,1563155253,-1698554695,26672,-36
huawei,99,226057230267325,40778222697,2024-09-04 06-43-57,208.236.199.191,-854303901,ims,87.173.223.152,1027093587,-1558997769,-597,-109
huawei,36,226050604085122,40717666005,2024-09-04 06-44-48,148.255.201.50,-963795267,internet,18.224.72.242,-2078064995,-674570180,28334,-39
huawei,-57,226052837614577,40765844347,2024-09-04 06-44-18,120.252.184.20,-1924223191,internet,162.49.48.231,-1749422575,1170719311,9084,-95
huawei,-24,226055041411179,40722608535,2024-09-04 06-44-00,213.108.237.164,299961702,ims,111.225.246.96,429911707,1923534857,-14137,-74
huawei,-110,226059031462366,40764338574,2024-09-04 06-44-54,198.111.217.147,950742645,internet,212.29.145.221,2126317075,614010182,16705,-27
huawei,-69,226053570757653,40745827394,2024-09-04 06-43-56,212.56.116.24,1921896540,internet,14.204.64.226,-1419769760,-1310525588,32706,90
huawei,48,226057736556816,40705794624,2024-09-04 06-42-43,85.215.79.235,1597266088,ims,106.189.111.69,1430006392,1844343743,-20340,-39
huawei,6,226052878254116,40794371363,2024-09-04 06-44-00,170.146.193.142,-2061289126,internet,225.86.24.57,1442236175,-372894465,-3079,125
huawei,82,226053782745112,40778979892,2024-09-04 06-41-00,15.151.120.1,1406359281,internet,80.243.204.64,1697087395,930799853,10959,12
huawei,-81,226052639890153,40727812527,2024-09-04 06-44-45,3.209.132.248,70416273,internet,238.1.89.52,-1179501957,19503330,10042,95
huawei,-17,226054680644027,40754283962,2024-09-04 06-42-15,106.198.68.130,839423876,ims,167.215.62.97,955860908,610540895,15956,-128
huawei,125,226059467465123,40705128671,2024-09-04 06-42-54,228.81.248.149,1725598929,internet,69.150.193.218,233749641,-980098976,20821,7
huawei,-100,226059794959832,40792393532,2024-09-04 06-44-22,220.16.14.221,-1253774143,ims,195.191.123.99,-1233812965,-947806919,-2949,-46
huawei,-97,226058463906206,40792155170,2024-09-04 06-43-50,110.39.19.89,-1076717351,ims,38.137.96.148,889232179,2126511786,-5269,29
huawei,42,226059993628947,40758313579,2024-09-04 06-43-34,231.176.229.120,-671429501,ims,1.98.140.114,1594493200,1115059397,-1960,-33
huawei,8,226057800018119,40787754265,2024-09-04 06-44-41,191.65.208.221,557465876,internet,249.68.29.241,1230793994,-289323954,-6956,30
huawei,-124,226056056530976,40785177912,2024-09-04 06-41-11,160.221.250.50,-1722143538,internet,13.169.248.217,159863473,2086021074,-24636,-49
huawei,21,226059091782109,40748125734,2024-09-04 06-40-11,196.206.176.62,-738776374,internet,254.188.169.141,-338874577,-116170628,-21868,99
huawei,125,226053093046748,40795605626,2024-09-04 06-43-38,244.23.179.51,-1699012325,ims,131.200.193.248,-972728680,607865686,8576,54
huawei,-99,226056163607307,40758467299,2024-09-04 06-44-36,229.240.32.48,-715791618,internet,28.145.63.51,678931097,13384448,30361,56
huawei,-57,226059181689383,40762012316,2024-09-04 06-41-00,40.61.181.25,-1380372624,ims,34.64.211.233,-679741110,-414630600,-4791,33
huawei,95,226052614621101,40742363507,2024-09-04 06-44-45,110.162.33.28,-1938281755,internet,20.255.111.231,2063363825,298945080,-9898,-85
huawei,-8,226057552112136,40719538682,2024-09-04 06-40-49,177.199.204.174,-78141083,ims,6.215.197.13,1273869852,1756812676,-27342,89
huawei,8,226050946735686,40794864659,2024-09-04 06-41-16,189.0.201.167,-1486989304,internet,54.38.117.35,-797117258,-1196173860,-17887,106
huawei,-31,226055682730689,40716078389,2024-09-04 06-43-19,201.219.202.65,-2121888974,internet,184.221.49.120,824892049,-74473421,30637,-4
huawei,-53,226057665548104,40734038327,2024-09-04 06-40-50,254.21.229.17,2130908666,internet,80.88.104.214,-859035387,105628519,-31608,-100
huawei,25,226057880506674,40776297406,2024-09-04 06-40-35,96.235.188.226,-409466373,internet,217.169.86.199,-1716072329,432409287,14576,81
huawei,77,226055177722406,40770167004,2024-09-04 06-43-32,65.84.60.165,-195440565,ims,130.161.50.140,1680944022,158294959,-6516,113
huawei,37,226057101139403,40784729440,2024-09-04 06-40-28,95.244.18.135,-2092299672,internet,199.41.37.150,1377109020,-101797745,-10518,-84
huawei,55,226056002672121,40741652565,2024-09-04 06-42-08,186.162.79.85,1092988884,ims,108.63.173.83,-2103930811,2004380258,-21868,42
huawei,-100,226054970063173,40725672019,2024-09-04 06-40-50,2.133.176.48,291111800,ims,214.79.171.234,-1338647883,944036301,-10892,-84
huawei,-87,226056174635870,40751039120,2024-09-04 06-43-23,247.85.117.208,-1789591293,internet,51.78.220.185,138341663,1580233499,-12564,20
huawei,12,226057710888577,40729843553,2024-09-04 06-43-40,14.131.207.125,-1488451827,ims,139.190.68.77,-821903912,-8331090,-399,97
huawei,17,226058817959586,40712405225,2024-09-04 06-42-26,214.230.77.137,646728440,internet,88.186.205.168,-831113318,1927803974,15293,23
huawei,29,226057874124974,40720977061,2024-09-04 06-42-54,62.130.60.103,-1788744367,internet,12.175.18.140,-1789069312,-2034550118,24406,-18
huawei,-89,226054591128545,40719195155,2024-09-04 06-41-06,57.89.172.33,1555377629,internet,136.32.31.35,272930630,-1806623545,-2688,-28
huawei,-2,226053555224632,40776061381,2024-09-04 06-42-40,83.65.121.28,-459050933,internet,107.226.168.120,671586534,198255398,-31495,27
huawei,-82,226051620834764,40735819352,2024-09-04 06-43-18,246.165.5.212,1743832939,internet,204.74.202.254,-15449078,-1720030225,4203,80
huawei,-82,226058752925915,40753067901,2024-09-04 06-40-22,35.190.228.14,-1493432920,ims,22.40.229.146,-873600140,-2077612491,26226,12
huawei,-33,226053918544820,40727731874,2024-09-04 06-40-28,54.177.239.130,1889275442,ims,114.247.159.85,1930339658,1709974113,16139,-68
huawei,15,226051570975594,40728004743,2024-09-04 06-41-24,238.216.195.94,1547738807,ims,155.35.214.143,-869193005,134788101,4950,47
huawei,111,226050327898169,40727237039,2024-09-04 06-44-39,45.112.35.255,760772330,internet,161.200.252.133,2022958668,-1961273559,6641,114
huawei,-35,226059804733420,40755825347,2024-09-04 06-41-43,77.62.137.39,-1948874568,internet,191.46.80.136,-1559934902,762607909,18490,-21
huawei,-101,226057552268996,40717174119,2024-09-04 06-44-56,142.36.66.13,1658796978,internet,42.16.77.96,513787833,-124807576,28371,-70
huawei,-95,226059171454243,40724842023,2024-09-04 06-41-37,183.125.122.102,-730696470,ims,11.18.250.11,1073023750,1796044255,28838,60
huawei,-34,226055544202758,40797479482,2024-09-04 06-43-37,45.113.92.162,-1327018568,internet,157.13.126.194,1099243289,-64418282,-7259,-76
huawei,23,226055552291085,40743532243,2024-09-04 06-41-51,252.116.140.52,100561258,ims,181.108.198.94,1924832562,-127779892,32673,-42
huawei,24,226051080425064,40761288828,2024-09-04 06-43-44,104.30.251.167,-1832510884,internet,63.49.216.60,1829871817,1005288652,-2550,-55
huawei,69,226054774044058,40731417783,2024-09-04 06-40-53,156.49.153.233,-805452961,ims,98.208.110.149,604570902,1284780704,-9725,-102
huawei,47,226057194774249,40737522888,2024-09-04 06-42-33,3.115.182.8,1951612014,internet,199.172.240.47,1979485222,-1919400276,-118,-103
huawei,94,226056612087377,40767064540,2024-09-04 06-43-23,143.31.240.229,-1167537898,ims,63.25.151.96,-648712587,-1053482810,-14027,-39
huawei,-127,226051029449672,40724976297,2024-09-04 06-40-53,255.88.137.118,-1753238873,ims,127.166.122.91,-1194397215,-64642862,-8479,61
huawei,104,226058630933243,40761908858,2024-09-04 06-42-55,99.85.135.67,-692995041,ims,200.229.159.193,1708803161,-497283336,-13236,111
huawei,53,226059743139260,40759774698,2024-09-04 06-42-33,55.6.247.46,1683185558,internet,127.237.104.254,1582237893,-202906749,22587,24
huawei,19,226053438351019,40785374650,2024-09-04 06-43-08,105.157.76.249,818645947,ims,114.128.245.61,-376826747,1105274111,22879,52
huawei,118,226054173206486,40723582930,2024-09-04 06-40-03,8.125.13.44,983938153,internet,232.112.144.21,-1219457940,-1850973736,-9256,-109
huawei,-30,226051593046476,40768260807,2024-09-04 06-42-54,105.177.118.213,-368455119,ims,120.249.112.248,320904304,-2039981794,-27894,88
huawei,-49,226056960063000,40742024012,2024-09-04 06-44-17,206.22.132.189,359198086,ims,130.24.231.58,1684748331,737282708,20667,123
huawei,22,226055869651296,40717195499,2024-09-04 06-44-34,238.138.30.159,1639259642,ims,147.148.76.88,58763415,558517090,16723,-39
huawei,-86,226050114682439,40792493512,2024-09-04 06-42-09,28.43.215.3,221662663,ims,165.204.140.23,2057626876,-1932092927,-1438,119
huawei,122,226053211649126,40795547432,2024-09-04 06-43-58,132.236.40.238,830740277,internet,173.66.74.143,-1183704622,929720619,-11554,89
huawei,56,226053697097384,40799444701,2024-09-04 06-40-10,107.208.176.98,2056243822,internet,140.17.139.239,1495743395,1755961201,-28604,8
huawei,45,226058197597620,40716167906,2024-09-04 06-42-13,160.44.194.36,-2103040150,ims,26.212.131.190,1977106514,-1214784032,-8276,81
huawei,14,226059369951835,40763993270,2024-09-04 06-43-05,89.69.58.66,610343944,ims,24.130.104.204,2077372767,1559547454,21823,60
huawei,25,226054570976386,40796295191,2024-09-04 06-40-37,127.113.108.238,1681925060,ims,193.137.30.49,1373587961,159239520,4193,121
huawei,43,226053879031457,40796027350,2024-09-04 06-43-04,77.128.195.220,1102102826,ims,53.74.151.49,-1320782252,-151114624,5329,-113
huawei,-73,226050393293670,40714117907,2024-09-04 06-40-36,97.164.120.183,1899835601,internet,8.25.253.53,1534977045,218277943,3712,-73
huawei,103,226050809280592,40785252676,2024-09-04 06-41-57,252.43.67.218,-552853217,ims,103.60.164.53,213758683,2009002015,-11953,2
huawei,-126,226052358928971,40763205004,2024-09-04 06-41-35,94.132.187.146,-1784259912,internet,150.129.191.29,-1524823946,718786946,-21430,26
huawei,-116,226050915259652,40710112427,2024-09-04 06-44-31,52.221.252.25,158309890,internet,118.245.218.140,-1600353278,1230755101,-2799,-66
huawei,22,226051476405420,40769019834,2024-09-04 06-40-24,241.228.55.144,1639125420,ims,188.183.33.126,-838504597,-1354660685,-7955,96
huawei,43,226052150033220,40727728911,2024-09-04 06-41-36,182.239.182.2,887198958,ims,185.245.178.104,238271392,-415378815,-14207,-104
huawei,120,226050157351951,40786734455,2024-09-04 06-43-09,129.7.141.151,1355144246,ims,240.220.193.230,2116023930,12374702,-24309,-100
huawei,65,226056217381625,40795332692,2024-09-04 06-42-08,26.175.44.55,1430184744,ims,224.175.192.181,522288327,-1018983154,28952,-39
huawei,-124,226055030334862,40765948001,2024-09-04 06-42-35,148.9.22.244,95104973,internet,144.141.231.194,1782282205,1445047764,-12854,49
huawei,1,226057533854110,40740892765,2024-09-04 06-40-43,50.24.229.34,-602882807,ims,172.221.123.166,895658970,1482579328,5181,33
huawei,-38,226058015293145,40761363220,2024-09-04 06-43-46,203.147.215.185,550366620,internet,139.245.227.218,955772667,-1240634187,30204,-24
huawei,77,226058460802354,40768003507,2024-09-04 06-40-18,168.89.136.39,-1242168936,internet,78.92.84.197,-917555442,179960701,-3905,-92
huawei,-15,226056087876711,40792607644,2024-09-04 06-44-08,145.59.41.133,407104522,internet,175.2.196.31,1165894537,-1979702356,21056,-44
huawei,25,226052916505464,40767874982,2024-09-04 06-40-23,124.172.77.207,1091887365,internet,71.114.26.57,-1934220881,-855280761,27323,54
huawei,27,226054073916942,40780433934,2024-09-04 06-40-19,174.6.193.46,1907589435,ims,99.238.44.53,2085838897,242334096,7958,122
huawei,-22,226053188616220,40726661799,2024-09-04 06-43-20,162.47.159.212,-2049615698,ims,23.62.16.203,-281182385,-1718967071,1716,103
huawei,-57,226057307917089,40758957479,2024-09-04 06-41-11,196.156.253.45,377205023,internet,64.25.47.21,1628861698,-1695100926,-19501,115
huawei,-117,226055147104085,40717457350,2024-09-04 06-42-53,119.56.223.129,-2033861731,internet,53.186.169.184,-1442125361,-1337559053,-24989,88
huawei,-46,226054549050599,40707442152,2024-09-04 06-41-33,99.107.120.130,1919415817,internet,145.233.163.201,-711792173,-1445940652,9386,105
huawei,72,226056670302716,40762293981,2024-09-04 06-44-07,53.172.123.161,49473583,ims,20.200.152.49,1115058868,1523718099,-16489,89
huawei,39,226057411867715,40711749158,2024-09-04 06-42-35,20.88.109.2,365584434,internet,74.243.98.117,987796205,-397633959,-15993,110
huawei,39,226052951004063,40748743205,2024-09-04 06-41-19,159.189.209.191,-1880983916,internet,3.81.117.205,-2146514888,1471093067,3175,43
huawei,75,226055888845572,40755648770,2024-09-04 06-40-30,30.186.182.8,677100426,internet,202.208.64.38,119152429,-842544803,-13260,-120
huawei,40,226053245471545,40736162388,2024-09-04 06-43-48,231.246.112.213,297585303,ims,21.10.31.32,940223354,-1377249577,23137,118
huawei,-28,226059794836545,40722151990,2024-09-04 06-41-57,13.147.4.152,1780762738,ims,131.223.54.148,-1656876176,155534396,-9971,-127
huawei,-93,226052144178675,40720835040,2024-09-04 06-41-35,97.152.73.52,-331449280,ims,75.224.43.88,-581869430,1017560424,-23838,-50
huawei,17,226053617986828,40703151458,2024-09-04 06-43-33,32.77.150.14,-1136362496,ims,38.198.34.17,1409119195,-1596546615,18408,-104
huawei,-14,226059327290429,40716271308,2024-09-04 06-41-00,120.14.122.37,-1340051531,ims,96.244.173.108,680712767,-1083306130,-17137,70
huawei,-83,226053065747352,40788904895,2024-09-04 06-43-00,143.126.73.194,1562759872,internet,225.70.118.141,1397536576,1566524991,6776,-106
huawei,-90,226054078530471,40737391960,2024-09-04 06-44-22,168.12.75.103,1073372946,internet,239.149.37.215,-703038139,716020241,15343,-127
huawei,-117,226056191163315,40759689228,2024-09-04 06-41-40,10.174.46.250,-1660804132,internet,131.128.51.136,-247006952,-910442168,-29610,-29
huawei,-44,226056271597868,40761309428,2024-09-04 06-44-26,109.2.105.231,1116707268,internet,174.192.233.151,2097667637,1752678322,10044,51
huawei,-76,226053511067513,40767543163,2024-09-04 06-40-01,136.190.36.119,1982109682,internet,58.71.158.105,-874242936,-1536099303,8100,25
huawei,-84,226059601266545,40748878306,2024-09-04 06-44-05,132.178.95.13,173817549,internet,131.132.228.47,2052036409,-1293518867,24413,-47
huawei,66,226052363819458,40753905229,2024-09-04 06-42-13,15.11.227.201,-944961636,internet,116.172.219.136,842798822,-944973993,6670,-38
huawei,43,226053392487656,40733783222,2024-09-04 06-40-54,116.11.19.127,743833973,internet,51.119.162.64,-1993765652,738566057,-27832,-72
huawei,107,226056891056974,40732496311,2024-09-04 06-42-00,145.243.12.24,1569101229,ims,77.145.159.23,25994462,-1444599494,18722,54
huawei,-76,226053998743575,40782506239,2024-09-04 06-40-37,159.160.146.137,-2090283622,internet,202.192.218.57,588841770,-95405621,2153,-9
huawei,31,226058217597308,40755676427,2024-09-04 06-44-36,24.136.113.96,-1510168572,ims,52.203.193.239,-1247315979,-953284001,11399,54
huawei,-71,226058772384861,40717690010,2024-09-04 06-43-40,208.156.11.122,1289396008,ims,138.132.120.237,935981323,1788125465,13509,-22
huawei,4,226057524792070,40743986419,2024-09-04 06-41-59,118.20.168.135,-1225289490,ims,73.221.127.235,433446619,400435335,30073,124
huawei,-116,226057989011427,40738335105,2024-09-04 06-43-16,53.183.128.186,-680710251,ims,127.240.193.87,2033316036,-1294971245,-26107,79
huawei,54,226059005424967,40744081337,2024-09-04 06-40-37,44.46.173.17,-1994017765,ims,204.208.74.110,-158729093,1244802319,-13778,16
huawei,-124,226056397185081,40764557641,2024-09-04 06-41-19,138.243.111.122,-1480980995,ims,139.77.155.145,806333520,1099575769,13431,10
huawei,-116,226056580732845,40767657327,2024-09-04 06-40-24,77.226.167.93,67704716,ims,195.239.188.164,790478332,-1885379005,15110,107
huawei,53,226055070498480,40790809810,2024-09-04 06-43-41,250.170.206.122,1073867511,ims,83.86.92.251,-635383825,29800956,18061,27
huawei,-98,226051565774588,40777203639,2024-09-04 06-45-00,8.169.150.141,-11244571,ims,108.101.111.78,932090193,588757152,-20222,74
huawei,-79,226055241749076,40710353823,2024-09-04 06-40-16,50.113.135.175,-2050211879,ims,189.160.126.237,-541139262,-1198789736,10938,-102
huawei,91,226051304501001,40739864611,2024-09-04 06-44-19,109.169.146.252,2080303775,internet,195.66.148.167,2124646309,-1508943616,13954,53
huawei,93,226054463557832,40708987290,2024-09-04 06-42-34,113.173.249.252,1894162661,ims,249.61.240.40,1252135796,-884881970,-12939,29
huawei,-65,226057144221255,40725980546,2024-09-04 06-42-17,56.122.206.20,1559582416,ims,65.6.139.80,1929730944,701628510,29714,-90
huawei,-11,226051632501564,40769749544,2024-09-04 06-44-51,170.64.9.11,418651874,ims,218.146.113.0,1225940718,-987021290,16534,-59
huawei,-88,226059988365587,40739666412,2024-09-04 06-43-34,8.199.82.151,-1332485875,ims,172.122.209.68,764017415,-764828010,-1855,-36
huawei,-43,226055260805773,40708637499,2024-09-04 06-41-59,248.63.29.31,-857043599,internet,162.229.96.52,-1235286732,-917875149,30111,-84
huawei,107,226050440679014,40707391698,2024-09-04 06-40-33,50.131.139.161,-1269951787,internet,136.210.83.111,-718450366,-623710905,-15623,106
huawei,57,226054827041424,40758400012,2024-09-04 06-42-17,214.117.134.241,710038353,internet,66.186.148.51,-384709627,663810680,-25927,118
huawei,100,226059636903394,40707748572,2024-09-04 06-41-43,73.106.236.124,163345351,ims,26.145.39.202,-2025922943,1339959393,21761,100
huawei,66,226051951447699,40776514392,2024-09-04 06-40-38,121.175.72.203,1203791585,internet,252.128.109.163,-976971586,1151818960,-1866,120
huawei,-4,226051115324790,40715267694,2024-09-04 06-43-46,209.14.220.145,468148615,ims,136.196.241.161,1987694145,-1096215172,-11756,25
huawei,-72,226054629157365,40760611281,2024-09-04 06-41-13,239.196.108.117,1100949009,internet,28.82.188.162,343211292,-660316946,1905,-76
huawei,-75,226056782776148,40742210803,2024-09-04 06-42-04,118.92.66.165,1972994234,ims,43.48.138.232,-1455524751,993327521,6752,-71
huawei,-70,226050425658328,40734662958,2024-09-04 06-43-52,101.213.46.151,93085181,ims,12.239.12.250,1905721913,1471139485,-11017,15
huawei,88,226057956431697,40787325800,2024-09-04 06-42-43,76.227.95.132,374269898,internet,129.116.137.203,989438663,-551997793,-6744,67
huawei,-41,226050496977413,40789656503,2024-09-04 06-40-52,106.4.8.161,108821552,ims,0.51.29.236,2034262675,2125557668,18256,-39
huawei,-3,226051704190821,40744698939,2024-09-04 06-42-29,149.58.139.82,941758364,ims,101.170.55.250,1050626922,1184603724,-16420,-63
huawei,-97,226055148335859,40780193969,2024-09-04 06-44-34,109.216.195.198,1885351849,ims,228.177.175.31,22849389,762186609,-19412,30
huawei,-101,226050625567373,40791148961,2024-09-04 06-41-49,114.182.119.168,1709490980,internet,106.154.252.187,2043430703,-1171433346,-10660,1
huawei,53,226050171570833,40741896773,2024-09-04 06-43-21,53.237.92.148,-936422259,ims,93.171.198.122,1460375367,-528617139,-19455,-92
huawei,-71,226057112544078,40757858099,2024-09-04 06-43-32,194.214.141.177,875950879,ims,81.186.227.186,1080203999,-1052981509,-30626,-91
huawei,-12,226051908310248,40773528943,2024-09-04 06-43-48,247.47.158.151,845582569,ims,26.58.173.98,544512624,-699742192,9335,106
huawei,107,226056870692265,40789851507,2024-09-04 06-44-45,166.153.114.100,-1610979888,internet,152.179.223.179,-1432917269,-247182429,28938,18
huawei,-32,226056871702328,40719980194,2024-09-04 06-43-56,210.236.41.101,-240963555,ims,107.26.86.232,-1091914624,211836082,11216,-75
huawei,-75,226053085936959,40767162807,2024-09-04 06-41-56,12.55.114.23,-169340020,ims,219.212.55.39,-996463126,-436217886,-16393,-62
huawei,-7,226051005247366,40705353686,2024-09-04 06-43-30,20.215.171.193,-163680379,ims,229.121.165.175,-1902839630,781086271,21097,-39
huawei,-120,226053734949384,40784369806,2024-09-04 06-44-55,149.20.87.223,-1232895244,internet,224.163.180.41,1460300210,-234490968,23113,80
huawei,67,226054809588684,40761160925,2024-09-04 06-43-38,91.51.143.246,-863723626,internet,74.149.255.41,1199777701,-1020653893,17175,-9
huawei,-33,226051940805885,40788222347,2024-09-04 06-42-16,89.151.152.69,224157561,internet,227.167.151.170,826211727,1303318139,25510,-77
huawei,-84,226059466722049,40794819980,2024-09-04 06-42-16,63.157.105.225,-1596657698,ims,37.3.244.28,2030203578,65119100,13899,51
huawei,-61,226055392469756,40784758162,2024-09-04 06-41-35,88.255.54.150,1023905300,internet,31.92.130.79,-29108968,1102350682,-17906,-63
huawei,99,226050473120821,40758048452,2024-09-04 06-43-49,118.253.248.3,1369750199,internet,150.41.252.231,2072403508,49781409,12721,-106
huawei,-88,226057479016219,40772791716,2024-09-04 06-41-14,115.187.24.37,1292198287,internet,246.210.222.184,1226163835,-1341167244,16908,-54
huawei,-96,226053477659842,40706203727,2024-09-04 06-40-23,170.118.133.234,201850327,ims,178.98.228.76,15944023,778941118,-28308,-79
huawei,125,226057006093972,40791478013,2024-09-04 06-40-38,141.170.209.138,-1519762429,ims,145.133.25.8,-507191108,-1423750149,16105,-105
huawei,104,226052352343452,40711597837,2024-09-04 06-44-09,90.48.185.67,-779394297,internet,45.58.89.54,-743895646,-52564524,22164,-116
huawei,-64,226051369745421,40789896782,2024-09-04 06-42-07,88.165.131.245,-1540632147,ims,3.198.31.113,751278736,1724426263,28047,-96
huawei,124,226059535438981,40708807929,2024-09-04 06-42-00,17.69.44.238,-813815172,ims,187.20.138.126,-1775862161,944240460,28839,-11
huawei,-105,226056005941844,40757460440,2024-09-04 06-43-19,12.215.61.230,895796080,ims,168.2.85.3,-338199755,-421296970,4366,96
huawei,-70,226059929313407,40785419506,2024-09-04 06-43-01,94.142.232.16,-1542839387,internet,12.37.251.154,-1012383945,928490344,27356,-67
huawei,-123,226058180911156,40725402234,2024-09-04 06-42-24,169.42.129.148,-2116643385,ims,18.52.144.58,-984281347,-1289417486,-4970,95
huawei,-21,226056972046944,40774247621,2024-09-04 06-40-22,46.19.250.105,2118079792,ims,151.221.183.225,-805820648,310037206,-2147,31
huawei,-111,226058858398427,40726830389,2024-09-04 06-42-31,118.137.58.183,358239231,ims,120.127.23.127,-819975036,1660674801,31740,-34
huawei,-51,226050149713546,40760343623,2024-09-04 06-41-42,242.196.183.126,-1255418171,ims,241.106.152.217,2123823499,-956862710,19948,40
huawei,-8,226054200692176,40706090885,2024-09-04 06-42-21,142.78.235.12,1664467487,ims,203.128.194.123,1243562967,-1607631426,-2047,9
huawei,11,226059686884603,40771888090,2024-09-04 06-42-10,189.170.91.8,-483088840,internet,98.94.170.219,478414781,1176835480,11788,11
huawei,-74,226055407594760,40763150135,2024-09-04 06-41-03,236.226.239.48,-1127672096,internet,9.226.246.35,1297862969,-498478957,-7415,-120
huawei,2,226057211797933,40703444536,2024-09-04 06-43-43,72.72.166.159,-156081852,internet,185.68.124.130,-33542976,-1907830214,-28493,55
huawei,55,226056337227735,40789236522,2024-09-04 06-40-49,193.96.114.178,-1369263213,internet,36.248.215.180,-503876982,-721495063,-9877,-72
huawei,116,226055718984510,40763701996,2024-09-04 06-44-35,211.165.171.165,-505013138,ims,227.163.98.200,-268888517,967740149,3150,-114
huawei,98,226051711339847,40740081646,2024-09-04 06-43-12,231.116.203.197,-1871225386,ims,0.214.4.118,1257346498,1589334800,-23691,117
huawei,50,226055381347344,40760169933,2024-09-04 06-44-08,63.219.120.170,576076071,internet,94.106.58.232,-1830693706,2114750256,-18209,-67
huawei,42,226059083001789,40735019557,2024-09-04 06-40-24,4.84.43.99,2007648042,internet,59.201.154.242,-1317446038,-863300440,-21519,-61
huawei,-22,226051789980236,40777488678,2024-09-04 06-43-44,186.81.137.241,711009269,internet,94.106.227.146,-1471494824,737362645,-7631,-61
huawei,-1,226058645048869,40766263572,2024-09-04 06-42-48,223.78.48.187,1398360992,ims,133.146.97.199,-1161345696,-2130280670,26283,94
huawei,-122,226054448362169,40799518111,2024-09-04 06-44-23,227.245.35.176,549505197,internet,221.232.72.79,-1950737802,-1036840372,-30146,-22
huawei,97,226057549929327,40776051714,2024-09-04 06-44-24,221.223.204.119,869299625,internet,172.169.131.77,831731882,1846390709,13346,-125
huawei,72,226055517109427,40730785113,2024-09-04 06-44-11,248.91.51.135,66566406,ims,163.112.65.60,-1952475480,1698490931,5903,127
huawei,102,226058044762450,40787481291,2024-09-04 06-40-16,220.104.34.28,-520968253,internet,7.35.63.234,-1690318807,406508217,-5017,-50
huawei,-36,226058247287227,40742237452,2024-09-04 06-44-36,95.119.88.36,-1967492091,ims,214.99.234.34,372414394,-2011896791,-11288,46
huawei,47,226052692539928,40717643092,2024-09-04 06-43-37,239.36.36.147,1004798484,ims,122.226.71.220,503587070,-966536997,16892,-73
huawei,6,226056567980357,40787577537,2024-09-04 06-41-17,218.58.98.41,1573806709,ims,99.227.3.208,-1091865579,693304933,27565,-110
huawei,-114,226051613912445,40760306598,2024-09-04 06-41-16,83.165.191.187,1494214736,internet,7.84.25.38,1403640735,-1249845975,-12346,10
huawei,-57,226052726946282,40732199296,2024-09-04 06-42-06,214.31.250.32,-908979823,internet,168.211.174.62,1382489315,-993497795,22793,-45
huawei,30,226058082956246,40718684638,2024-09-04 06-42-13,66.226.159.1,-812438126,ims,223.174.5.164,930700193,1905668722,-29077,-68
huawei,62,226053836079826,40754639182,2024-09-04 06-40-12,169.145.144.97,829405855,internet,60.86.189.52,493128644,-1798672445,17674,99
huawei,-34,226058137980841,40753537294,2024-09-04 06-44-39,149.185.245.237,-724577259,ims,12.245.104.197,-1142205027,1116161281,18674,-100
huawei,-39,226054313392009,40705979314,2024-09-04 06-43-23,8.3.88.123,-1769722066,internet,27.248.214.86,147973399,-561279920,4520,-20
huawei,-121,226051997331316,40774461546,2024-09-04 06-42-33,254.213.94.77,-340821079,internet,184.83.119.84,-2008815823,-1082297468,-11544,-38
huawei,-84,226050392110444,40782357092,2024-09-04 06-44-28,43.76.45.119,1671063690,internet,37.243.184.77,-1174874833,299528865,-6593,-3
huawei,101,226058647362308,40765028290,2024-09-04 06-40-20,60.123.130.43,926102580,ims,132.117.80.106,811625143,1472619477,-11658,-43
huawei,82,226055960009880,40788734724,2024-09-04 06-44-19,101.233.184.71,-554568860,ims,68.6.97.86,-368715718,1657785690,-31044,-25
huawei,-93,226052769050979,40738452797,2024-09-04 06-40-33,4.183.157.197,1231059455,internet,57.135.7.16,406530570,1459137992,4563,50
huawei,-84,226058408930900,40733051609,2024-09-04 06-41-53,162.71.9.75,1055496548,ims,79.131.177.115,-354633523,303194247,24668,7
huawei,64,226055896099540,40701925778,2024-09-04 06-41-21,34.133.252.108,1750357166,ims,50.253.108.226,1444738608,1099589119,23816,11
huawei,59,226055663328944,40756476695,2024-09-04 06-43-27,113.253.12.135,1641226693,internet,37.83.228.75,-1696872475,-185716962,29276,-27
huawei,58,226053767166703,40772032624,2024-09-04 06-42-19,31.191.105.23,-1091570708,internet,146.119.165.214,1401391186,1332570729,-16143,-39
huawei,-14,226057576353540,40784932238,2024-09-04 06-44-14,170.64.158.230,-4552657,internet,151.131.174.255,1723296562,-90851006,-10773,33
huawei,122,226059732957700,40752854478,2024-09-04 06-41-11,149.21.213.210,1435578126,ims,246.123.2.39,-388358234,-1178063834,18248,63
huawei,76,226050635667485,40770048997,2024-09-04 06-41-17,227.17.72.136,-475059140,ims,36.207.116.229,1114405850,-1008080224,-5589,-110
huawei,41,226055697938188,40706430892,2024-09-04 06-42-59,138.13.150.183,1697496269,ims,53.45.23.98,-1616921343,-1240254414,13209,31
huawei,-13,226050139257602,40706451781,2024-09-04 06-44-37,3.195.184.51,1167602859,ims,44.14.107.228,605651866,-1680020587,-27107,-111
huawei,106,226051125782746,40757493659,2024-09-04 06-41-18,23.37.97.15,1754413618,internet,83.216.189.108,-1404181519,-1434775012,9802,83
huawei,119,226052160842579,40790735394,2024-09-04 06-41-42,168.95.207.11,-1940807864,ims,247.206.108.45,903569592,-601961867,31765,-118
huawei,123,226056122593076,40780847246,2024-09-04 06-41-14,232.194.135.182,-120294686,internet,13.193.73.17,1702837318,1077827292,-31675,117
huawei,-48,226059375048322,40721043044,2024-09-04 06-43-55,252.87.105.246,1746646987,internet,188.156.63.134,-1234239151,-692433216,3386,-49
huawei,-48,226055754599276,40747904449,2024-09-04 06-43-04,100.38.148.170,65357079,ims,19.182.93.182,-1098076150,531170244,8833,-63
huawei,121,226050455172835,40784914655,2024-09-04 06-43-05,22.27.125.224,-1992578292,internet,208.64.113.220,1928197867,24348356,-11702,78
huawei,113,226055347247948,40768581921,2024-09-04 06-40-50,173.250.109.181,1568849686,internet,99.112.77.156,2009801435,1324382866,-17429,3
huawei,119,226056500677571,40729243231,2024-09-04 06-40-25,212.134.216.115,353181173,ims,223.188.165.250,47283915,-1407450396,-22473,-9
huawei,89,226052171516700,40785056322,2024-09-04 06-40-26,42.247.2.206,-206961040,ims,144.45.162.60,-2004012322,-1389744091,-16834,85
huawei,-74,226053487942744,40756468935,2024-09-04 06-41-14,82.17.57.170,312789021,ims,61.143.73.119,-1260585291,-448477720,-6713,33
huawei,-67,226058991285100,40790746099,2024-09-04 06-44-10,239.145.124.188,-241509829,internet,137.242.232.15,-537364133,1135855699,-26720,8
huawei,96,226057236618530,40760864282,2024-09-04 06-41-16,47.111.91.47,1954122794,internet,84.255.128.85,126093497,-2110728623,-7276,77
huawei,2,226054530133863,40708362462,2024-09-04 06-44-45,121.166.253.107,397913728,internet,126.153.196.154,706581691,-106593153,2384,35
huawei,9,226052974080907,40722902765,2024-09-04 06-42-11,73.3.164.168,659378383,ims,223.54.242.78,-1613772674,1297281150,7086,103
huawei,53,226053579625552,40797326190,2024-09-04 06-40-36,64.51.220.86,55118844,ims,191.19.9.107,-1949616126,700231195,-2780,114
huawei,-74,226051229949094,40717109591,2024-09-04 06-43-53,64.23.199.122,-977007018,ims,95.219.237.253,-1020582610,-1693970511,19530,-111
huawei,118,226054953970881,40783919194,2024-09-04 06-42-59,126.144.133.180,17581643,ims,36.113.117.223,-1322968028,-1756935041,-27185,-1
huawei,-22,226056335800899,40799092729,2024-09-04 06-41-49,55.16.119.152,-994460210,ims,156.58.171.156,-1178919463,2031381316,-19288,-102
huawei,97,226057811135280,40723992884,2024-09-04 06-44-32,222.7.155.43,1985665575,ims,87.143.182.182,-1343551587,223967514,29171,-94
huawei,-27,226051130085686,40786128031,2024-09-04 06-41-51,159.122.137.9,-1760310604,ims,149.88.152.144,1274820605,-792809840,-6320,27
huawei,99,226053969721767,40744342077,2024-09-04 06-40-17,136.106.164.119,130051965,ims,49.26.236.214,866408335,-1788878263,25174,24
huawei,-40,226051255502972,40761894384,2024-09-04 06-43-10,30.166.236.192,-1631588319,ims,205.107.126.58,934948104,-989859032,9181,-98
huawei,72,226053183651684,40713214850,2024-09-04 06-40-26,142.141.250.49,249143790,internet,18.221.11.112,81223897,-1209424763,4218,1
huawei,116,226058573667697,40734428225,2024-09-04 06-41-24,243.148.181.180,1928873971,ims,116.48.205.98,-1416861849,-1599413705,-16249,-57
huawei,-27,226056626438718,40732837667,2024-09-04 06-41-25,167.195.179.204,277602157,internet,222.33.46.154,376163729,-764496862,23646,-50
huawei,-112,226056884101527,40764779197,2024-09-04 06-44-18,12.1.121.85,-1455453549,internet,142.243.105.132,256140229,-953652662,-16294,-6
huawei,49,226059894157444,40729353118,2024-09-04 06-42-12,166.88.31.128,-1535578569,internet,108.123.38.56,611631759,738025052,-3873,21
huawei,-114,226056832096872,40752854284,2024-09-04 06-44-58,100.14.6.140,897826661,internet,71.210.189.92,524169028,-619483133,23137,36
huawei,-113,226058795568507,40716034909,2024-09-04 06-42-03,38.173.139.123,-1251008403,internet,131.121.44.207,-1231347993,-390760104,-28350,-66
huawei,50,226051976247590,40720721988,2024-09-04 06-44-54,77.215.145.151,1141411786,internet,122.141.171.92,-446081289,-49476300,-8951,-52
huawei,24,226052303128784,40761614581,2024-09-04 06-44-33,89.28.74.240,-2070712242,internet,136.238.78.166,-1633595827,1551315788,26714,-113
huawei,-70,226059885148676,40777273693,2024-09-04 06-40-06,83.140.127.151,-800479528,internet,184.184.31.151,-2001144165,570155370,27230,-74
huawei,50,226058717786372,40764596974,2024-09-04 06-41-04,232.36.113.79,1372305812,internet,245.49.29.15,-1270085308,-1396022038,-26172,42
huawei,25,226054000613883,40741983172,2024-09-04 06-43-15,196.72.36.79,1981377065,internet,201.41.21.58,-1411953934,740015912,-12007,-73
huawei,-125,226059293478630,40765757822,2024-09-04 06-40-30,150.233.203.237,2084222161,internet,232.221.19.157,1282170099,-1608636650,6087,54
huawei,-8,226059807680500,40702544066,2024-09-04 06-43-28,74.111.255.87,481253011,internet,172.56.179.177,2065967590,-2073524813,30648,-32
huawei,117,226058951954269,40774702909,2024-09-04 06-43-17,36.233.196.147,-187155375,ims,73.68.212.157,-1059648771,843080600,-19923,-61
huawei,1,226059224910734,40771127068,2024-09-04 06-40-59,243.25.88.248,-212212119,internet,46.184.91.115,-1681564704,1599231722,-21827,-68
huawei,-102,226055988528543,40708056646,2024-09-04 06-41-07,235.220.50.162,-809747999,internet,142.87.43.219,1469839588,-98835320,12963,-19
huawei,-52,226055614395905,40716774839,2024-09-04 06-40-50,138.32.181.33,-118106315,internet,93.32.198.187,-2029520398,1759156839,-7256,-2
huawei,-86,226057382350113,40798015176,2024-09-04 06-43-59,248.8.193.92,-1440682144,ims,8.252.112.200,-472064014,1919680872,18096,20
huawei,-22,226056018505499,40732357891,2024-09-04 06-44-57,62.153.32.187,-940602937,ims,2.65.8.219,410906295,-80344360,27277,-128
huawei,51,226053215738673,40790270753,2024-09-04 06-41-33,180.7.187.94,-445581039,ims,195.171.73.244,-1575430611,15462999,27861,-5
huawei,87,226058293026549,40753413199,2024-09-04 06-42-50,32.162.204.111,-753316025,ims,209.251.70.83,-688386503,1078609264,-13780,83
huawei,-106,226058334776148,40797032124,2024-09-04 06-41-49,178.236.152.124,792708417,internet,222.195.16.197,-432557439,1063855480,-30249,97
huawei,-20,226059849998484,40745321079,2024-09-04 06-44-05,78.37.195.151,478522548,ims,49.239.202.22,1367979517,-2051021473,28460,-33
huawei,-91,226051199562321,40728219911,2024-09-04 06-44-44,233.204.124.251,707292432,internet,128.113.124.78,-288067924,504953571,-935,20
huawei,93,226055396794989,40765952866,2024-09-04 06-42-38,215.170.243.180,-792715922,ims,191.79.105.88,776898908,1458080202,-29739,-11
huawei,101,226051634776430,40768141632,2024-09-04 06-40-16,192.135.178.194,333839566,ims,109.164.90.76,288629218,2013853174,-7607,-16
huawei,-120,226053566866193,40770505086,2024-09-04 06-40-31,198.160.164.63,-512123737,internet,84.42.207.147,-904682683,452351597,-24281,62
huawei,47,226050115943151,40734196345,2024-09-04 06-43-53,159.94.157.28,-1524823672,ims,68.198.148.187,-835847428,573913599,-13790,95
huawei,5,226058310536885,40709590323,2024-09-04 06-42-39,50.159.3.250,867731137,internet,40.98.187.146,-1787111202,392176671,-1957,61
huawei,102,226053120421405,40794506883,2024-09-04 06-42-12,78.170.19.180,-2019617704,internet,154.84.12.44,-779168065,2145851451,-14931,120
huawei,-65,226055206400655,40799677911,2024-09-04 06-42-06,44.168.59.68,1785399922,internet,51.108.14.121,-1109701673,1995281033,23643,41
huawei,-55,226059774695514,40726164274,2024-09-04 06-42-37,142.221.85.192,612588941,ims,28.130.118.18,-135351512,535041749,6638,-88
huawei,-106,226052767554064,40728041352,2024-09-04 06-43-21,247.187.51.202,-291649748,internet,190.91.118.95,1245503437,1282340503,-29853,2
huawei,-123,226052200232671,40714298615,2024-09-04 06-44-18,100.121.18.150,520910020,internet,214.181.123.123,1721155988,1631778606,-23951,100
huawei,59,226056595825912,40765577456,2024-09-04 06-40-54,139.52.120.116,719987660,ims,48.37.242.250,-1095830808,-1877305655,-7932,34
huawei,-128,226054846885148,40740416031,2024-09-04 06-43-16,57.239.1.195,245660467,ims,46.168.185.126,1422458548,2006429822,10700,-100
huawei,113,226053285054253,40711244796,2024-09-04 06-42-08,114.41.24.219,2076566058,internet,63.239.3.41,-313585392,-1199434493,21987,114
huawei,-89,226058067184542,40767952958,2024-09-04 06-42-09,61.43.112.49,-2033779671,ims,98.116.194.148,-1622756792,-9424545,-1176,-121
huawei,45,226052737420018,40769072730,2024-09-04 06-44-08,234.114.247.220,1008052753,internet,43.100.133.245,-273210976,-1763397510,6952,88
huawei,-87,226052974457008,40776992067,2024-09-04 06-43-49,70.51.87.33,-897599594,internet,48.39.207.108,-1394069110,1623388242,27606,-104
huawei,117,226056212926012,40765036164,2024-09-04 06-44-22,146.95.232.245,204137948,ims,213.5.198.249,-1591543416,137789100,25919,23
huawei,4,226052563284788,40703727059,2024-09-04 06-40-56,208.22.122.98,998647024,ims,126.161.156.102,-181111426,-1497224367,2486,-112
huawei,100,226056736819765,40759925251,2024-09-04 06-40-30,173.86.75.214,-1843406916,ims,81.197.63.14,309598962,1824305316,9091,-5
huawei,-116,226057768859367,40745828794,2024-09-04 06-42-30,196.247.46.17,1427123587,ims,70.183.104.0,1028743015,1962120154,-16971,126
huawei,-96,226054353260297,40760786288,2024-09-04 06-40-47,156.252.189.51,1583703954,internet,4.145.157.156,1086921380,-1384573513,17116,-126
huawei,81,226056505454869,40773541148,2024-09-04 06-41-24,131.210.6.7,-1915599133,ims,118.42.88.123,692242120,1249601624,-25634,69
huawei,58,226057018514460,40719934647,2024-09-04 06-43-07,230.29.124.90,-2054054286,ims,222.42.83.75,574135746,2124439527,-8043,-13
huawei,98,226051604218235,40728413096,2024-09-04 06-42-59,120.26.24.79,-572731613,ims,202.183.188.154,-2129846402,1734145738,9465,86
huawei,-16,226052249179685,40774749276,2024-09-04 06-44-01,186.129.113.82,32141900,ims,44.0.171.218,-886055841,-1390316926,-7009,50
huawei,-16,226056940824530,40719851357,2024-09-04 06-40-18,232.188.10.96,176424559,internet,219.58.23.225,-1006343754,-1129310953,16483,112
huawei,48,226057786133939,40719427754,2024-09-04 06-41-07,249.128.134.42,-805519205,internet,208.37.0.173,-531131699,1472901489,-20266,109
huawei,61,226057232196558,40724789617,2024-09-04 06-41-00,186.218.143.41,1500893309,internet,11.127.183.154,-1201374466,-1603532124,6804,-61
huawei,44,226058009569995,40708590441,2024-09-04 06-42-14,94.136.56.238,1443817127,ims,230.126.65.95,578961445,895638721,10504,119
huawei,-29,226053658185945,40729428627,2024-09-04 06-41-11,79.124.193.40,812245744,internet,133.132.35.135,1115386403,1214003538,-13450,38
huawei,40,226050916226601,40773750600,2024-09-04 06-40-18,175.95.138.243,1149447558,internet,192.112.103.34,1398303145,767357788,-7262,-103
huawei,9,226055744783628,40745697041,2024-09-04 06-40-30,98.5.215.202,1195914412,ims,16.249.17.255,-2056027740,-853643026,-16108,63
huawei,-116,226055593413385,40799095445,2024-09-04 06-40-17,222.74.38.50,103028948,ims,125.34.188.57,-1736888658,1855256896,-10157,-16
huawei,-70,226058994407285,40755335618,2024-09-04 06-43-56,241.229.21.64,-238770007,internet,34.241.214.83,-1925738390,-1001121404,8896,-74
huawei,122,226058420931812,40707928134,2024-09-04 06-40-05,179.174.34.32,916714361,internet,160.182.122.234,-640777945,-1708641823,16022,-18
huawei,-53,226052597275227,40732700137,2024-09-04 06-41-44,31.222.93.70,-131933850,ims,30.198.67.185,161720544,-1309754937,-23330,56
huawei,41,226050239729154,40752662568,2024-09-04 06-44-41,142.188.148.222,-1743706303,ims,224.3.242.77,-109046120,-1213280808,19914,-94
huawei,54,226056279535416,40741754535,2024-09-04 06-41-42,114.147.51.253,258344458,internet,233.243.234.226,1320637944,443231476,-21623,-93
huawei,71,226059966548546,40727480234,2024-09-04 06-42-03,156.117.59.94,-1184022164,internet,66.190.159.89,202116303,697743798,-3119,12
huawei,-90,226052445565759,40783828112,2024-09-04 06-41-32,85.42.3.237,1858102776,ims,165.252.174.247,-2063637858,-497110661,5908,-23
huawei,-95,226059251098883,40796895211,2024-09-04 06-44-21,116.4.46.65,604858740,ims,108.126.85.133,2118173935,-511951844,11697,-123
huawei,41,226057572644100,40766129195,2024-09-04 06-40-47,107.36.54.191,-13519791,ims,241.203.238.102,-445692784,-929448570,-9396,-61
huawei,-97,226055633561588,40713188481,2024-09-04 06-44-10,115.187.224.236,676173813,internet,131.131.255.251,615809767,1799878195,8246,-32
huawei,98,226058699237323,40762871737,2024-09-04 06-44-59,141.233.155.92,1600458767,ims,23.241.190.180,-1527727167,-721411108,10784,-111
huawei,123,226054534491972,40792679679,2024-09-04 06-42-52,221.143.173.172,-1574947469,ims,41.98.195.234,225176812,1425673719,-26602,-118
huawei,-76,226055502365178,40757286783,2024-09-04 06-41-51,52.232.127.199,-725605798,ims,236.135.221.188,781837166,1235141496,21174,71
huawei,-68,226058940433934,40760396287,2024-09-04 06-40-15,100.83.119.92,-1937246596,ims,224.23.238.188,416642083,1838960008,-4186,-114
huawei,-46,226056364031359,40724235357,2024-09-04 06-42-27,173.142.49.244,-158602775,internet,100.138.129.222,-1374996364,1721212341,-20159,-120
huawei,118,226056504853952,40756272214,2024-09-04 06-41-59,43.124.251.66,1367695519,internet,41.4.90.215,427370213,-1047330003,-779,-14
huawei,73,226058985847282,40734027818,2024-09-04 06-40-55,48.171.126.34,-1196441160,internet,99.250.62.171,258608708,-1056974442,-16451,91
huawei,45,226053260192026,40753571731,2024-09-04 06-41-56,138.156.158.224,2117592985,ims,23.1.2.197,-442144342,-1357084586,25558,32
huawei,33,226052112127484,40766634247,2024-09-04 06-44-35,250.114.87.19,-579903889,internet,114.249.210.134,1436026597,-967912824,-14635,-93
huawei,-95,226059128167343,40759628157,2024-09-04 06-40-45,185.38.2.122,-14065698,internet,5.115.83.80,929019972,843732146,5469,-8
huawei,12,226052346253469,40794497496,2024-09-04 06-42-56,172.23.174.57,-1232047782,ims,120.157.75.209,-1165076394,555738574,15623,29
huawei,-39,226055603821474,40779064226,2024-09-04 06-42-58,134.181.83.76,-324197209,internet,245.120.249.110,-1835806758,-1345030401,21347,-1
huawei,-119,226050705648608,40799574426,2024-09-04 06-42-53,234.81.229.147,686578230,ims,200.161.25.54,2110724892,-61990928,20825,-64
huawei,-118,226052791310525,40785401458,2024-09-04 06-41-04,104.66.27.76,-1718021706,internet,199.219.223.188,228261175,-1545750974,15655,-118
huawei,105,226054914001229,40781467239,2024-09-04 06-41-00,210.112.228.26,-1608744198,internet,244.172.163.125,1440668122,-208898527,-1197,75
huawei,67,226057131765843,40712269811,2024-09-04 06-40-13,200.128.184.141,-1815011471,internet,246.2.149.69,308219384,-938181679,-505,11
huawei,73,226053263458598,40782190543,2024-09-04 06-40-29,229.243.233.244,-360827161,ims,101.182.181.124,-1133397756,1734335416,-6329,56
huawei,-119,226053073582193,40783977192,2024-09-04 06-41-31,101.88.164.248,369204522,ims,217.253.45.165,197026724,2097703360,-6614,47
huawei,96,226057621840440,40702632909,2024-09-04 06-44-18,127.94.136.75,-572441277,internet,136.49.174.109,-788283714,-1835442933,32238,-18
huawei,-27,226052457263491,40750446213,2024-09-04 06-44-25,77.215.83.164,-86912967,internet,237.171.180.110,-1307932205,174922336,-15312,-119
huawei,19,226053793026286,40753320717,2024-09-04 06-41-47,26.213.78.136,244208674,ims,243.129.120.149,1078690539,1785062327,29724,-15
huawei,-119,226052472335091,40752357933,2024-09-04 06-40-11,137.113.148.54,498114631,internet,64.229.130.80,-859240138,1413512786,-9745,-96
huawei,-106,226054827728844,40775516348,2024-09-04 06-41-44,234.81.27.160,-1222966861,ims,135.32.12.254,-1575730086,-661723871,-15113,88
huawei,-92,226053821114195,40793849660,2024-09-04 06-41-37,34.50.110.27,177604065,internet,38.56.127.72,-1455828972,-709259045,22373,16
huawei,53,226051444504528,40704676380,2024-09-04 06-43-22,191.165.96.18,-939385990,ims,177.173.179.238,554751008,1267088944,-5872,2
huawei,10,226053776240957,40761948800,2024-09-04 06-44-55,174.28.59.242,1734737957,ims,122.132.7.227,-545492098,-1059395232,-25753,-18
huawei,-116,226058853739007,40765929767,2024-09-04 06-42-43,59.193.159.253,-1084180436,internet,28.239.116.62,1362417808,2003562594,24014,-35
huawei,-79,226053263185607,40723602373,2024-09-04 06-40-49,14.116.193.155,1096772139,ims,174.174.90.223,1929679334,775615253,-27403,36
huawei,19,226052145611969,40756583646,2024-09-04 06-42-20,213.178.243.43,-248491419,internet,147.32.181.30,1141650307,-604990684,25685,-50
huawei,-91,226053435918517,40731684034,2024-09-04 06-42-56,139.39.225.63,-394028347,ims,23.43.222.63,-287456571,629519737,-1223,95
huawei,-18,226052075361656,40712653065,2024-09-04 06-42-06,82.34.174.1,796055349,internet,53.14.16.211,30923205,320736220,22033,48
huawei,88,226053017403869,40784607574,2024-09-04 06-43-18,51.115.136.147,535371083,internet,173.114.78.106,1528402003,-1983303740,-23082,-112
huawei,-115,226056114165286,40766005689,2024-09-04 06-40-17,159.24.186.171,1315343152,ims,35.146.137.51,900151422,1051587109,20623,18
huawei,122,226057521454702,40732672690,2024-09-04 06-42-49,112.70.107.228,-600801973,internet,234.197.113.129,1123610433,343031092,-10270,81
huawei,91,226056676939205,40762573603,2024-09-04 06-41-05,119.30.9.126,-1636007854,internet,105.28.202.210,-1687500932,1049466614,1193,41
huawei,64,226051122549562,40759695766,2024-09-04 06-44-24,80.246.228.251,-1917408949,internet,68.14.2.60,1751693914,2054761077,-27352,-36
huawei,56,226050330286880,40785280735,2024-09-04 06-44-33,25.108.125.217,658298990,internet,29.143.67.43,971172590,1074546272,9346,36
huawei,-4,226053945069817,40744344974,2024-09-04 06-42-16,106.96.82.51,1300832099,ims,249.101.208.25,-1549668413,1216684912,-13043,-107
huawei,106,226058062448998,40760431545,2024-09-04 06-40-40,136.149.49.215,-2000555394,internet,189.85.237.211,-246716876,-701051341,30119,-46
huawei,3,226056320439611,40723010373,2024-09-04 06-44-38,13.206.37.92,667499379,ims,220.249.37.16,-1539606922,-861669532,-1914,-40
huawei,-96,226058305532414,40741481809,2024-09-04 06-43-25,51.157.223.210,-1818528558,ims,135.206.175.85,584390910,-342229003,5445,-70
huawei,86,226051831942796,40752211802,2024-09-04 06-43-44,90.11.166.108,-1669483564,internet,196.132.156.10,-586273646,-1784764134,-8497,106
huawei,-85,226057257149833,40777505044,2024-09-04 06-42-41,199.130.3.216,762995256,internet,119.93.146.120,526605195,-1905041272,533,16
huawei,57,226058512591040,40728717093,2024-09-04 06-40-49,119.93.78.186,-98707967,ims,211.1.163.242,-1420053983,1032373694,18700,101
huawei,87,226055135363778,40768340362,2024-09-04 06-40-39,106.62.215.248,-525706254,internet,181.29.61.69,-333030718,-425279986,-6615,-8
huawei,-123,226054544537742,40760049614,2024-09-04 06-43-58,18.111.1.72,442351507,ims,149.235.161.145,-518336941,1896544140,-30972,-14
huawei,-127,226056115305114,40789021530,2024-09-04 06-40-42,70.101.109.117,-1761006626,internet,247.47.7.150,1857923314,-1833196042,5216,-83
huawei,85,226055316034235,40740202359,2024-09-04 06-43-51,160.27.28.133,-134951043,internet,223.49.9.87,-2113439169,1306892966,12630,33
huawei,113,226053582137924,40767462678,2024-09-04 06-43-36,72.1.148.201,838220955,ims,76.219.239.253,-2056392925,-165224088,-7808,67
huawei,-54,226052446571903,40727793660,2024-09-04 06-43-20,217.239.4.89,546497351,ims,112.7.167.142,-814403448,676110348,30285,-68
huawei,108,226056957404756,40780399693,2024-09-04 06-42-41,69.29.123.203,1595004699,internet,239.33.55.123,92166691,-345844721,-22938,-52
huawei,-2,226054426293996,40760532579,2024-09-04 06-41-29,37.126.191.54,-1388770598,internet,97.244.39.89,71813087,1088609710,7106,-14
huawei,79,226051054399315,40723759437,2024-09-04 06-40-39,49.232.181.129,1544741493,internet,202.115.186.254,-946773666,-1417824044,-15242,-96
huawei,-16,226058715863116,40765676318,2024-09-04 06-41-51,207.247.170.240,338654963,ims,208.250.12.119,1073322127,-786966801,-28019,-113
huawei,71,226050938881203,40706691663,2024-09-04 06-40-51,157.0.145.228,-1924547192,internet,201.68.220.222,-903167533,-106650956,-3531,76
huawei,-26,226057665499977,40756422868,2024-09-04 06-42-46,99.213.86.77,1201617079,internet,27.221.36.52,1921696024,-295865601,-5353,-18
huawei,51,226054963822935,40778024939,2024-09-04 06-44-08,131.61.227.211,-897678863,ims,242.19.15.18,1712007366,613823768,15836,-15
huawei,-12,226051175542431,40704496425,2024-09-04 06-43-37,150.156.11.13,1116536405,internet,11.100.10.175,871863671,-654301088,503,30
huawei,-7,226059049793721,40794569767,2024-09-04 06-40-20,150.221.117.138,-1032522518,internet,176.97.87.65,1918440258,-140843955,-1414,120
huawei,85,226056145303716,40701878284,2024-09-04 06-41-52,245.42.156.227,264747838,internet,143.66.222.27,-750200970,-2138101297,20931,-25
huawei,112,226050440490612,40749332209,2024-09-04 06-41-18,26.9.119.196,897781067,ims,150.118.229.69,327179614,-1639383397,-20128,-111
huawei,43,226052359492290,40790960395,2024-09-04 06-43-07,220.98.31.65,865067370,ims,8.220.216.155,1168053638,889770411,-17802,115
huawei,-30,226050400595666,40749071771,2024-09-04 06-41-00,70.70.138.125,791798937,ims,121.233.102.44,2061805501,712021669,-802,-63
huawei,58,226053799913628,40722498636,2024-09-04 06-43-50,24.212.90.70,-737654697,internet,12.26.160.245,-629028090,-1115599691,-16729,29
huawei,-128,226050077160275,40731233448,2024-09-04 06-43-29,235.7.59.83,1745046847,internet,103.161.230.251,1951178497,132195053,27892,-110
huawei,56,226054223997963,40733272905,2024-09-04 06-43-30,201.71.42.18,-235611583,ims,94.164.245.247,-2119015934,1610820233,6073,7
huawei,95,226051687376706,40780798520,2024-09-04 06-43-46,64.108.79.112,-358637322,ims,181.25.44.211,968124417,1337629507,-3894,-64
huawei,-28,226052286049783,40778778274,2024-09-04 06-42-06,149.120.123.57,-1657060994,ims,1.187.94.58,367233888,-2096582278,-10252,-23
huawei,125,226053253371172,40771333514,2024-09-04 06-40-13,166.12.23.79,-841635360,internet,155.27.94.193,2120513122,875967033,27018,-82
huawei,7,226054363998915,40711969554,2024-09-04 06-43-02,247.182.200.64,-1919515375,ims,224.220.99.35,-1697161264,256988077,8275,16
huawei,83,226055711981617,40705858482,2024-09-04 06-43-32,129.99.68.158,-284816366,ims,131.190.207.184,-1563058186,-704092207,24396,-74
huawei,-106,226058936071103,40702647020,2024-09-04 06-44-06,46.118.2.161,1148434699,internet,43.190.200.92,-1844077969,-2056843856,26585,-71
huawei,87,226053441796471,40742841480,2024-09-04 06-43-42,244.208.192.181,735332373,internet,72.54.103.59,1025539401,-219057084,-16656,-100
huawei,-28,226058089479078,40745394622,2024-09-04 06-43-26,85.49.114.51,-286626461,internet,33.1.168.52,1229211745,-1010079515,1879,29
huawei,83,226056792503036,40774460632,2024-09-04 06-41-20,139.225.172.102,1396428715,internet,221.250.142.27,-1445224150,-418220560,-24555,-62
huawei,-27,226053652718720,40766049572,2024-09-04 06-43-02,156.7.232.93,-873209837,ims,4.209.174.194,863102993,317867997,-2877,-2
huawei,12,226058925242944,40713897425,2024-09-04 06-40-51,184.211.78.220,-605472135,internet,33.224.61.163,-1731769386,27463009,-24906,27
huawei,53,226052637304903,40745224557,2024-09-04 06-42-34,169.117.14.70,1111191533,ims,162.204.90.135,-1369259175,-124365489,28586,123
huawei,-15,226058086829962,40734204846,2024-09-04 06-43-36,129.97.59.195,1801430642,internet,210.3.32.22,-1560009930,-507939029,-11062,87
huawei,90,226058253764255,40708379722,2024-09-04 06-42-55,77.190.17.141,-851055429,internet,134.183.240.82,1992999841,-2136462314,-28684,38
huawei,-59,226057260429470,40755200503,2024-09-04 06-42-09,217.251.19.68,1847551529,ims,113.53.218.218,-1082518621,-1061950739,-19,-72
huawei,6,226055947534710,40722613352,2024-09-04 06-41-12,243.142.114.148,2114860679,ims,175.5.90.4,1543828018,1023661873,32434,127
huawei,-84,226059075198729,40747387132,2024-09-04 06-40-46,125.23.194.249,-2139610598,ims,140.229.138.62,672237307,280126088,-24970,58
huawei,-106,226056349101407,40724376722,2024-09-04 06-40-56,211.113.194.173,-1810607194,ims,54.254.238.43,-1604403976,-1471028197,-32307,78
huawei,95,226051935260507,40782657757,2024-09-04 06-44-29,84.128.116.145,1549501322,ims,27.117.232.170,-2139799230,-142364601,-5625,-73
huawei,-28,226058670091907,40752843635,2024-09-04 06-40-35,140.52.19.195,1629348645,internet,17.166.46.153,1720001816,1590889649,-19703,-115
huawei,78,226059893901483,40730719091,2024-09-04 06-44-33,31.188.84.84,-1023507726,internet,56.183.233.21,1682679628,792729771,-21134,115
huawei,-90,226051814393028,40720251106,2024-09-04 06-43-37,181.16.1.57,-280879304,internet,6.229.34.138,1186023295,-1917156153,6916,59
huawei,-31,226050081326852,40758830985,2024-09-04 06-41-04,64.82.100.37,2033644519,ims,89.32.172.212,-1803080851,32326658,14141,41
huawei,84,226056762006919,40709630125,2024-09-04 06-44-05,80.53.225.3,-506962132,ims,46.161.137.7,-1334958280,-808739716,29250,51
huawei,11,226052505553614,40753630455,2024-09-04 06-44-46,46.76.78.163,-1508283081,internet,115.103.60.191,591218189,2117379099,-4856,102
huawei,-104,226052280269895,40746217806,2024-09-04 06-41-14,150.3.120.77,1733668929,internet,151.120.122.91,415004756,-1444765881,-11013,106
huawei,85,226058181488512,40739885772,2024-09-04 06-43-22,96.239.68.216,1092426733,ims,107.172.24.129,1226268036,-420166823,12861,-108
huawei,-32,226055170407377,40797099054,2024-09-04 06-42-21,98.152.165.44,1693258400,ims,157.84.21.208,1865478896,1943725210,-30396,-65
huawei,52,226051246474931,40708885990,2024-09-04 06-40-44,172.32.91.101,520831555,ims,75.203.184.122,1070208915,197898430,30256,113
huawei,-7,226050829993209,40748547798,2024-09-04 06-43-59,92.49.79.169,313487863,ims,199.114.196.154,-2086319732,-1760973105,-18646,103
huawei,52,226056121247487,40771805770,2024-09-04 06-42-58,219.190.115.66,-1949119678,internet,81.67.116.232,98873886,-1897508185,-15883,97
huawei,-70,226056863135191,40770797703,2024-09-04 06-42-02,176.162.135.2,-1073990809,ims,173.32.132.141,-53435002,-421570886,10466,-69
huawei,-85,226057273058486,40713586603,2024-09-04 06-43-51,122.98.105.93,767532985,ims,60.25.7.20,1871736356,-2143430355,31889,-46
huawei,95,226058948349265,40723574007,2024-09-04 06-40-54,45.169.209.61,1749214073,internet,64.231.227.179,1137297099,1964221382,5148,-53
huawei,27,226058453205982,40742339990,2024-09-04 06-44-56,75.144.168.116,1993527144,internet,188.209.229.184,271220067,-663829741,29331,47
huawei,75,226050664387363,40779880289,2024-09-04 06-42-04,216.109.95.19,1658144566,internet,142.120.59.60,1536747703,-748038872,-27574,-13
huawei,28,226050425735226,40737285652,2024-09-04 06-44-49,151.186.6.32,-2026296138,ims,164.118.162.95,2120643625,-174909946,29510,-66
huawei,59,226055113611304,40781994825,2024-09-04 06-40-36,198.222.7.187,-662490890,ims,245.221.195.223,409909315,1781446057,-17221,-108
huawei,31,226055829113453,40703287152,2024-09-04 06-41-31,51.150.195.102,390407971,internet,197.52.125.149,474852929,-1208555756,-21396,67
huawei,-64,226059222509261,40743536492,2024-09-04 06-44-37,48.187.133.49,1275549889,internet,186.61.213.237,1839187099,69631038,-29292,111
huawei,-25,226058292487852,40703691150,2024-09-04 06-41-54,19.48.7.126,580238355,internet,23.93.247.224,1468699650,947754382,-15305,-126
huawei,48,226058445232558,40721099682,2024-09-04 06-42-27,255.92.231.228,1760903472,internet,210.75.123.205,-43912303,1291772906,22215,-115
huawei,79,226051804949510,40703164473,2024-09-04 06-40-58,32.159.2.58,-2126835838,internet,217.11.254.114,-851481968,1453603287,-19949,78
huawei,-57,226058723533298,40773725529,2024-09-04 06-40-26,114.197.44.228,-752927071,ims,118.102.163.135,1711945658,-2086769325,10925,24
huawei,-39,226052479062633,40741975170,2024-09-04 06-42-03,244.186.230.26,-1879358861,ims,119.224.129.237,-414433220,-1630867253,19311,-70
huawei,-118,226057837915516,40757487391,2024-09-04 06-40-06,24.182.146.206,1718491306,internet,28.1.192.148,-181612776,326685016,-2363,-27
huawei,29,226053120443091,40710308962,2024-09-04 06-40-40,6.7.82.44,1030160575,internet,45.234.156.240,53071685,1474486151,-15700,-35
huawei,16,226054518344909,40747880553,2024-09-04 06-44-32,79.126.118.54,1105137503,ims,8.12.26.186,1354383461,-1673348627,-16440,-103
huawei,27,226053765089446,40736870037,2024-09-04 06-44-07,100.195.137.112,1198495658,ims,132.240.118.213,644036202,-211459094,20539,67
huawei,35,226052867144831,40713246602,2024-09-04 06-42-50,41.114.43.153,-1374768481,ims,113.175.31.97,-1857152356,-1518535701,15874,-19
huawei,126,226054009615349,40724779502,2024-09-04 06-40-01,247.176.37.206,-1088097306,ims,178.145.197.150,644867515,588365307,-17529,-22
huawei,65,226053287560660,40767419491,2024-09-04 06-44-27,58.197.196.33,-801088,internet,106.106.156.203,1470557201,-256530972,20429,44
huawei,66,226051499321480,40792510622,2024-09-04 06-43-57,112.224.89.174,-2129739767,internet,57.176.51.216,-1934746017,-35335771,25777,115
huawei,-57,226058613681843,40770946695,2024-09-04 06-41-15,92.242.30.161,694671425,ims,161.233.250.174,-1745475912,-362858641,27317,60
huawei,-50,226059269369635,40758651138,2024-09-04 06-41-02,222.58.85.18,763167912,internet,216.198.250.163,38770673,-585829365,8502,88
huawei,124,226052043322451,40799517263,2024-09-04 06-44-46,140.197.104.190,2089818029,ims,78.54.96.42,-326243211,-1266683501,-3717,-27
huawei,0,226054205634481,40775120392,2024-09-04 06-45-00,54.207.33.77,-1487554965,ims,55.210.28.236,1338928807,-1698881038,24115,-31
huawei,-4,226051503670050,40710025091,2024-09-04 06-40-49,254.128.11.254,1029927811,ims,176.200.144.119,1680306775,-1256112480,4804,-43
huawei,1,226059308440132,40723496901,2024-09-04 06-44-52,121.133.190.48,-1090108432,internet,44.47.47.172,-1105819676,-826291642,-379,68
huawei,-84,226059896064968,40796633502,2024-09-04 06-41-15,152.75.103.40,397675924,internet,22.66.181.109,426009288,-1035818946,6477,38
huawei,-37,226051709518016,40704760096,2024-09-04 06-40-53,225.196.53.0,-1312973930,ims,46.100.4.72,-1214188573,-2085110482,11004,19
huawei,5,226058189208354,40716069203,2024-09-04 06-42-25,24.109.0.10,-1852726942,internet,27.51.86.183,1575660935,-109204548,-24815,82
huawei,10,226054995617293,40706939284,2024-09-04 06-44-05,207.14.153.31,327180587,internet,14.112.68.192,1202619584,-1689399008,4029,-83
huawei,103,226057295509363,40745616902,2024-09-04 06-41-43,246.127.137.250,1894837759,internet,246.107.95.34,-709212142,1313615991,-25522,82
huawei,-91,226058845517637,40789014852,2024-09-04 06-44-15,139.125.184.51,2043091201,internet,164.137.121.138,1432141523,-1863949595,10064,-49
huawei,65,226055108964026,40795097903,2024-09-04 06-44-40,206.193.244.117,1715586047,internet,201.233.151.40,1088350268,897445660,-15048,-40
huawei,-58,226059198085312,40791140594,2024-09-04 06-43-45,89.174.216.175,1985215522,internet,107.1.15.149,-1883571620,-647269446,31155,-127
huawei,45,226050490291997,40783931293,2024-09-04 06-43-07,234.64.106.201,-597246090,internet,131.189.70.62,-508319701,1454405754,22857,-9
huawei,-108,226059432539727,40770263971,2024-09-04 06-41-21,186.237.35.75,-1283454214,ims,109.180.130.41,2087271139,517321998,28080,-124
huawei,106,226058234804690,40741081174,2024-09-04 06-42-58,83.25.120.91,-2003055988,ims,165.199.37.207,-1222920428,952183977,6509,35
huawei,-87,226050881960039,40794266454,2024-09-04 06-40-09,239.58.19.72,295583264,ims,236.199.39.149,1927834310,-486567061,-19258,-22
huawei,-125,226057854249840,40746595286,2024-09-04 06-40-05,153.229.225.20,-1640912513,internet,2.0.76.200,-1002627819,-1596274945,25352,28
huawei,-126,226052845381219,40778892101,2024-09-04 06-40-52,71.208.223.54,171354115,ims,229.200.111.213,1640880900,-2080199107,27385,39
huawei,-34,226059769526732,40741861498,2024-09-04 06-41-34,62.64.86.12,-696752918,ims,219.145.145.225,-1123024380,-1917496166,-2814,-72
huawei,-28,226056073689609,40771750696,2024-09-04 06-44-18,112.51.111.171,1430984437,ims,94.80.197.91,-923388255,961358382,16081,-7
huawei,-66,226050718095564,40712627542,2024-09-04 06-43-37,154.41.184.82,-939130733,internet,97.40.108.174,860080981,-639147624,-27075,-123
huawei,-66,226059088945226,40787334303,2024-09-04 06-40-07,7.122.103.106,410176907,internet,191.5.160.99,-139178455,446350921,-32330,65
huawei,87,226058651475678,40799093048,2024-09-04 06-43-31,135.196.54.64,1096968098,internet,7.23.166.238,699394608,-891274796,31320,-59
huawei,56,226054727754769,40791211707,2024-09-04 06-43-04,176.208.141.180,2084026136,internet,98.205.98.171,-415055037,1843678163,-8575,-112
huawei,-17,226052626098635,40749936764,2024-09-04 06-44-38,71.186.127.6,-1671957781,ims,10.177.1.8,1750574697,-1753002678,15079,59
huawei,106,226054770722354,40711462861,2024-09-04 06-44-41,59.148.211.39,-977127729,ims,92.145.248.65,-719409548,1549859040,-2961,-13
huawei,66,226054735945300,40747215156,2024-09-04 06-41-20,228.242.194.231,-1414577582,internet,151.251.237.210,-2001509171,-1168696408,-16925,-113
huawei,37,226055735009002,40794697346,2024-09-04 06-42-57,213.109.115.69,1940650765,internet,208.106.234.100,1569632891,1337386988,-1329,-60
huawei,52,226051561712774,40791058038,2024-09-04 06-41-45,208.51.188.250,542409622,internet,100.232.78.105,-673935902,2048251185,-10729,12
huawei,-53,226059871513262,40731018680,2024-09-04 06-44-18,57.230.184.47,625944057,internet,151.219.61.12,3549745,-449467874,-20302,56
huawei,-71,226057680424890,40790768568,2024-09-04 06-44-17,90.238.61.240,-179859,internet,204.8.21.3,1925907912,1268249101,27039,14
huawei,-112,226050861494502,40742486752,2024-09-04 06-44-26,222.190.194.21,-2117046244,internet,1.244.165.248,-1593579996,-211451392,14444,3
huawei,27,226054752186304,40721666294,2024-09-04 06-40-07,169.72.17.120,1543226116,internet,23.150.252.128,-1253940949,-1413253575,5607,33
huawei,-120,226054969874705,40777931068,2024-09-04 06-43-26,30.132.212.100,-878710849,ims,93.145.42.153,-593330954,-1987973828,-13510,-119
huawei,88,226050625881221,40788992406,2024-09-04 06-40-05,113.213.59.160,1291882074,ims,3.8.29.246,119724467,126455919,4338,-117
huawei,-123,226059971902013,40729605063,2024-09-04 06-42-30,26.87.80.132,-1108602705,ims,130.68.239.149,-1225578602,-1126512078,18358,-21
huawei,83,226059195361010,40728303149,2024-09-04 06-41-12,125.250.84.109,-2038687122,internet,219.247.242.225,618924995,-1254323470,17191,26
huawei,38,226052069629152,40776883164,2024-09-04 06-44-37,149.69.152.144,-967977212,ims,130.227.220.255,-84701374,176847337,10622,71
huawei,55,226053430577267,40741003283,2024-09-04 06-43-51,131.249.232.92,199267829,ims,26.115.24.34,633158253,-492469223,-23528,75
huawei,73,226056572897919,40762540128,2024-09-04 06-42-37,136.41.95.251,-25417931,internet,6.101.48.38,342024048,-799790079,13074,79
huawei,-116,226054498433359,40715368724,2024-09-04 06-43-31,168.121.132.57,-1425257023,ims,226.203.63.40,-275848280,-1461273920,-27305,34
huawei,52,226053263719976,40798585824,2024-09-04 06-40-14,233.76.254.67,-1148610023,internet,219.216.76.151,670974098,695279439,-31763,20
huawei,-26,226052441293486,40712323769,2024-09-04 06-43-03,51.217.6.239,-917639939,ims,32.47.134.157,-738771400,-301534110,26703,7
huawei,70,226059456427125,40753285897,2024-09-04 06-43-16,184.59.160.34,-1924965191,ims,19.7.192.231,1065024609,-39099539,-13831,103
huawei,124,226058434316574,40777435730,2024-09-04 06-44-16,219.252.145.240,-965042233,internet,80.153.63.223,-1715119641,-95438777,11846,87
huawei,-49,226059340308887,40766950776,2024-09-04 06-40-18,193.82.7.1,1034013543,ims,81.120.81.208,555897438,1267010148,-27718,-79
huawei,109,226053745476941,40798564851,2024-09-04 06-44-05,237.229.173.178,1139151130,ims,127.225.196.53,-369472897,879740923,-1699,-65
huawei,-113,226058839921905,40775104653,2024-09-04 06-41-37,80.41.28.37,-458174893,ims,252.36.130.6,1830120454,-867921898,4944,-41
huawei,91,226054045701007,40700060077,2024-09-04 06-40-53,155.48.187.104,1419144918,ims,208.135.67.139,-627473856,-553726688,28029,-113
huawei,-109,226050818017194,40780003439,2024-09-04 06-42-27,152.209.148.93,1060177033,ims,107.223.22.41,-104877187,-2085797703,10437,121
huawei,37,226053997608978,40756392900,2024-09-04 06-43-40,53.44.10.2,-433878442,internet,191.155.202.136,-1917167039,1996003988,16430,29
huawei,67,226055983936674,40773100651,2024-09-04 06-42-11,10.187.111.221,-110708293,internet,209.230.194.52,1754466751,1591732262,12713,4
huawei,68,226052522267799,40786203807,2024-09-04 06-40-23,60.100.34.218,-1145112388,ims,108.28.240.223,-1028022208,-653677422,18433,82
huawei,44,226056892000798,40721767515,2024-09-04 06-42-44,70.215.0.204,703902796,internet,211.190.18.162,683663425,329065323,-12951,81
huawei,-1,226058393594533,40719398986,2024-09-04 06-42-58,206.89.103.78,1189338575,ims,137.216.214.100,-283405368,-197084637,10502,18
huawei,109,226051738673424,40726545001,2024-09-04 06-44-51,127.115.17.104,792130672,internet,89.93.216.165,-2071834800,811404397,-12191,-100
huawei,65,226051829012559,40783361436,2024-09-04 06-41-09,173.216.139.53,536383281,ims,137.136.125.98,-771063111,-1719177794,-1855,17
huawei,126,226055624467724,40757443534,2024-09-04 06-42-11,39.248.96.41,-559697799,internet,140.57.117.154,342941722,676996739,21749,98
huawei,-110,226054036428015,40790727199,2024-09-04 06-41-24,29.142.31.145,224991596,ims,158.75.229.137,1115711872,344714040,5559,92
huawei,-68,226059048446648,40785521509,2024-09-04 06-41-00,100.182.193.37,1264270778,internet,195.106.139.16,160219187,-485768617,-25142,-64
huawei,-127,226054421851478,40719848531,2024-09-04 06-42-55,252.176.163.217,1308032055,internet,62.77.179.178,2082914631,944776078,-27378,-38
huawei,-11,226053619058397,40757549922,2024-09-04 06-41-05,194.23.142.95,307708151,internet,156.93.159.40,-957132528,852822181,8364,-94
huawei,-9,226054633512157,40739249733,2024-09-04 06-41-55,28.169.98.211,1676145422,internet,114.141.64.100,1080166088,270114836,5048,-79
huawei,61,226055592983805,40739582490,2024-09-04 06-42-12,229.207.153.133,-1126246297,internet,160.50.60.42,856956684,263193862,28898,-2
huawei,-15,226052714468167,40769507472,2024-09-04 06-42-37,243.210.171.86,-479505107,internet,38.89.241.235,-93974346,-33722859,17703,3
huawei,13,226055263870422,40756043827,2024-09-04 06-44-20,44.70.101.10,1787482103,internet,15.180.31.66,842103344,372808472,18681,59
huawei,91,226055398354063,40763426234,2024-09-04 06-42-53,228.44.21.83,1886058345,ims,102.178.218.169,365016170,-587882266,23323,124
huawei,-7,226058237096413,40722589387,2024-09-04 06-43-32,157.141.242.250,1358399604,internet,142.88.148.157,618259564,657702546,-26816,-32
huawei,82,226058265763902,40713404348,2024-09-04 06-40-21,219.96.138.121,-1245050278,ims,204.245.104.20,-1078121654,-862915260,-27881,76
huawei,-56,226058754817634,40788431781,2024-09-04 06-40-49,205.11.215.32,94123672,internet,123.43.229.151,-967476125,-1724637574,28117,69
huawei,-1,226059626010623,40720339627,2024-09-04 06-42-02,132.185.50.228,435964490,ims,29.27.18.216,629333089,2051381181,-29250,-4
huawei,-100,226054161126698,40750496567,2024-09-04 06-41-06,62.123.181.98,837598999,ims,193.165.225.180,1662252424,982040932,-24060,125
huawei,74,226057215723603,40779994502,2024-09-04 06-44-13,86.122.104.140,1846118,ims,253.72.74.121,-1487443020,111619621,-13805,84
huawei,127,226056588202511,40796756390,2024-09-04 06-41-31,226.220.117.173,-2096243010,ims,194.184.111.210,1723328646,1183017450,-13696,-37
huawei,-10,226055613647018,40721936417,2024-09-04 06-41-17,131.38.55.7,209952276,ims,26.253.154.153,2077424154,-1299331527,4525,-45
huawei,-19,226055602125850,40728745424,2024-09-04 06-43-09,78.123.253.37,2001752085,ims,73.156.96.205,-1911741839,-1816149308,-8319,-37
huawei,-30,226051912104435,40709642393,2024-09-04 06-43-58,201.217.105.36,873842992,ims,177.93.97.155,-1561035966,-429402488,3406,58
huawei,127,226058343057736,40763041304,2024-09-04 06-41-08,69.163.96.117,1001483887,internet,211.35.218.194,1185943576,-585260559,-1160,111
huawei,23,226057581698328,40791784497,2024-09-04 06-41-05,216.79.216.223,1884324996,ims,197.161.251.208,1058824409,-713247696,31674,-15
huawei,-63,226052165937175,40707581375,2024-09-04 06-41-17,96.143.207.113,1929461685,ims,172.217.131.210,268322628,-143256688,-2406,-3
huawei,114,226053597650521,40750234590,2024-09-04 06-43-55,120.247.2.30,934008465,ims,247.244.36.140,893978387,-1479613947,11330,-69
huawei,57,226050984808764,40786316867,2024-09-04 06-43-34,188.41.145.16,1846725736,ims,132.60.122.176,-83737410,411801776,7310,-108
huawei,41,226050159461951,40736515938,2024-09-04 06-41-13,210.96.156.192,-487234407,internet,210.32.50.69,696593327,-296436531,7234,83
huawei,63,226055082158246,40723433893,2024-09-04 06-42-46,115.58.61.166,-2051996187,ims,167.47.232.208,1963921537,611205477,27319,31
huawei,-40,226056270349909,40763103576,2024-09-04 06-43-33,132.248.94.221,443262151,ims,101.132.214.131,880670918,-495326929,-29030,-36
huawei,86,226058542448266,40711988892,2024-09-04 06-41-19,39.137.82.200,-1945116154,internet,112.197.132.9,1759515449,-9464524,-7739,81
huawei,57,226058002301564,40716959968,2024-09-04 06-42-11,244.25.172.228,1760881910,ims,250.117.253.71,461982610,233242436,-5871,16
huawei,-16,226051209824345,40748420274,2024-09-04 06-44-20,151.31.13.75,78456514,internet,199.158.133.144,296683921,232466373,18684,102
huawei,-112,226050164808499,40787508605,2024-09-04 06-41-39,89.3.106.131,1259497842,internet,4.1.168.107,1832766761,-2017822234,32378,-1
huawei,107,226050021599600,40719713062,2024-09-04 06-41-13,250.53.112.210,218695284,ims,123.199.139.99,-659861672,-860587934,23748,-95
huawei,-59,226055736272859,40769613757,2024-09-04 06-44-11,109.229.127.230,494644254,ims,64.90.6.235,20274221,1932025313,-4620,28
huawei,85,226051201443766,40771300151,2024-09-04 06-41-35,196.181.136.222,1339215791,ims,239.16.233.140,-386759677,-662642194,13775,-14
huawei,-98,226054198709490,40728356428,2024-09-04 06-40-55,57.21.53.113,-612419183,ims,100.35.63.144,-1024374082,2111985229,18719,-43
huawei,86,226055752589231,40783887031,2024-09-04 06-43-52,117.41.51.65,1077683394,internet,179.152.159.94,-1464645216,-605156746,-391,-31
huawei,-111,226053350453927,40702224336,2024-09-04 06-40-20,13.5.218.138,1581672783,ims,218.62.157.166,308956390,-1824337765,-12417,5
huawei,-46,226057152040986,40704176799,2024-09-04 06-41-17,201.244.186.7,-1615257582,internet,19.164.38.99,1550655610,473586594,-4534,-118
huawei,-106,226054311337571,40786872933,2024-09-04 06-42-39,66.136.242.160,-1659449399,internet,113.129.45.59,1255497192,1106890252,12654,-9
huawei,-77,226059894559535,40714034017,2024-09-04 06-40-38,127.134.82.105,-1476999261,ims,155.50.57.92,846590118,-62396849,-29404,66
huawei,-25,226051693341897,40749767144,2024-09-04 06-43-03,128.188.3.47,-273632758,internet,89.112.164.241,1506284038,-995444689,-6902,56
huawei,29,226055479067405,40716415983,2024-09-04 06-43-12,23.123.125.193,-1457682075,ims,93.18.198.224,565299777,1538684363,6744,-54
huawei,-72,226053726654654,40726986209,2024-09-04 06-44-39,0.112.222.205,645992137,ims,21.197.159.232,-918676326,1113164740,8275,27
huawei,-114,226052170029453,40713007865,2024-09-04 06-40-56,6.25.71.58,-485691932,internet,16.78.7.64,857929876,486835559,-28550,-3
huawei,83,226053563594670,40710002249,2024-09-04 06-41-50,113.166.224.94,-1049309873,ims,45.75.150.172,-2018215191,-667771144,970,82
huawei,37,226050259348181,40702048920,2024-09-04 06-44-26,154.143.78.93,-350281790,ims,241.140.170.34,612311975,-1346215200,8130,-7
huawei,-108,226055614891808,40761512649,2024-09-04 06-42-50,95.147.201.28,-2051882782,ims,53.248.63.204,1915213239,-1759760155,-8078,-111
huawei,42,226053428041907,40731372281,2024-09-04 06-44-38,39.73.8.241,1792282315,ims,75.178.121.126,-1708024805,1620507552,652,-34
huawei,-76,226058211484853,40709791860,2024-09-04 06-43-44,172.129.202.193,892765397,ims,171.185.106.252,299225079,-1399546384,-19114,-116
huawei,104,226053376384727,40751505325,2024-09-04 06-44-39,145.15.226.250,-970644097,ims,226.107.142.163,-1062624568,-457361943,17209,43
huawei,81,226056816033535,40750090375,2024-09-04 06-43-03,253.120.186.173,-503419830,ims,116.211.54.41,-527338647,977057534,-13218,-61
huawei,-51,226056385037365,40732545773,2024-09-04 06-40-16,94.81.31.132,-1765420492,ims,167.142.195.99,699122221,1963113155,-12180,17
huawei,61,226059427082300,40745551611,2024-09-04 06-43-51,34.21.26.14,-1642609134,ims,211.213.237.8,1496609263,-1977571225,-15874,-116
huawei,40,226053826031286,40751229542,2024-09-04 06-42-05,94.50.79.59,779805628,ims,150.7.2.218,1377451760,-1329298881,-12498,71
huawei,70,226056899152855,40711587142,2024-09-04 06-44-28,126.244.68.239,482047348,internet,154.147.234.250,908046222,178097703,7119,81
huawei,-80,226058759681912,40713617083,2024-09-04 06-42-30,203.146.101.236,161979929,ims,189.0.53.60,799572580,-1281711411,-19640,43
huawei,64,226054568300899,40778784656,2024-09-04 06-43-07,143.49.18.116,1790088044,internet,88.153.182.252,-1159179152,-1321164505,-8835,48
huawei,64,226053782166291,40726937747,2024-09-04 06-44-18,207.210.58.210,37321556,ims,96.99.136.46,-1586042430,-1106346739,26327,116
huawei,-18,226056902880745,40742535758,2024-09-04 06-44-33,59.239.102.63,29683250,internet,57.154.193.47,643142008,-355893089,-15592,-123
huawei,83,226053851408638,40756408726,2024-09-04 06-41-19,8.206.231.208,891066208,ims,215.194.162.72,-10533810,-404368180,-27641,1
huawei,-44,226051652841457,40786239318,2024-09-04 06-41-36,251.238.177.11,-2043815397,ims,160.65.4.102,-1460396899,84785219,-22830,44
huawei,70,226058064474605,40764046202,2024-09-04 06-43-00,19.49.23.204,-778803769,ims,180.48.225.199,-1886313737,-1179725246,-116,106
huawei,119,226057316116297,40737945265,2024-09-04 06-40-15,180.48.223.4,-1288605047,ims,71.26.5.136,-169087200,951602314,18472,104
huawei,3,226053525284374,40712749667,2024-09-04 06-44-27,254.118.63.107,-1308975960,internet,92.211.107.100,-218209322,827124797,-21747,89
huawei,41,226055152006647,40762417404,2024-09-04 06-44-23,121.172.240.71,-1401789074,ims,198.238.211.188,-1553215651,-1671766674,10922,116
huawei,76,226050613891441,40751341841,2024-09-04 06-43-26,55.14.77.226,1819835858,ims,168.127.205.211,-568968142,-1956597965,-11163,104
huawei,-101,226052864941406,40786880483,2024-09-04 06-43-30,201.212.76.99,740385769,ims,139.224.138.223,-393715762,690531705,19593,125
huawei,118,226058363105677,40789600436,2024-09-04 06-40-22,112.229.158.224,1845159011,ims,180.62.100.209,-1968783261,1305112277,25274,63
huawei,93,226058706286064,40756423832,2024-09-04 06-43-33,117.81.162.182,117778255,ims,184.32.174.69,420193687,-1095395317,-2796,-29
huawei,87,226051722084497,40784192141,2024-09-04 06-44-45,195.166.186.180,620307953,ims,112.208.171.44,1704476592,1048690402,-12885,6
huawei,-57,226059192205639,40718431556,2024-09-04 06-40-45,84.80.233.57,1935839067,internet,228.246.229.0,-1575195129,-2028323947,12436,41
huawei,-76,226057311629544,40720343266,2024-09-04 06-40-55,149.18.223.241,-1709008400,ims,16.33.186.2,187498543,86912347,-125,45
huawei,28,226050307963202,40742665919,2024-09-04 06-44-54,107.253.148.151,-535665876,internet,85.135.128.202,1007609957,-431351560,-16994,25
huawei,-5,226055889373892,40725362107,2024-09-04 06-42-46,193.153.116.35,36495663,internet,85.246.243.123,1022188029,-1715602574,-30244,102
huawei,66,226050500480235,40743439137,2024-09-04 06-42-24,251.124.186.106,-1472987578,internet,155.254.210.23,-1188601460,500711040,12577,-84
huawei,-64,226058420878351,40759379537,2024-09-04 06-44-32,134.185.132.98,-1016130112,ims,89.173.38.112,1434761653,-1840424405,-23908,-19
huawei,100,226053820077477,40777853604,2024-09-04 06-42-22,30.184.113.221,-554702543,internet,29.183.193.228,-947770747,-46758504,646,124
huawei,114,226059026020826,40767977960,2024-09-04 06-43-36,78.248.240.160,-73626149,internet,176.46.238.174,-928413451,792943040,12164,34
huawei,63,226055892308963,40739265459,2024-09-04 06-42-22,249.189.157.168,-1009763609,ims,104.62.126.140,1740696618,1527211878,21628,126
huawei,4,226058089271125,40701300058,2024-09-04 06-43-25,113.187.248.238,67028601,internet,8.123.170.216,566368491,1680132325,23753,96
huawei,-66,226055096847084,40712015891,2024-09-04 06-43-57,203.151.162.104,1632837158,internet,93.207.197.160,-1375202925,-2082048553,21762,18
huawei,-109,226057630229255,40706643598,2024-09-04 06-40-58,209.196.158.77,-1171463297,internet,185.91.7.57,-1505540570,-154922264,6596,-37
huawei,-23,226057260141309,40757528378,2024-09-04 06-44-23,217.12.227.8,-490074368,ims,199.6.4.33,1705754158,1515553863,12845,-3
huawei,21,226056545547111,40771857768,2024-09-04 06-40-27,79.184.66.12,-1409917489,ims,98.13.212.207,839334564,-963745233,2620,38
huawei,-104,226056522269272,40730577077,2024-09-04 06-42-51,121.207.20.65,415996810,internet,208.11.17.165,-986098659,-1920545481,-26428,71
huawei,-114,226050133233821,40798828684,2024-09-04 06-41-50,59.176.229.118,-223141640,ims,241.39.16.235,1821030344,51445407,-13213,-7
huawei,55,226053969109832,40714467775,2024-09-04 06-41-36,232.222.146.242,233215669,ims,203.36.107.125,1270085046,-2109369842,-27356,-65
huawei,-62,226053888702223,40728850153,2024-09-04 06-40-39,109.124.185.192,-2043148494,ims,125.117.104.159,152211164,613899442,4019,-101
huawei,-84,226052069526443,40701316163,2024-09-04 06-42-27,225.90.80.177,-1790467960,ims,252.195.206.6,-1270674533,-306660252,-3791,52
huawei,-22,226054913458751,40739307373,2024-09-04 06-44-08,27.195.63.95,-737018509,internet,11.89.18.218,966803385,252948032,-15896,-61
huawei,77,226059184524987,40773082324,2024-09-04 06-40-55,49.195.7.84,-175964634,ims,147.149.77.24,-386816721,342588127,4936,71
huawei,45,226056203735744,40721159579,2024-09-04 06-41-58,242.245.230.53,1953224906,internet,19.85.201.95,-1569932140,1953617084,-18678,-74
huawei,-4,226050604603450,40798010064,2024-09-04 06-44-11,125.95.40.92,767437927,internet,71.169.110.145,775839415,-620219901,-26194,-17
huawei,-81,226053236444266,40767335111,2024-09-04 06-41-50,74.235.169.111,1689250758,internet,126.20.230.218,-744690622,-1988543462,15653,-28
huawei,81,226053725099170,40767387056,2024-09-04 06-42-57,40.254.22.12,811526902,internet,189.4.139.108,1325418103,1353386601,22617,79
huawei,117,226058674351391,40774215061,2024-09-04 06-40-33,24.167.43.44,-1119970410,internet,183.11.247.107,1065685973,1335585680,5842,-3
huawei,-49,226057180116043,40763422582,2024-09-04 06-40-37,58.245.190.48,2137316928,ims,76.112.232.159,638651831,-566678256,20149,-61
huawei,-78,226054805970170,40748961568,2024-09-04 06-41-23,6.95.193.181,-40341591,internet,70.124.105.173,70413297,-1454033201,12718,-42
huawei,-76,226054489260020,40716654423,2024-09-04 06-40-09,102.208.161.40,1685046102,ims,100.9.179.24,814121960,757319474,1359,-10
huawei,-60,226053047936109,40780889792,2024-09-04 06-40-34,10.124.251.253,1426735840,ims,19.164.224.32,-1512808262,-75915837,-3307,-36
huawei,-10,226052329977645,40729458163,2024-09-04 06-44-46,117.200.83.62,-2064292351,ims,17.38.11.56,-1332304949,-272351281,-26991,50
huawei,97,226059583130441,40769774637,2024-09-04 06-40-55,254.146.90.93,-1970756826,ims,47.18.8.36,360190960,-233538225,-10035,52
huawei,-77,226053807590754,40711758129,2024-09-04 06-44-17,228.117.201.45,-1250840431,ims,40.242.95.213,-662101760,-827671612,19614,59
huawei,-12,226059458845051,40754538884,2024-09-04 06-42-42,144.246.215.162,-106348584,internet,83.210.123.97,2128464586,-723911789,-12554,111
huawei,-104,226054908168701,40760754455,2024-09-04 06-41-26,173.42.179.108,-1240731843,ims,47.35.60.110,1467793910,-1961633511,-18356,120
huawei,-3,226050730939608,40712494683,2024-09-04 06-41-19,226.146.94.199,2002097310,ims,83.87.172.122,1982577461,-488721620,-22031,17
huawei,-31,226050418108908,40700941608,2024-09-04 06-40-48,209.20.38.233,727708801,internet,112.220.156.172,68829446,1849182092,-18376,-8
huawei,-104,226050630714964,40764881875,2024-09-04 06-40-30,183.144.212.43,-1062642715,ims,18.211.237.136,951871594,1078746383,-31053,87
huawei,24,226059497954133,40720494252,2024-09-04 06-43-47,254.159.228.60,-600787044,internet,202.233.75.107,-1534317637,105736957,-27495,84
huawei,-45,226059670326641,40710921762,2024-09-04 06-40-34,3.207.178.172,889445235,internet,78.167.14.39,2064091825,636123320,86,-34
huawei,-47,226054403222509,40766385605,2024-09-04 06-43-34,189.234.147.141,-1184585943,internet,248.129.217.40,24182106,-1311305326,-16208,-109
huawei,68,226055090809241,40780788891,2024-09-04 06-44-05,15.173.134.159,454453356,internet,230.120.31.8,-1567306435,1834189135,-3458,-76
huawei,15,226051973419426,40762902933,2024-09-04 06-41-53,23.185.152.81,1107865023,ims,133.196.246.177,-1411248519,1915965002,8081,55
huawei,-53,226050981416127,40753946355,2024-09-04 06-40-21,155.201.114.56,1779612629,ims,107.64.90.18,1114359144,-1025447088,-13258,93
huawei,44,226050711368404,40705340531,2024-09-04 06-41-42,21.140.2.179,-357615739,internet,235.16.219.151,-1431969664,1950762021,-4548,15
huawei,37,226054192363303,40726038611,2024-09-04 06-41-35,56.247.157.194,-543663421,ims,173.29.41.34,-1815032849,-1508960462,17688,71
huawei,123,226056571176064,40742825236,2024-09-04 06-43-22,81.21.144.1,1441531031,ims,36.185.27.127,-1188299097,408196829,-10659,14
huawei,68,226056292069619,40789414614,2024-09-04 06-41-30,115.80.220.152,-321069117,ims,129.74.198.181,-320496071,1684984135,2312,119
huawei,-15,226054634234080,40704734012,2024-09-04 06-42-49,217.163.65.12,677908720,internet,104.202.29.152,1743746755,641055599,32139,1
huawei,41,226053675612215,40794497848,2024-09-04 06-43-05,115.154.93.46,-143132305,ims,77.13.35.205,802180055,-1851178118,-30491,24
huawei,32,226052274261122,40718896606,2024-09-04 06-40-11,114.189.214.200,-1694286922,internet,233.51.212.81,30304388,1705109026,-22183,124
huawei,-43,226052493643050,40724456882,2024-09-04 06-44-36,35.101.23.124,-93026117,internet,231.178.24.246,-535774818,398321021,12181,-85
huawei,-15,226053295426735,40730422615,2024-09-04 06-40-25,70.18.194.47,190306786,internet,21.205.6.85,1432085881,971450798,-4506,50
huawei,-28,226058723385015,40704480545,2024-09-04 06-41-42,15.132.254.236,1652402437,ims,142.66.74.49,800971830,-1179900630,-25934,104
huawei,22,226050763254103,40759765141,2024-09-04 06-44-27,134.138.30.97,1621480537,internet,177.194.135.19,-305397923,1242494206,-24559,27
huawei,114,226051134215167,40761547567,2024-09-04 06-43-33,232.180.35.40,-1517514280,internet,180.7.5.16,-1072504316,-29973840,31318,83
huawei,-125,226054405061374,40706052175,2024-09-04 06-40-11,188.47.86.1,-1152653715,ims,14.184.65.164,-762334216,-296685843,14112,38
huawei,-8,226054787490417,40761869074,2024-09-04 06-40-10,67.207.131.184,-2133205781,internet,239.148.179.212,-1137759757,-644043632,-1653,120
huawei,37,226056595107293,40770538168,2024-09-04 06-44-21,241.46.42.47,-264917622,internet,189.11.238.238,2065928082,1754809955,-22049,-48
huawei,-35,226059979591216,40748705692,2024-09-04 06-40-15,69.40.92.43,828262097,ims,63.123.203.83,2015272861,965902606,-12836,-18
huawei,101,226054775445698,40739329275,2024-09-04 06-43-01,96.242.168.30,365287845,ims,30.210.174.234,580778155,-335884781,-15298,48
huawei,111,226059304961162,40787960626,2024-09-04 06-42-23,113.168.187.164,1420001298,ims,232.189.140.184,841500632,922899042,-29182,-62
huawei,102,226058660557716,40703853831,2024-09-04 06-43-49,4.196.55.15,-1323673396,ims,138.171.228.20,1952557074,404612426,-22490,-53
huawei,119,226054434273797,40796839042,2024-09-04 06-42-10,254.217.188.246,-1928157067,internet,7.112.243.228,-967094569,1892405644,-20974,24
huawei,-75,226058575952575,40752017264,2024-09-04 06-44-53,175.154.85.171,-713328668,ims,112.209.82.154,-589151901,131585557,-5567,71
huawei,120,226051589657344,40706866028,2024-09-04 06-44-42,148.225.219.17,304592393,ims,68.68.212.156,-1943917566,379933376,7658,31
huawei,-25,226055461577425,40736649711,2024-09-04 06-43-54,97.41.60.95,40437125,ims,141.207.142.42,2032195146,1967195939,-28491,-66
huawei,101,226056653305068,40716481509,2024-09-04 06-40-32,95.12.51.166,124617813,ims,55.187.242.48,1267034888,1714221121,-7619,107
huawei,119,226052288532136,40779176202,2024-09-04 06-42-51,74.196.92.246,1039449635,internet,135.0.220.144,-110126577,284372102,14377,8
huawei,-16,226056004905951,40718655689,2024-09-04 06-40-35,246.93.104.194,-1312099782,internet,187.130.203.166,-1279927218,982607,7745,-104
huawei,-32,226051113758968,40782207332,2024-09-04 06-42-26,195.2.64.76,105233019,ims,134.126.214.36,-39262854,97440845,8683,-117
huawei,-73,226058489198160,40743498724,2024-09-04 06-41-06,79.124.45.140,-539871490,internet,117.74.106.80,-140620129,-193653671,16889,-29
huawei,-110,226052038834431,40717679659,2024-09-04 06-40-33,175.59.19.194,-787548770,ims,26.141.144.136,-2088413327,-1718103701,28596,-58
huawei,-121,226052465073184,40735870548,2024-09-04 06-41-29,2.171.19.213,255514072,ims,166.235.98.104,1029652612,1265206179,-5580,11
huawei,-111,226052872597513,40740324637,2024-09-04 06-41-51,88.250.242.109,899736477,internet,222.142.157.172,1380999501,168650814,5857,-120
huawei,-85,226052617760452,40717714225,2024-09-04 06-41-52,46.73.82.246,1203153434,internet,245.182.233.103,-1877861994,304862478,-10364,24
huawei,114,226055125455591,40736788536,2024-09-04 06-44-32,90.132.226.123,-988475274,internet,241.238.118.78,205726688,-1971895075,-21044,25
huawei,59,226054293607034,40756414159,2024-09-04 06-42-16,106.105.126.15,-1266411923,internet,153.223.151.48,-1659405538,475241299,20568,94
huawei,-13,226055562459126,40705838095,2024-09-04 06-43-39,123.122.24.96,627503006,ims,87.116.206.122,-1085361472,-713168359,6450,70
huawei,-116,226053560496715,40793848673,2024-09-04 06-43-50,65.181.157.80,-337065864,internet,219.144.185.153,-1452102568,-1131217427,7711,-47
huawei,5,226058832226700,40746482445,2024-09-04 06-43-05,240.174.56.107,1578713767,ims,167.129.173.98,169252272,757553771,-22123,-71
huawei,-47,226051930907539,40766749711,2024-09-04 06-44-47,102.101.194.255,1674861027,ims,155.108.118.28,1485868312,1070906303,-13484,-72
huawei,104,226057951853064,40714403078,2024-09-04 06-41-39,182.234.105.95,-1755297810,internet,66.9.71.23,1774784234,-1018360274,14586,-96
huawei,64,226058857750199,40754094423,2024-09-04 06-42-13,184.43.8.179,-1600951663,ims,255.21.10.124,2129506717,-1739220950,3659,-99
huawei,-96,226050182734028,40793978356,2024-09-04 06-43-22,241.142.107.33,354341222,ims,217.53.224.161,1311539789,1358462126,-8527,98
huawei,117,226057240016488,40731172981,2024-09-04 06-41-18,182.131.142.171,-1611479633,internet,181.70.187.93,1081103318,-722515101,9459,-76
huawei,11,226051989296278,40774720836,2024-09-04 06-44-01,241.134.228.27,1321013197,ims,67.66.8.71,1034547890,-1150458434,-10842,79
huawei,-82,226050398464232,40777897447,2024-09-04 06-40-45,72.150.232.1,-1619011267,ims,203.161.109.193,-2086678909,-395233591,-5585,44
huawei,105,226059552376717,40748535167,2024-09-04 06-44-41,134.139.33.226,-603356581,ims,43.142.95.203,-1321486389,1510173298,-13644,59
huawei,40,226059634291547,40733206801,2024-09-04 06-40-40,63.41.166.47,-846078583,ims,216.108.201.212,-396130541,243099103,14936,9
huawei,25,226053840941527,40719068578,2024-09-04 06-44-27,168.15.232.242,360544599,ims,25.211.221.62,1156326803,-1558204223,26078,120
huawei,106,226056292197819,40725925730,2024-09-04 06-42-40,196.155.177.104,-2079310479,ims,9.220.185.76,-894058283,1300211778,-10305,-80
huawei,-2,226059807889683,40754177855,2024-09-04 06-44-17,200.87.176.21,161885700,ims,107.191.107.226,83949144,-1583283753,1199,-13
huawei,116,226058228486857,40739329423,2024-09-04 06-43-45,247.13.229.193,-769020929,ims,168.110.197.90,78996938,501547462,23820,10
huawei,-74,226056708167333,40719029955,2024-09-04 06-43-08,218.217.215.37,-1794127147,internet,75.130.57.180,-1462976648,-1159070440,23727,81
huawei,45,226056891603745,40772548437,2024-09-04 06-44-35,137.238.22.55,-1121007568,ims,5.131.180.60,1853703006,2140052380,13517,85
huawei,-1,226053866487296,40711448942,2024-09-04 06-43-13,157.61.154.36,1775768323,internet,159.83.243.160,2046260181,-536173138,30962,19
huawei,74,226054234879508,40729700266,2024-09-04 06-43-00,47.211.25.75,-1443703424,internet,13.137.175.230,-123289696,321512794,-31360,104
huawei,51,226055595628247,40728920805,2024-09-04 06-43-45,245.19.17.167,-886951384,internet,142.93.201.213,-1807013088,150249499,6718,-68
huawei,-90,226054932117350,40742257394,2024-09-04 06-41-59,11.107.233.100,-1468377172,ims,83.70.180.48,1273903275,-1638936396,32549,-70
huawei,-101,226059596502948,40761896755,2024-09-04 06-44-07,224.127.126.19,-1724863007,internet,154.76.150.133,827869629,1799132406,-10594,-20
huawei,-7,226058046530311,40763904281,2024-09-04 06-41-58,204.11.78.139,695170570,internet,23.119.159.117,-1289085812,-684029929,-23343,-4
huawei,21,226058303610932,40778585227,2024-09-04 06-41-57,92.141.58.194,293784655,internet,97.23.206.85,1443958582,-391191539,9631,78
huawei,91,226058272232128,40786766326,2024-09-04 06-43-14,124.106.141.54,1157581353,internet,228.206.55.124,-522738802,207659138,19051,-20
huawei,59,226052842663923,40728985793,2024-09-04 06-41-06,96.205.230.118,590474275,ims,134.133.47.237,1559285243,1313916703,-22214,36
huawei,-56,226053398953791,40753035944,2024-09-04 06-40-51,180.156.177.139,-978075944,internet,85.41.246.170,-931945046,525941764,-27329,49
huawei,87,226056473933474,40762240380,2024-09-04 06-41-51,50.219.90.24,-940510340,internet,111.206.183.125,1563228119,529166772,21357,-120
huawei,-100,226051760383247,40750340999,2024-09-04 06-42-09,168.69.242.36,-1044405119,ims,221.53.187.168,1788275813,-974697796,-18436,63
huawei,45,226058936692948,40724145557,2024-09-04 06-40-43,222.143.182.160,-590219095,ims,1.137.178.252,-794351758,-2060647492,-949,89
huawei,82,226054645893440,40750836987,2024-09-04 06-43-02,183.80.139.70,-804411336,ims,244.225.169.210,1116800697,1174345560,-16384,80
huawei,22,226051091962429,40725505181,2024-09-04 06-42-18,135.184.186.142,146044302,internet,84.113.21.20,-1045122394,164142397,-15378,12
huawei,-47,226058911345330,40761245869,2024-09-04 06-44-07,177.99.55.143,-1178053773,internet,27.172.159.130,584165589,1821239072,-26021,-13
huawei,100,226054368174181,40799850559,2024-09-04 06-42-15,20.252.126.20,-594085350,ims,9.23.96.42,-63590605,-743268625,13344,6
huawei,74,226056810453236,40708802546,2024-09-04 06-41-29,168.93.11.122,35426552,ims,41.118.124.130,-822222914,-1597751796,-953,-3
huawei,-64,226050610313315,40722384421,2024-09-04 06-41-15,1.108.248.63,452820141,internet,229.119.128.124,535084983,-1424886382,16791,97
huawei,60,226058421216941,40776906394,2024-09-04 06-44-04,55.25.129.99,-405883534,ims,96.104.88.75,-7515409,139647102,-23550,-51
huawei,33,226050192399507,40785968308,2024-09-04 06-44-59,156.226.64.207,-252373061,internet,135.189.33.159,-1293863931,1249844369,19859,50
huawei,-22,226057944020869,40743823875,2024-09-04 06-44-48,2.26.183.159,137737659,ims,218.10.115.67,-1323470030,1850564809,-9039,-62
huawei,116,226050533048454,40728912104,2024-09-04 06-40-39,152.130.220.203,-1248311951,ims,30.175.254.48,-726839903,1403519600,-6204,-10
huawei,-119,226056035044456,40711812857,2024-09-04 06-44-06,25.24.141.128,1367532094,internet,23.66.59.27,1570881077,420936506,2033,38
huawei,-80,226052953925289,40702804069,2024-09-04 06-43-12,30.41.25.185,704669550,ims,51.53.61.114,-127774299,1671029703,23999,114
huawei,-17,226050750077279,40775815440,2024-09-04 06-43-28,108.155.198.128,-1223344870,ims,142.10.8.247,306717446,1140250778,45,-47
huawei,80,226057501726438,40755264385,2024-09-04 06-44-23,163.115.247.6,487730598,internet,63.226.239.228,-525645647,1556974196,22325,56
huawei,-65,226052984252871,40743614587,2024-09-04 06-44-48,22.96.84.214,327220149,ims,246.192.219.243,1415533336,-1669068609,-29551,108
huawei,90,226058399127046,40741831816,2024-09-04 06-42-45,31.97.249.22,-254617213,ims,236.178.146.53,236444584,1886884236,4733,-115
huawei,-86,226050242912055,40772452422,2024-09-04 06-43-26,99.81.53.25,980640361,ims,178.142.11.248,-54905668,-1477888368,14229,-72
huawei,-92,226051242395819,40723236813,2024-09-04 06-40-37,133.146.40.4,-2022725265,ims,174.42.86.187,-475290016,684864739,13510,-22
huawei,8,226054071312061,40715794728,2024-09-04 06-41-33,156.124.32.166,-2092859487,ims,248.232.153.168,-1489264227,-287812485,-17456,39
huawei,25,226053199501053,40723946755,2024-09-04 06-41-43,218.78.220.9,-1340314490,ims,230.222.147.44,-1202172401,-593349886,-23729,78
huawei,55,226056294715824,40781278982,2024-09-04 06-41-29,51.205.113.68,441281068,ims,194.165.6.232,-1399766143,772622598,9680,-80
huawei,45,226052449318638,40702913098,2024-09-04 06-42-20,209.61.41.224,-282443320,ims,222.244.242.153,-600561848,-585582771,-24298,-72
huawei,-115,226051534064723,40737138338,2024-09-04 06-42-49,127.245.241.39,1677666052,ims,200.140.123.14,1165217791,783154329,-19172,-109
huawei,-128,226050244337406,40793683051,2024-09-04 06-40-31,64.130.19.239,-737087517,internet,119.65.69.75,489393299,1709631614,240,2
huawei,-63,226059550598444,40751707451,2024-09-04 06-44-15,12.124.76.188,-433132879,internet,15.55.225.80,1287431343,-1481463637,23700,58
huawei,-100,226057143858894,40717240085,2024-09-04 06-40-47,219.136.126.2,898612963,ims,108.199.223.103,189114865,-66755601,-28437,3
huawei,20,226052463871394,40793940646,2024-09-04 06-41-53,44.82.66.22,-91308459,ims,148.12.57.145,-284130792,924268606,31125,37
huawei,-11,226057318654050,40749796845,2024-09-04 06-40-08,25.162.204.255,57134140,ims,31.159.175.118,-266129066,-4516642,-12971,78
huawei,-3,226059559217141,40730192013,2024-09-04 06-43-12,217.57.129.228,-554726222,internet,254.195.183.174,-823244862,237189516,11162,-61
huawei,-104,226050484874413,40714617284,2024-09-04 06-43-50,140.77.16.158,782595258,ims,41.253.105.123,204841441,1842503689,28886,-120
huawei,-79,226054827949722,40748465543,2024-09-04 06-42-36,56.129.86.248,-1722535363,internet,18.49.253.202,-2025445552,-1320520340,1430,42
huawei,23,226052822241052,40778398020,2024-09-04 06-43-50,240.166.202.116,1940022684,internet,255.232.10.169,307368532,1757941269,4348,54
huawei,-78,226053334994885,40758261874,2024-09-04 06-44-47,183.91.59.170,-1413449203,internet,241.195.100.138,-249061720,-1950396415,16079,-4
huawei,20,226054168041844,40795785768,2024-09-04 06-44-27,88.236.85.74,1868744743,ims,127.117.182.226,2079028108,1625153982,28468,-95
huawei,-58,226057560390717,40741738613,2024-09-04 06-44-12,26.224.63.232,-1751249309,internet,146.116.211.160,635742674,-378950352,-435,94
huawei,30,226054018539058,40772424102,2024-09-04 06-42-57,56.98.127.45,525956771,ims,134.97.218.3,-374139224,-298706530,-30944,61
huawei,-104,226051386194685,40715631186,2024-09-04 06-40-02,242.57.2.89,-1497919195,ims,61.177.153.64,614573831,2015035874,-28722,-23
huawei,118,226058741506071,40734712161,2024-09-04 06-41-18,85.6.22.9,-1277264856,ims,42.115.68.79,-1473059407,-618387127,-18025,-98
huawei,-128,226056418332260,40710178898,2024-09-04 06-41-55,95.194.8.206,1997219603,ims,202.83.249.208,697025117,1806976539,-1554,-19
huawei,39,226051425378889,40790746448,2024-09-04 06-44-20,38.172.91.90,404092794,internet,76.101.15.64,-1563141712,-817866980,538,42
huawei,106,226052135799672,40798866502,2024-09-04 06-41-31,95.24.126.254,1025922633,ims,101.167.59.145,-1486841648,-1476238687,4119,-81
huawei,93,226055249893676,40733858052,2024-09-04 06-43-24,176.88.87.208,1110043511,ims,137.150.95.103,-845911856,1284260416,18363,4
huawei,-98,226056533511590,40723738191,2024-09-04 06-40-38,77.129.122.111,-1168971249,internet,129.98.212.74,1712365750,1419528766,-4538,2
huawei,-116,226056108589070,40709786042,2024-09-04 06-44-27,186.92.18.179,524115470,ims,58.82.37.40,1259704559,-1622573355,10160,-115
huawei,28,226058938509842,40711823060,2024-09-04 06-42-12,153.144.215.86,1182235322,ims,122.50.239.166,439631005,-811044549,-26891,24
huawei,124,226052691426794,40788769482,2024-09-04 06-44-22,102.180.76.234,157277985,ims,97.58.108.199,-1358021363,1091512781,29934,52
huawei,91,226056728978760,40751328178,2024-09-04 06-43-48,172.60.129.130,-1412084639,internet,69.249.99.50,2060016210,2088658130,-16627,-93
huawei,-113,226052616999070,40721819935,2024-09-04 06-42-57,161.100.8.69,1409479350,internet,23.204.167.132,1187716453,674330962,20004,127
huawei,8,226055577502237,40708686377,2024-09-04 06-44-26,70.84.205.238,582715678,internet,149.153.150.126,1048344262,-1311916031,1033,44
huawei,-27,226052606282160,40770815885,2024-09-04 06-42-58,77.81.183.57,-686486283,internet,93.67.156.186,-336450535,-2016249893,-27012,98
huawei,29,226057210923640,40776100660,2024-09-04 06-44-51,247.187.210.131,-325453059,ims,24.108.121.47,-587332293,975343341,-1821,125
huawei,-85,226058626943348,40752424997,2024-09-04 06-41-23,173.33.204.188,1857119011,ims,224.45.1.42,871329448,2115062559,29324,-81
huawei,-106,226058133810159,40727116970,2024-09-04 06-40-26,50.194.37.20,1842082941,internet,19.57.19.117,-1834665009,-358865927,24036,98
huawei,106,226059513983695,40781800048,2024-09-04 06-44-24,110.237.23.189,1937018483,internet,246.230.77.238,563132353,-1137778572,-21429,-76
huawei,93,226051268874024,40766467424,2024-09-04 06-44-10,40.119.211.241,1069636472,internet,227.171.116.65,1987398142,1710969429,152,-37
huawei,-24,226056144415659,40737779195,2024-09-04 06-40-48,35.205.0.34,64210571,internet,208.47.135.189,83823209,408372584,-191,-97
huawei,-64,226056936070301,40799400167,2024-09-04 06-44-06,60.178.40.57,-232829731,ims,134.254.127.112,681206436,581849514,-10351,-54
huawei,83,226050581177383,40783978383,2024-09-04 06-40-08,95.7.99.215,-24618798,internet,154.182.244.201,-618191564,1997425615,24665,32
huawei,84,226053609868700,40778259842,2024-09-04 06-44-36,143.49.156.51,-814908363,ims,248.191.129.91,-924114308,1262416525,6547,-14
huawei,-25,226053696327299,40724592656,2024-09-04 06-40-49,20.158.53.249,1682677670,ims,175.177.35.23,-1981341572,-1976773700,19183,-95
huawei,102,226051000464281,40726002283,2024-09-04 06-41-12,166.126.231.158,1768465448,internet,101.209.169.156,-337482660,-466409184,22339,-58
huawei,-55,226051746323067,40752186355,2024-09-04 06-44-26,134.108.9.134,522558799,ims,89.254.6.24,1190120610,519370112,15073,63
huawei,53,226059387714234,40776529906,2024-09-04 06-40-14,228.154.137.56,987520517,internet,227.4.86.112,-306392837,292939370,18505,-22
huawei,112,226057475137085,40797394635,2024-09-04 06-42-35,71.254.42.68,-486364039,internet,241.12.13.48,-1828952742,-1638892802,1306,-15
huawei,68,226050702149778,40714855904,2024-09-04 06-43-01,222.241.215.52,-209794923,internet,131.251.132.107,499027372,-1787011536,24704,113
huawei,67,226050612381952,40766005397,2024-09-04 06-43-02,162.153.3.3,1392542294,ims,202.138.236.220,-830449477,-118812119,-10398,87
huawei,51,226057702056164,40740369917,2024-09-04 06-41-03,56.133.46.76,918557766,internet,229.113.97.249,-1269109160,95042156,1463,65
huawei,-102,226053806896654,40781134568,2024-09-04 06-42-07,202.185.240.72,2023623692,internet,187.95.5.191,803913267,-2023509942,25989,-18
huawei,0,226050842365409,40767614144,2024-09-04 06-41-07,37.59.229.196,1118806054,internet,242.45.8.74,-1426954819,-808835825,-22824,57
huawei,126,226053936045242,40770538297,2024-09-04 06-44-43,69.200.122.29,1891438626,ims,64.153.62.95,1334417391,-925952828,-4801,46
huawei,-111,226056825844122,40714877009,2024-09-04 06-40-33,131.33.46.202,793860060,internet,89.255.155.76,699891179,-1330315933,9513,-93
huawei,-109,226058874866256,40797552402,2024-09-04 06-40-39,66.159.170.173,338127219,ims,198.52.25.57,-1857266114,-1088526916,-17763,-107
huawei,-34,226055122881979,40716710804,2024-09-04 06-41-19,169.144.240.195,854712872,ims,12.173.249.151,-2097773044,-1336103444,-3473,-58
huawei,114,226055998087186,40758231855,2024-09-04 06-43-56,70.1.174.26,1710034429,internet,253.76.237.18,1461511738,-586392173,13620,3
huawei,92,226050887644803,40733795325,2024-09-04 06-44-20,84.237.228.141,-1504669494,ims,174.62.158.66,1751570940,-1020766833,7082,-93
huawei,-66,226059173247086,40748345213,2024-09-04 06-43-05,116.243.75.16,1096617847,internet,84.157.65.213,-1164559154,2061450249,-4932,104
huawei,-37,226057858840826,40782761805,2024-09-04 06-42-37,12.34.60.79,2077506647,ims,138.127.90.177,1012112286,1042065416,17531,86
huawei,-30,226059084519176,40708729815,2024-09-04 06-43-36,26.244.74.215,-164608372,ims,47.88.86.210,-188636147,1463927740,29,-52
huawei,-111,226052322222539,40706404093,2024-09-04 06-43-50,101.179.100.222,-1439423754,internet,200.215.208.238,-1273369409,-414178417,-6068,-39
huawei,73,226052933167510,40741833685,2024-09-04 06-43-22,16.133.31.0,-402199668,internet,197.88.161.253,1091039213,651952319,22449,43
huawei,80,226055862742297,40752550344,2024-09-04 06-41-53,171.40.243.16,-1688731167,ims,146.127.222.56,1999255558,-724433598,20306,22
huawei,-31,226052578562400,40717947328,2024-09-04 06-42-48,235.22.28.190,-946145369,internet,144.135.19.233,-356624338,-2078096589,-29333,-4
huawei,102,226050281628314,40720714597,2024-09-04 06-41-39,78.140.71.163,2130675213,ims,170.98.92.91,-710980274,-1923618846,-21524,8
huawei,-55,226050633671148,40767299463,2024-09-04 06-41-12,12.55.117.86,-7581356,internet,47.33.199.1,-1313657122,-2058162020,-24689,-28
huawei,115,226050676687292,40757496770,2024-09-04 06-40-20,83.152.60.56,-550115506,ims,130.27.129.84,-748440144,1203284829,23306,93
huawei,17,226056926615173,40737318640,2024-09-04 06-43-42,19.123.51.144,-1039044975,ims,18.193.116.23,1534627234,266100758,-32405,62
huawei,-87,226051698419724,40767763885,2024-09-04 06-40-36,101.219.220.14,-778860904,ims,145.147.142.249,901922875,1715631960,11293,89
huawei,-73,226058272912270,40769137439,2024-09-04 06-40-24,26.129.16.229,238289880,internet,22.249.108.238,-189344709,-343582664,-26240,-118
huawei,20,226056113632922,40799147540,2024-09-04 06-40-48,4.244.105.180,1414931357,ims,225.133.166.180,-1022105097,1059802843,-28784,-106
huawei,111,226057311949797,40708043962,2024-09-04 06-40-28,57.72.79.251,-1290726663,internet,74.176.181.53,1638393140,-699573686,30431,-65
huawei,-118,226058213307089,40702944158,2024-09-04 06-40-02,232.28.61.203,1948842842,ims,206.38.223.110,477173987,375840132,-4897,73
huawei,-78,226050672054295,40781745164,2024-09-04 06-41-17,35.22.23.132,-159379563,ims,171.29.29.199,-34395187,1740570181,-11703,118
huawei,-84,226054860222095,40750788621,2024-09-04 06-42-01,4.209.238.14,1822075521,internet,227.34.251.224,82646139,2137396392,16521,64
huawei,-56,226051805426301,40761465005,2024-09-04 06-42-09,191.18.178.24,-2064427353,internet,125.173.111.41,1984903118,-1863722721,-5104,-42
huawei,-95,226057799931655,40798354776,2024-09-04 06-43-36,145.224.82.14,-575569097,ims,160.77.53.32,1541778862,-602904214,-24910,-75
huawei,60,226053706505424,40748832924,2024-09-04 06-42-35,170.116.182.174,1722589705,internet,75.84.91.208,-1336046253,2073799719,-27605,-62
huawei,79,226059574129287,40719368893,2024-09-04 06-40-09,8.179.158.155,1294601873,ims,142.56.112.97,366027246,-344156867,-32140,54
huawei,50,226058462310249,40751177240,2024-09-04 06-42-48,135.27.191.89,-1486492126,ims,136.96.216.33,775590390,-1810530205,8522,89
huawei,-9,226053290630855,40775376604,2024-09-04 06-43-44,20.177.145.201,1446924999,internet,242.226.65.93,1361879775,638079135,-30739,-100
huawei,-12,226057245599499,40794806078,2024-09-04 06-40-31,48.131.130.250,1380481444,internet,187.164.145.101,2082415621,-967102515,17558,-46
huawei,-112,226057057066917,40785384268,2024-09-04 06-40-27,85.163.204.158,1936691731,internet,254.55.127.180,-596972325,34972184,26409,93
huawei,15,226057701316088,40751454421,2024-09-04 06-43-32,64.55.51.154,1345453483,internet,155.115.72.35,132037870,1258550131,17540,59
huawei,-38,226058083108549,40701841752,2024-09-04 06-42-09,59.150.188.39,997271555,ims,213.244.173.93,-368237656,39628960,30520,-61
huawei,98,226055291177714,40787037947,2024-09-04 06-42-04,139.109.245.16,2020090679,ims,97.132.4.155,-857343215,1136759390,25271,28
huawei,-117,226058584503845,40797649354,2024-09-04 06-43-17,18.218.0.81,-903517516,internet,187.237.212.36,120362423,515032665,7525,-18
huawei,-73,226052237053227,40791767834,2024-09-04 06-40-53,195.17.145.132,1565483993,internet,197.89.79.210,-1653044491,-633541602,161,116
huawei,-118,226054399886733,40727364764,2024-09-04 06-42-45,81.78.12.27,399356330,internet,125.92.169.116,595063544,-817690787,-20761,-21
huawei,-42,226053477854639,40786555477,2024-09-04 06-42-30,45.136.43.173,719686144,internet,206.233.54.79,-506888776,1862555490,-12985,-7
huawei,-84,226051302717208,40704951767,2024-09-04 06-40-57,202.242.122.130,-319468943,ims,182.2.113.115,1912951750,-1067145330,-29783,72
huawei,-36,226052464444898,40748424808,2024-09-04 06-42-39,39.113.164.44,-688500134,internet,144.97.128.245,1814359001,-264164021,-16348,118
huawei,86,226055188328222,40733541126,2024-09-04 06-42-53,196.173.91.129,-1395320181,ims,186.81.45.15,426658085,-1307418463,27381,-32
huawei,-20,226058255782519,40797962215,2024-09-04 06-43-53,83.203.167.243,246154525,ims,180.175.173.213,-2131644947,-267135565,-23658,-28
huawei,39,226057203467501,40737566252,2024-09-04 06-44-34,52.24.239.144,1517456102,ims,236.62.103.209,34361621,-997152162,-11469,-44
huawei,69,226056723637350,40742102345,2024-09-04 06-41-46,133.147.112.51,-223590927,ims,75.89.196.216,-481155721,802161748,-6741,-26
huawei,70,226055206736723,40700886081,2024-09-04 06-43-35,115.201.224.160,-699809084,ims,221.142.62.246,914973263,212898964,-29334,25
huawei,114,226056096099171,40705969563,2024-09-04 06-43-44,14.89.67.36,-19761373,ims,108.94.253.28,-442137026,-1679587348,-20244,-15
huawei,-115,226057553538045,40705393454,2024-09-04 06-44-14,16.153.213.19,-1504531283,internet,216.154.255.195,251888615,-496905800,-2559,21
huawei,-58,226055576207668,40725211218,2024-09-04 06-44-19,83.69.219.154,-1523501512,ims,121.39.235.0,-537905649,-6830099,19095,-9
huawei,83,226052309101681,40720421943,2024-09-04 06-41-52,124.140.50.203,-313524480,ims,175.243.73.84,-2113787140,-1332138103,-18077,-18
huawei,-90,226057695194733,40740521865,2024-09-04 06-40-53,19.21.236.37,393156640,internet,223.121.9.3,504460616,-1840092201,1686,-126
huawei,118,226058728785447,40748566208,2024-09-04 06-40-02,173.111.123.42,-1442719412,ims,137.154.173.202,-326952537,-1089661641,27080,-34
huawei,-65,226059984743922,40797080034,2024-09-04 06-42-32,121.77.131.209,-1347078900,ims,89.36.66.198,-168310379,-130818955,-5895,-29
huawei,-34,226054116408640,40776500033,2024-09-04 06-42-38,3.61.253.171,475740223,ims,167.177.231.119,-524975762,30150164,-6031,19
huawei,115,226050738575352,40787400119,2024-09-04 06-44-09,214.184.7.97,-667832520,ims,207.168.20.162,-36388721,-602104252,13688,116
huawei,41,226051682383931,40787066713,2024-09-04 06-43-13,228.20.202.235,-850358191,ims,105.130.182.49,290713776,115388427,9655,33
huawei,-114,226050686126185,40711431235,2024-09-04 06-40-58,229.184.76.120,-743884857,internet,186.28.239.22,-1966372893,673786796,1974,-82
huawei,6,226058304243689,40773236973,2024-09-04 06-42-37,205.242.252.171,-369047875,internet,219.246.28.132,-1626533695,1973840193,-31969,108
huawei,-17,226058734623103,40761993646,2024-09-04 06-41-36,188.124.127.242,-147096460,ims,195.130.105.7,-344028696,-549661498,18832,26
huawei,-64,226059892301709,40781777000,2024-09-04 06-43-02,11.252.83.250,-1847212526,internet,201.196.67.192,1581615578,-1963391413,4004,-97
huawei,-88,226053142996038,40741677136,2024-09-04 06-42-54,13.140.82.137,483535405,internet,83.109.23.51,-141133718,-251486085,-14843,-112
huawei,102,226055895990831,40748821985,2024-09-04 06-42-54,110.133.28.62,-925145386,ims,128.183.90.159,1162682188,194658613,-18769,-83
huawei,-101,226058843130898,40776220015,2024-09-04 06-43-43,229.62.48.49,1310996240,internet,130.54.197.234,-644455290,-87523006,-11108,103
huawei,58,226057379193147,40712511533,2024-09-04 06-43-29,24.77.133.49,843932761,ims,44.204.140.147,267036250,200423232,7451,-55
huawei,86,226052185929219,40797550334,2024-09-04 06-40-16,16.107.240.250,1489452765,ims,210.247.90.84,252968997,1305963367,10286,96
huawei,-17,226058609565636,40795729431,2024-09-04 06-43-51,15.70.70.21,-1453722080,ims,171.123.105.244,-678933905,-67438461,21186,125
huawei,30,226051770472198,40743628357,2024-09-04 06-41-17,111.135.23.196,1582713994,ims,17.207.181.43,-815593194,1845130187,26337,59
huawei,95,226054687879205,40753920797,2024-09-04 06-44-13,63.35.238.197,1224494686,ims,53.239.209.71,695418139,2098531604,19264,2
huawei,60,226051886352937,40749604827,2024-09-04 06-42-09,11.149.171.232,327529720,ims,61.144.158.250,-2028227563,1597791762,-29223,94
huawei,28,226057493067560,40723928811,2024-09-04 06-40-43,191.83.206.214,-1881189727,ims,86.147.112.133,847073436,2140263420,-26902,-23
huawei,-79,226052280214398,40702701923,2024-09-04 06-41-32,39.80.181.13,1878445898,internet,223.206.217.102,-922036112,1825028847,15645,-13
huawei,80,226052610096030,40700581397,2024-09-04 06-43-27,126.241.170.82,-516801228,internet,251.66.165.203,424329571,824382838,2777,121
huawei,65,226056306308818,40734996032,2024-09-04 06-42-27,190.100.191.242,-1258828557,internet,122.172.195.211,-764757451,-1148753108,305,-6
huawei,-74,226054832799753,40711587679,2024-09-04 06-40-46,122.174.118.245,767315402,ims,178.39.174.233,254403802,164392127,-3255,-84
huawei,-6,226056510417725,40718119078,2024-09-04 06-40-24,89.51.70.107,-1860356009,ims,107.41.15.254,-1414145080,-724154325,19713,3
huawei,-20,226054626973741,40705929720,2024-09-04 06-43-45,59.183.155.2,1188324336,internet,165.26.1.124,1548610299,-389152170,8615,-63
huawei,51,226052305047185,40715180881,2024-09-04 06-43-54,193.119.230.25,-132449281,ims,70.13.163.96,-581318281,1914908262,20733,-29
huawei,41,226050813605414,40739596732,2024-09-04 06-45-00,177.218.91.98,-1263626013,ims,81.140.40.89,620525346,1154588605,-31707,-56
huawei,108,226058553312005,40748748199,2024-09-04 06-43-03,233.25.252.163,378069132,internet,206.165.123.230,-1242952176,342187018,-19197,-14
huawei,47,226059179278812,40794613178,2024-09-04 06-43-37,254.29.63.0,-1181897097,ims,164.247.78.175,1519826149,-1911333272,32686,97
huawei,-38,226050905414603,40737882150,2024-09-04 06-40-56,123.173.29.237,-912675844,ims,8.58.219.219,803749287,-986762317,14582,68
huawei,-104,226055136730729,40707278912,2024-09-04 06-43-17,119.251.196.145,2056896577,internet,104.159.33.23,961641127,1788807653,-7255,-86
huawei,94,226057261810137,40757641165,2024-09-04 06-40-41,78.38.106.147,-1077482302,ims,201.146.22.72,-2126183679,14457445,-24910,109
huawei,93,226057613988244,40783966070,2024-09-04 06-40-15,241.176.8.60,163118022,ims,243.3.105.133,-1414335394,658460054,5187,-83
huawei,-40,226053693697969,40709889809,2024-09-04 06-43-09,103.201.235.107,-1185431161,internet,89.144.251.63,2120350021,-666897310,29899,68
huawei,-6,226050853313349,40726903177,2024-09-04 06-40-08,205.217.168.231,950079918,ims,137.197.167.184,1857588536,-1136146167,-9976,12
huawei,82,226056458673586,40711312173,2024-09-04 06-43-29,249.173.208.1,1300432081,internet,85.143.199.199,126263269,-210725009,-18451,-81
huawei,15,226053401855603,40767972364,2024-09-04 06-43-11,87.116.235.112,-808656439,ims,170.253.50.120,1812914632,1201176555,-2208,-125
huawei,41,226053838366845,40717592446,2024-09-04 06-43-18,253.33.186.237,-2144625928,internet,155.67.230.126,804123727,-1958896107,-32203,-90
huawei,77,226053906351475,40791583212,2024-09-04 06-44-42,187.215.176.103,381147553,internet,226.4.231.202,-1445115026,1266412075,-17790,40
huawei,43,226051997870423,40735580914,2024-09-04 06-43-58,10.31.61.160,1854754150,ims,163.164.158.146,-1126606615,214410579,25935,-107
huawei,108,226055809248238,40796561741,2024-09-04 06-44-54,81.127.132.107,-2110292925,ims,6.33.239.187,1092553490,1808033523,15667,7
huawei,33,226051963757108,40774815936,2024-09-04 06-42-18,85.229.23.158,1496267744,ims,106.190.34.206,1927151788,2068910597,-5642,18
huawei,44,226050653012154,40750775537,2024-09-04 06-40-40,138.227.241.113,-1326566270,internet,242.185.113.176,829965869,1984655394,28108,-104
huawei,-123,226057385210925,40784505306,2024-09-04 06-44-21,235.210.54.72,-1361229092,ims,184.109.72.65,-829681589,-719320463,18874,-125
huawei,115,226051506373083,40787985465,2024-09-04 06-42-37,18.97.232.44,-1927442708,internet,61.37.244.128,-189999166,1755543706,-13482,-2
huawei,-75,226050254097950,40726193117,2024-09-04 06-41-30,43.53.153.225,308802544,ims,253.94.31.41,1984947825,1733545602,20140,-119
huawei,46,226052189575071,40736187108,2024-09-04 06-42-32,245.136.227.15,527190459,internet,174.42.212.79,-1516147518,319851717,-18818,-125
huawei,97,226056763883315,40767531580,2024-09-04 06-41-45,72.13.208.31,619565389,internet,198.12.88.70,1559913360,431094726,-13293,-36
huawei,-95,226058797644289,40793017445,2024-09-04 06-41-50,70.174.232.27,-1704719650,internet,255.31.164.185,253006726,-701632427,-1314,22
huawei,-95,226056322895286,40745798352,2024-09-04 06-44-24,143.21.109.89,1255553192,ims,176.86.233.211,1320462378,393610663,-2889,47
huawei,-122,226050716633084,40788692784,2024-09-04 06-40-43,11.47.171.201,-862534398,internet,54.146.200.185,1683602167,1807595142,-14892,-110
huawei,75,226056107148802,40729573419,2024-09-04 06-40-52,252.148.221.109,-1961103007,ims,141.122.250.52,-226205652,-1448704039,28093,-52
huawei,83,226051566834493,40756872101,2024-09-04 06-44-16,114.239.17.58,658829518,ims,90.33.159.160,-747693254,177874278,-10457,-51
huawei,11,226059139845098,40751807554,2024-09-04 06-41-26,9.203.9.24,249267744,ims,224.119.249.214,-294387196,1521085451,17052,-12
huawei,-7,226053885375609,40722986227,2024-09-04 06-40-08,206.248.239.151,1624672393,internet,126.140.172.89,-1150755059,-1231528935,1427,-82
huawei,-107,226055885924691,40772663010,2024-09-04 06-40-24,139.35.213.35,-1594188448,internet,118.31.227.240,1062589910,2041414650,-11357,-70
huawei,48,226051513510187,40760223830,2024-09-04 06-44-16,18.34.27.128,-1022278731,ims,205.115.118.228,1018528609,-895208136,-8964,-119
huawei,-68,226051135974567,40750477947,2024-09-04 06-41-55,56.118.14.174,-1799016651,internet,149.164.136.16,-665993552,963312689,23645,94
huawei,-114,226051070953916,40735803866,2024-09-04 06-43-11,232.227.173.125,-1402966881,ims,80.90.52.166,-1044558063,1398279978,-228,41
huawei,-39,226054247198103,40772668074,2024-09-04 06-43-48,2.92.145.148,-1933746349,internet,162.226.127.76,188976808,1444778212,-26059,-24
huawei,46,226053380188777,40778127976,2024-09-04 06-42-35,185.242.244.66,665365915,internet,180.36.239.144,2037905876,-688410623,-23420,77
huawei,65,226059564423638,40788095756,2024-09-04 06-44-52,44.255.31.66,-163486339,internet,2.100.88.150,-105956536,-1183756451,-16757,127
huawei,-125,226052709372862,40778976241,2024-09-04 06-42-49,184.92.142.220,263946482,internet,98.77.181.74,-831695159,-2038520583,-30160,65
huawei,-41,226055505922620,40775335942,2024-09-04 06-42-03,8.243.5.4,2114270058,internet,150.40.216.123,-404041817,823934862,-31905,-80
huawei,47,226052973970864,40780255004,2024-09-04 06-40-18,49.15.52.44,-2023401721,internet,127.186.196.78,170105000,-273046299,10569,28
huawei,3,226054444608839,40798114367,2024-09-04 06-40-32,174.98.43.76,1588448505,ims,74.100.205.12,173573066,-437205826,6874,-27
huawei,-110,226058428839221,40799098653,2024-09-04 06-43-25,171.8.255.190,-1014995568,internet,219.18.6.175,-387123871,-80133768,21535,47
huawei,-79,226052455852891,40743489709,2024-09-04 06-43-41,65.147.236.219,124325281,internet,4.128.224.144,832711908,-888257751,867,-123
huawei,-113,226059868145694,40707777751,2024-09-04 06-42-52,128.245.19.69,-528718311,ims,8.239.75.37,-548882661,-1336337125,15450,57
huawei,23,226056840452020,40761245238,2024-09-04 06-41-32,74.4.190.1,-995723519,internet,60.169.197.110,-524648066,1766446656,-22333,-92
huawei,68,226054708068212,40729934908,2024-09-04 06-41-37,136.45.125.17,523455761,ims,158.59.242.188,-1322643017,1655107263,31637,-103
huawei,-117,226057628462714,40744944256,2024-09-04 06-41-04,239.28.145.175,804051265,internet,250.231.57.246,261635000,25240744,1808,-121
huawei,24,226053015812885,40718159573,2024-09-04 06-41-32,170.62.19.116,1093319101,ims,92.168.63.56,-1107550878,-474307995,15289,-103
huawei,97,226053262489525,40764046419,2024-09-04 06-41-01,244.177.115.196,1763512772,internet,147.50.133.148,-1319016225,2094969757,28735,-83
huawei,-8,226059701085115,40786231778,2024-09-04 06-42-48,135.33.66.9,2142889945,ims,50.117.134.50,1414058698,1962621376,20882,-23
huawei,74,226058977050439,40769127517,2024-09-04 06-44-29,26.64.217.123,411118634,ims,31.26.50.5,-520411118,1219553276,11343,61
huawei,38,226058744021153,40740433635,2024-09-04 06-40-21,124.213.55.139,785006086,internet,173.145.78.116,1597723649,-1659749296,29358,-78
huawei,93,226055278323864,40799522807,2024-09-04 06-42-37,220.98.246.134,-995464103,ims,149.59.240.18,1551980873,-941498302,3543,-19
huawei,119,226058438504890,40717786197,2024-09-04 06-44-16,37.152.51.146,888427355,ims,184.52.157.112,-466095848,-174500858,11228,60
huawei,74,226051040620432,40795108785,2024-09-04 06-44-12,177.218.224.184,-666937772,ims,171.192.251.122,-1052009665,-843473646,29374,106
huawei,127,226059884035704,40788307983,2024-09-04 06-40-51,115.245.18.98,1651755964,ims,158.138.19.17,-159141645,-907922964,-14690,68
huawei,-44,226051431263384,40758351461,2024-09-04 06-42-22,92.20.194.83,1352109404,internet,182.253.108.95,-397304154,2098772840,1345,58
huawei,-28,226053275287320,40754528035,2024-09-04 06-44-59,4.15.220.99,1212025295,internet,152.145.0.221,659266268,595016905,-18800,62
huawei,15,226057544882466,40712195603,2024-09-04 06-43-51,114.226.209.104,1075769055,internet,156.83.178.140,1679512751,-281545435,17651,-124
huawei,73,226058146826278,40759408805,2024-09-04 06-41-33,204.196.172.47,-893345893,internet,111.144.59.52,-2083784479,-1226894956,-6876,108
huawei,125,226051646502839,40790533272,2024-09-04 06-44-30,167.168.211.108,-46839298,ims,108.221.177.73,229408393,-881645971,-8684,108
huawei,-117,226059596728743,40715089974,2024-09-04 06-44-07,233.61.49.28,1209381941,internet,239.212.218.50,-1896602484,1779910104,25115,-1
huawei,-103,226050320024614,40744279592,2024-09-04 06-41-38,105.219.125.66,-46496448,internet,130.59.198.39,229599406,-555648400,-11656,-117
huawei,48,226051741542417,40785001659,2024-09-04 06-43-56,40.120.41.118,1505084840,internet,17.75.184.109,645358594,911817885,21390,-55
huawei,-86,226051047845743,40772277619,2024-09-04 06-41-03,60.137.139.211,2049950440,internet,216.30.218.86,-706826510,-609595445,17984,89
huawei,-21,226050638627726,40786851755,2024-09-04 06-44-05,224.79.46.148,1242669635,ims,45.35.57.185,934783308,1361818036,26880,-113
huawei,-31,226050795379126,40799310258,2024-09-04 06-42-03,79.62.222.138,-336124478,internet,178.134.95.74,-787709655,61468955,6098,76
huawei,34,226058598293566,40795896812,2024-09-04 06-44-35,146.65.84.86,2013715160,ims,15.227.155.72,-801821028,2112469488,14129,-55
huawei,-71,226054165224900,40719851713,2024-09-04 06-44-06,92.164.234.68,1618351856,internet,158.226.126.165,-470151543,-1455843249,-13041,120
huawei,23,226052438032418,40750193398,2024-09-04 06-44-22,23.29.164.230,-683547104,ims,106.118.109.118,1903182741,590413817,18383,-76
huawei,113,226056299775628,40736270063,2024-09-04 06-43-50,202.36.3.135,-616467300,internet,67.187.6.199,915695332,755304518,16062,-108
huawei,5,226057247104262,40759239757,2024-09-04 06-42-04,89.200.218.121,1289154001,ims,237.205.24.134,-1463226169,1269055388,20534,59
huawei,-31,226055439197893,40788390063,2024-09-04 06-43-23,95.140.139.83,-1555403252,ims,36.161.47.71,1261186137,-1031245645,-21147,118
huawei,67,226051449489885,40751221585,2024-09-04 06-43-56,61.205.79.145,-1126198106,internet,209.52.26.153,627980450,1852013748,12730,-127
huawei,-96,226055141526373,40701336066,2024-09-04 06-41-39,12.33.23.114,-924465936,ims,199.155.37.204,-280532861,547035331,31541,-56
huawei,26,226056714260647,40779345871,2024-09-04 06-40-59,183.12.19.81,1839387283,ims,231.70.149.166,-538368797,181841615,24680,-29
huawei,-6,226050354680457,40769839452,2024-09-04 06-42-24,88.122.14.43,-956339613,ims,124.255.181.9,322487558,-479335320,5267,34
huawei,70,226050769613349,40759981082,2024-09-04 06-42-06,99.113.140.166,-2005176941,ims,245.210.43.15,-906531574,-1244817097,-30320,59
huawei,-100,226050969122647,40723621807,2024-09-04 06-44-49,158.223.38.227,383510158,ims,231.69.21.231,1633591837,-649813271,2407,-98
huawei,-27,226057358106005,40703242691,2024-09-04 06-41-34,174.85.192.199,1959902652,internet,208.68.31.230,-274635686,335551111,31695,38
huawei,-96,226059699421037,40709030662,2024-09-04 06-41-18,62.30.255.198,-861237993,internet,96.170.148.15,-1466701153,-852330250,2640,120
huawei,-58,226052785828864,40700232479,2024-09-04 06-41-45,100.39.190.72,1357455306,internet,75.121.249.79,-22985024,1477161989,-6586,74
huawei,-2,226056296155578,40786818838,2024-09-04 06-43-04,47.120.254.23,1838766919,internet,228.3.141.134,866792014,1567305807,16780,74
huawei,-97,226050071909906,40746222261,2024-09-04 06-43-09,161.168.129.90,-1938554282,internet,229.201.254.34,-660031720,-497672915,-24889,47
huawei,72,226055497553143,40715349037,2024-09-04 06-42-01,100.219.209.221,731290229,ims,224.78.244.99,1100681507,-2098729957,-19593,-82
huawei,14,226057645638621,40763385959,2024-09-04 06-43-48,184.139.200.108,1407041014,ims,42.58.182.197,1016282942,386835484,18390,-10
huawei,43,226054586066501,40746634025,2024-09-04 06-41-00,38.182.120.135,-1884986363,internet,38.9.224.219,1022126070,-669823501,-21576,-121
huawei,2,226051280314733,40763334677,2024-09-04 06-41-10,125.34.151.170,-1213897587,internet,219.22.55.78,-1481499230,649776167,-26072,31
huawei,81,226055824833462,40766598523,2024-09-04 06-44-30,251.150.44.78,38282218,internet,128.5.119.125,-1094095556,1090338023,3711,-74
huawei,-31,226056474103332,40794667467,2024-09-04 06-44-01,252.246.194.161,1360273957,internet,86.131.33.140,52557000,180490329,-9774,27
huawei,52,226056936274842,40730455970,2024-09-04 06-40-28,170.33.114.21,-980299059,ims,88.123.236.174,915555224,-605786735,12635,41
huawei,-120,226058539666581,40792252472,2024-09-04 06-44-31,2.215.23.182,-1824415632,ims,10.42.36.198,-1876342843,1928862614,308,-74
huawei,-25,226052041987823,40799079234,2024-09-04 06-44-51,84.35.49.223,1657725566,internet,182.255.112.220,-72233965,566522344,-32110,19
huawei,8,226056986556564,40782040655,2024-09-04 06-43-16,249.48.159.245,1060660371,internet,210.141.3.90,-1042628702,-1518271120,15706,84
huawei,-104,226051054561822,40727764982,2024-09-04 06-42-46,39.94.32.181,850863755,ims,187.143.228.23,177673989,237962821,25889,-60
huawei,-123,226057900076923,40710624397,2024-09-04 06-42-12,119.10.36.251,2011631826,ims,65.226.166.21,510882541,-1204811857,-6978,-23
huawei,-50,226053853111240,40771371219,2024-09-04 06-43-08,103.16.31.167,1660346438,ims,25.217.31.166,344073116,908689011,3477,-50
huawei,100,226053460318887,40797809006,2024-09-04 06-41-33,78.171.64.144,222403826,ims,136.54.67.82,-1238037653,-1677028481,-23298,-117
huawei,-99,226050910311810,40704799031,2024-09-04 06-42-07,100.248.67.63,2030906229,internet,52.73.181.49,1412669024,-8059825,12577,-67
huawei,-51,226055531492399,40796155092,2024-09-04 06-40-27,213.100.216.254,767524631,ims,162.198.125.78,-751557622,1206967102,13094,-82
huawei,-87,226059141660429,40728124857,2024-09-04 06-43-30,151.231.210.55,-1155582271,internet,193.32.95.142,529782181,627082796,20627,41
huawei,-27,226051857006943,40715106306,2024-09-04 06-41-14,131.47.65.66,-1721906593,ims,125.199.81.157,848725232,1090311593,1206,-104
huawei,-82,226051207929520,40777927150,2024-09-04 06-43-16,152.4.94.80,-526192598,internet,166.221.42.20,-1795012910,-202884234,-21137,-125
huawei,-93,226059092525507,40782278332,2024-09-04 06-41-30,76.121.102.251,2086014925,internet,126.254.170.162,-1784049237,-1395193878,10391,-107
huawei,117,226053559277562,40761399342,2024-09-04 06-43-47,205.143.49.128,-1868412579,ims,195.218.80.207,105569790,2022423488,22269,-125
huawei,101,226057605910653,40748829557,2024-09-04 06-43-25,107.156.87.143,-1255637794,internet,174.93.163.91,-90049955,615669777,-9401,-15
huawei,-58,226054410719803,40709306335,2024-09-04 06-44-25,213.250.211.51,706019022,internet,234.220.204.205,2142792565,-1058390946,21082,88
huawei,63,226058735327570,40796083211,2024-09-04 06-44-07,105.120.135.13,-129996918,ims,249.206.110.143,1546183571,-805619603,17414,-79
huawei,-52,226053379890360,40770477832,2024-09-04 06-44-58,109.21.123.36,1714910430,internet,228.110.0.58,1464166629,-913873813,-27235,91
huawei,99,226056486616798,40787881959,2024-09-04 06-44-49,99.69.108.225,-305023890,internet,203.182.103.173,347618205,-1233820904,-5487,100
huawei,118,226059566214461,40744511586,2024-09-04 06-42-22,63.147.49.55,1816686538,ims,60.254.56.231,1947043848,792703692,11276,119
huawei,37,226055494573444,40710178742,2024-09-04 06-42-03,26.46.146.244,-135880533,ims,84.242.13.24,-945791818,-1254214082,-22725,57
huawei,116,226056141888704,40736718164,2024-09-04 06-41-34,134.133.247.207,610934590,ims,98.234.35.163,1840463316,650555796,6474,104
huawei,-2,226054390952429,40726000236,2024-09-04 06-40-36,154.103.211.110,-147631356,internet,153.151.21.105,-2001517412,330448593,7773,108
huawei,-38,226055744685867,40789041379,2024-09-04 06-40-40,42.255.204.110,-1709054156,ims,169.32.189.148,412770820,839271237,11172,107
huawei,76,226054662952772,40713838123,2024-09-04 06-40-48,60.6.168.79,1146985538,ims,12.232.244.91,308449756,-1263292047,-17411,60
huawei,67,226054817756224,40757115681,2024-09-04 06-43-59,0.148.157.33,1439943762,ims,5.55.83.135,-1928503706,-793131002,4853,-29
huawei,-37,226051872017569,40706162491,2024-09-04 06-40-35,46.183.169.201,600249456,internet,138.85.114.192,-1306081442,1838214054,-1488,-25
huawei,-23,226051960765231,40734495795,2024-09-04 06-40-36,66.160.142.108,819018468,ims,162.3.161.39,-1006723369,-103724378,27233,-70
huawei,-35,226050014971599,40736847879,2024-09-04 06-40-25,100.166.24.10,1464470456,internet,46.112.173.181,-761517020,1755671160,-21678,-58
huawei,-36,226055349060833,40745786602,2024-09-04 06-43-56,113.142.137.244,1142260194,ims,132.153.13.135,-98797709,164279511,-6114,-25
huawei,108,226053902305311,40704458976,2024-09-04 06-43-04,42.203.190.140,-2081041566,ims,90.78.254.196,-769462526,-2118217301,17198,-18
huawei,63,226059325712832,40701157176,2024-09-04 06-41-39,243.220.148.110,-57466405,ims,36.228.216.219,-1869724254,1475898923,18071,-30
huawei,42,226057908083877,40782125090,2024-09-04 06-44-33,15.128.182.247,-1111477717,internet,138.148.101.174,-265516516,-1602279567,32268,123
huawei,-78,226059212865978,40765959299,2024-09-04 06-43-43,143.96.103.62,-1884831706,internet,176.140.155.147,-80630807,2129789439,29249,-97
huawei,-80,226050811269032,40796083397,2024-09-04 06-41-58,116.133.70.236,2056205985,ims,114.101.128.131,882710651,-1880298793,-16919,-36
huawei,-121,226050864075261,40794804323,2024-09-04 06-42-21,185.197.193.45,-2110945509,internet,143.70.116.70,-162192879,-1837536155,-20120,-47
huawei,71,226053274426071,40729597198,2024-09-04 06-42-43,227.118.222.223,686220654,ims,180.85.15.174,1622289791,-1020671934,19689,-125
huawei,-104,226051731270882,40794946442,2024-09-04 06-42-24,175.87.240.207,-1011805328,ims,89.195.205.45,1463187819,1889683189,8146,-61
huawei,94,226055712327083,40730999430,2024-09-04 06-43-00,122.124.235.245,1144918629,internet,49.186.63.161,-763839029,1567936664,-17462,-67
huawei,60,226058766021898,40700954921,2024-09-04 06-43-06,20.192.58.197,-1506873660,ims,169.93.11.163,1091428079,1022686070,-15005,-82
huawei,101,226053527883649,40764557835,2024-09-04 06-44-51,71.137.28.64,1469098703,internet,164.77.129.74,-1009097831,-1640008572,31946,120
huawei,93,226056068381693,40754019246,2024-09-04 06-40-20,117.140.123.251,-227048913,ims,233.158.157.173,464663248,-981791641,-28257,-36
huawei,118,226057263708790,40782293424,2024-09-04 06-41-54,92.183.10.152,-81513981,internet,0.221.204.149,-339967290,-427020785,-15233,-118
huawei,-14,226059735714664,40797197538,2024-09-04 06-42-20,191.129.72.200,-670454407,internet,45.85.161.105,1247964947,723939630,19432,49
huawei,-18,226054565136473,40778431273,2024-09-04 06-43-10,118.13.225.199,-1452482054,ims,235.239.138.177,-180722916,1931609389,-649,-54
huawei,47,226053150752169,40789704561,2024-09-04 06-44-31,71.127.242.6,276659351,ims,161.237.199.33,-1434670036,811066413,28536,-17
huawei,-20,226051359039796,40720669448,2024-09-04 06-41-07,219.47.26.94,-1559981256,ims,103.204.143.19,-676498901,-2082746625,18890,7
huawei,77,226054554494360,40773475332,2024-09-04 06-43-16,214.219.148.176,-665654071,internet,168.159.62.249,-333072432,1329942563,-5749,-84
huawei,-101,226054674060828,40731446101,2024-09-04 06-42-52,69.30.136.64,1811011266,ims,49.166.53.73,1538037759,-599774053,4274,-43
huawei,-112,226059291066812,40721583515,2024-09-04 06-42-19,4.168.89.243,383640505,internet,166.41.129.180,924978406,656473977,-22454,-77
huawei,92,226050918821967,40769495088,2024-09-04 06-42-50,67.182.116.205,1292177059,ims,76.110.241.31,-451330314,-1319461532,-2047,-57
huawei,-81,226053243192353,40735056214,2024-09-04 06-40-13,105.166.93.175,-1018362351,ims,3.156.254.128,-1418910475,1171171145,30769,22
huawei,106,226056088742506,40746297406,2024-09-04 06-43-13,33.14.181.240,-429628318,ims,190.148.243.137,-1061520137,-382550066,6397,108
huawei,-49,226057622599029,40737548615,2024-09-04 06-40-53,4.166.89.130,75924134,ims,112.222.27.179,-1042916481,-713468369,32079,99
huawei,102,226051873514547,40797964964,2024-09-04 06-43-40,185.107.190.156,-1656454018,internet,100.144.125.235,-100700135,2059602568,-8076,55
huawei,66,226056199905940,40741540577,2024-09-04 06-41-44,50.108.149.136,-1363183594,ims,58.13.250.29,1183956149,1612349145,-22894,45
huawei,121,226057018631781,40752358047,2024-09-04 06-40-59,94.126.169.239,2039794831,ims,123.236.235.220,-1775918548,1963639253,13329,107
huawei,-121,226055959603400,40722267977,2024-09-04 06-44-17,101.20.222.44,744181853,internet,80.54.96.182,-1340291297,1052840673,-21146,26
huawei,103,226051074643090,40776309917,2024-09-04 06-41-15,187.189.143.98,-1370759432,ims,234.211.228.64,459285816,-540979888,28156,71
huawei,-49,226056347114060,40750268689,2024-09-04 06-44-18,103.244.119.229,538417624,ims,138.208.20.224,-617731667,-172003601,16304,112
huawei,-72,226052022587824,40701580238,2024-09-04 06-41-40,55.143.63.79,1521470001,internet,38.179.18.216,-449101985,-984451561,2746,-54
huawei,115,226052173942417,40713386814,2024-09-04 06-42-13,210.111.198.236,882300141,internet,215.88.117.232,-2123617140,-1759328691,-22368,-36
huawei,49,226054513524563,40742790921,2024-09-04 06-42-06,252.227.92.103,542596981,internet,236.204.28.173,-986948774,-1563116503,-12973,-65
huawei,126,226058062177954,40799431777,2024-09-04 06-41-18,52.120.191.3,329419076,ims,0.177.78.49,-1571885041,1605233553,-14376,-117
huawei,-78,226053448681437,40729774801,2024-09-04 06-44-23,226.253.21.193,-1952605734,ims,233.96.45.254,-1965710196,-518793316,3482,37
huawei,115,226050152055031,40713978047,2024-09-04 06-40-51,185.13.225.209,1873623965,ims,141.32.100.243,1768263556,-2107947191,-10952,20
huawei,-86,226056075890007,40739848025,2024-09-04 06-42-50,48.237.5.44,1320444893,internet,130.49.243.245,-1423749949,-600415116,-6241,56
huawei,-83,226057626759185,40722763816,2024-09-04 06-43-51,32.149.89.204,640291070,internet,135.112.85.165,-1026956606,1286582752,32674,43
huawei,105,226054870472245,40756629637,2024-09-04 06-42-00,140.83.31.218,1329027838,ims,127.109.72.170,2133082495,-84364910,-15738,-112
huawei,3,226052621878500,40736546556,2024-09-04 06-41-49,231.237.150.170,2017457741,internet,182.210.63.188,1511591876,-751511795,-25587,101
huawei,11,226053518344519,40726794414,2024-09-04 06-40-37,181.126.39.1,-689018031,internet,65.234.25.51,-1849629680,1617825258,-19398,-5
huawei,-45,226053604241218,40763937212,2024-09-04 06-40-53,254.252.14.87,2061257334,ims,129.211.127.127,957754843,223039623,-31442,-74
huawei,26,226054156600097,40780988158,2024-09-04 06-41-39,11.180.134.72,371804523,internet,44.219.211.113,-1625532827,2055321467,15005,-98
huawei,4,226057307249183,40799283847,2024-09-04 06-41-43,14.228.149.184,1244033278,internet,70.197.220.20,-1918398589,581451184,-24578,126
huawei,-34,226052775907332,40739231979,2024-09-04 06-44-13,10.104.216.252,1802555684,ims,29.73.209.124,-1438968333,-756302211,30604,-31
huawei,-123,226051132256253,40730813246,2024-09-04 06-41-09,79.154.165.220,-384085155,internet,59.79.29.240,1118495848,993637860,26042,63
huawei,124,226058793634684,40705703822,2024-09-04 06-44-16,36.226.48.13,382319539,internet,38.87.234.234,554569904,1539174288,30944,65
huawei,-34,226052870201522,40787455746,2024-09-04 06-43-17,158.178.1.225,1724279158,internet,15.136.102.79,962718798,-107518157,18546,-78
huawei,15,226059621329605,40719833250,2024-09-04 06-44-25,179.0.164.158,-1557835779,internet,142.249.164.101,-25426536,744910602,6053,44
huawei,-121,226059629830443,40740391617,2024-09-04 06-44-31,177.19.152.32,672120685,internet,181.99.226.182,-877913437,-737385156,-26934,-75
huawei,10,226058590439581,40719776105,2024-09-04 06-42-01,133.149.23.44,-900530240,ims,110.69.184.15,-222883255,80900133,11664,48
huawei,93,226052482356292,40765027542,2024-09-04 06-42-47,210.222.169.5,1890910689,ims,57.101.46.248,1702224348,-1426815,-11787,89
huawei,53,226055301701709,40729903007,2024-09-04 06-44-24,184.243.88.72,-1238801087,ims,235.15.204.140,1300704732,-894348349,-30200,23
huawei,-91,226051757558208,40747049294,2024-09-04 06-40-03,244.171.108.219,504427675,internet,51.66.216.28,652088184,330478009,-2590,2
huawei,-99,226054144074709,40712653002,2024-09-04 06-44-15,217.210.219.118,-183090436,ims,254.66.57.186,1755685559,-935996807,-3439,-65
huawei,5,226054315263450,40724446934,2024-09-04 06-41-01,119.106.85.153,306142077,ims,129.214.239.184,-1431002361,-1388627101,1293,52
huawei,-106,226058422282579,40732890802,2024-09-04 06-40-40,186.111.8.195,-118281046,internet,238.87.253.180,1515791970,-2003928697,21752,-27
huawei,41,226056654586829,40754364344,2024-09-04 06-42-19,73.66.64.209,1162624846,internet,29.147.93.62,-481068947,-1761971647,-2275,92
huawei,-24,226051103219288,40730183888,2024-09-04 06-43-04,80.52.44.64,-1019771440,ims,142.90.210.100,367658289,-1727938718,26886,-7
huawei,118,226051781413245,40742118275,2024-09-04 06-43-10,186.63.188.143,1844972099,ims,53.41.242.161,371425217,181981900,-6213,-1
huawei,7,226056090028888,40715280946,2024-09-04 06-41-11,210.32.4.245,-1575728548,ims,33.167.199.123,862693012,-14138557,-28211,4
huawei,-113,226052026746926,40701109584,2024-09-04 06-42-37,136.160.41.136,-1085046075,ims,28.250.80.45,-1318475128,2047891755,-6998,-51
huawei,92,226052164650895,40722154353,2024-09-04 06-44-09,131.59.137.252,302657582,ims,100.165.19.105,-655118711,765791654,-18513,-63
huawei,16,226051126476886,40781540674,2024-09-04 06-40-40,201.238.138.131,-682638206,internet,191.97.99.63,633983211,1124494743,8046,-39
huawei,-27,226056941856622,40728063713,2024-09-04 06-43-53,43.213.42.14,732648852,internet,33.42.160.241,423897375,2083721225,27759,20
huawei,10,226058435409319,40784473373,2024-09-04 06-41-41,254.151.21.91,-1452025879,ims,72.235.199.216,1942472415,1953496084,10424,-4
huawei,-53,226051119930781,40797755811,2024-09-04 06-44-23,78.60.172.187,1966081195,ims,169.16.94.70,-336837382,1138757228,-3591,-60
huawei,127,226052440974895,40717065201,2024-09-04 06-43-58,244.17.120.33,-1641433771,internet,140.224.0.57,-1588246709,-1469695686,3083,-6
huawei,-48,226058519026564,40783177054,2024-09-04 06-40-34,119.155.30.9,723315234,internet,135.112.62.250,1391222131,1792945552,-8076,-3
huawei,-95,226058369489966,40785252627,2024-09-04 06-41-25,146.169.105.175,1278516744,ims,108.94.58.12,1741309509,2113094012,-7385,92
huawei,-38,226053477658877,40743865753,2024-09-04 06-40-49,178.78.119.135,-1563630937,internet,131.41.24.123,-1424369926,-528329501,22410,-15
huawei,57,226050436987633,40733233335,2024-09-04 06-41-45,201.219.109.19,-1292550471,internet,201.75.41.236,-728443064,1002968708,-7309,107
huawei,-109,226057225648014,40732019528,2024-09-04 06-42-46,30.15.172.37,522656314,internet,191.152.42.198,406292938,-1039499655,26006,50
huawei,-114,226050928713792,40774733730,2024-09-04 06-44-27,181.24.40.169,-1361487480,ims,200.166.118.147,1839341103,1392343406,-3898,-13
huawei,121,226054875561547,40737731176,2024-09-04 06-44-24,90.24.46.167,-561670101,ims,30.20.239.111,-2136954911,-1902433772,16504,11
huawei,62,226051582877049,40773564514,2024-09-04 06-41-57,190.183.75.174,-1781613378,ims,222.187.179.41,-1720728560,960721604,10469,95
huawei,-66,226057122732555,40758637202,2024-09-04 06-42-26,24.21.135.118,-1950916400,internet,249.123.71.135,-941151852,-2105561215,-19024,-89
huawei,-113,226051074906716,40766992690,2024-09-04 06-44-34,50.68.196.60,594708595,internet,145.103.85.57,217233432,-910045394,-19693,54
huawei,5,226055661976352,40775543246,2024-09-04 06-40-37,91.123.130.153,363997935,internet,218.161.20.212,-150957399,-1225756759,-4854,4
huawei,113,226056917331916,40744188994,2024-09-04 06-40-51,66.60.96.128,-1005874470,internet,150.169.68.81,1241035122,2019662171,-10923,108
huawei,54,226052751788639,40780505701,2024-09-04 06-40-53,65.152.167.150,-1897854455,internet,215.93.79.181,-1577925263,1080562805,-5396,-122
huawei,-54,226058611449688,40788153144,2024-09-04 06-42-11,184.102.52.136,286823747,internet,45.87.233.241,-1828160681,995133906,-24626,-101
huawei,-42,226052133526649,40755429114,2024-09-04 06-42-58,143.66.52.110,-1461776855,ims,152.169.59.116,1578607591,-1033022533,27922,82
huawei,-76,226056068024749,40767115467,2024-09-04 06-43-39,229.170.175.183,-99601194,internet,158.180.170.1,1999742474,-1353805043,10388,24
huawei,-106,226054151805269,40796005113,2024-09-04 06-40-01,232.53.71.140,490164916,internet,194.117.73.238,-959562532,781145752,-17703,85
huawei,-16,226058115960737,40744650281,2024-09-04 06-41-17,90.39.146.203,-548637237,internet,64.170.23.215,-2059981378,-1037729338,-27988,105
huawei,-1,226051681793735,40730796469,2024-09-04 06-42-42,19.227.207.239,1662856939,ims,52.26.87.174,906293530,182632923,10823,123
huawei,-17,226059043861614,40785566895,2024-09-04 06-44-42,147.155.252.230,-1437807189,ims,253.59.241.131,-1672654637,601967400,-11289,25
huawei,-79,226059138060037,40779708520,2024-09-04 06-44-01,220.95.138.147,1954792763,ims,163.63.6.23,-1477177500,807175045,21119,67
huawei,8,226052563576092,40741639751,2024-09-04 06-42-17,207.1.197.217,564030043,internet,254.174.176.148,450876638,-1272404627,-27809,-2
huawei,91,226056710268018,40738300107,2024-09-04 06-44-30,14.123.161.244,-1309353266,ims,0.131.19.142,-1446831046,-876905229,29224,28
huawei,-110,226055659758625,40797987441,2024-09-04 06-43-23,68.254.35.39,1143356438,internet,118.43.176.161,954872394,845497335,-22520,89
huawei,35,226055029656847,40702576353,2024-09-04 06-41-50,243.3.22.125,2080065579,internet,173.47.240.28,1665732222,181865645,-7286,-100
huawei,-75,226055433730044,40712294388,2024-09-04 06-41-47,0.233.154.197,136916414,ims,225.252.185.209,26578099,-1674617031,-9156,84
huawei,97,226053150810653,40779725803,2024-09-04 06-41-24,166.195.48.49,-1568931916,ims,3.108.229.14,583267208,-1329590023,8640,43
huawei,126,226059965959031,40748742558,2024-09-04 06-42-28,60.183.170.229,-1232673106,internet,30.18.48.85,1609792368,1352008945,30278,-51
huawei,-85,226059918882159,40740612860,2024-09-04 06-40-50,144.133.102.194,-23791866,internet,42.121.157.19,217935603,1935260604,9012,-127
huawei,117,226051654485722,40767726413,2024-09-04 06-43-57,63.68.96.70,-1031550311,ims,198.189.83.231,879098247,954168765,-24687,-33
huawei,-29,226054116650805,40792866540,2024-09-04 06-41-34,101.104.190.26,1297021073,internet,76.162.145.15,-1224454590,431448115,8922,115
huawei,-39,226054541232659,40788965959,2024-09-04 06-42-01,4.114.207.40,-1439055184,ims,203.253.195.73,1914358791,-1496893486,-11335,-95
huawei,-69,226055717379726,40711602843,2024-09-04 06-43-07,53.100.100.137,-799024123,internet,148.92.232.216,-1971022114,-880260490,8958,78
huawei,108,226052136321663,40796215429,2024-09-04 06-40-41,97.9.98.152,1004597509,ims,178.210.157.90,874848662,-1800539214,-5202,-42
huawei,93,226051457117473,40754860449,2024-09-04 06-43-44,216.236.76.150,179353554,ims,246.119.15.118,-1359697659,1981462771,-22437,5
huawei,63,226057030354036,40753829644,2024-09-04 06-42-52,140.137.172.130,1932488064,internet,170.221.223.27,579330813,-626309648,20900,-33
huawei,-41,226054840510948,40719949242,2024-09-04 06-40-09,164.9.229.125,1618757010,internet,180.90.10.77,1063002883,-9266408,-24628,111
huawei,23,226050368733064,40762922454,2024-09-04 06-43-51,200.42.55.192,-2048673189,ims,15.167.84.9,912864144,-547259398,30735,-95
huawei,79,226056826245242,40729097505,2024-09-04 06-45-01,153.107.181.130,1521132520,ims,183.62.91.146,-798447033,-1515070656,29902,109
huawei,89,226055065707556,40721217659,2024-09-04 06-40-14,244.139.157.106,-194405812,internet,56.77.126.3,1174630077,1297046860,22988,-86
huawei,22,226053592494249,40709919127,2024-09-04 06-40-31,24.134.113.251,-432691843,ims,120.215.17.128,-1328547843,-1620043448,21699,48
huawei,-79,226050697407212,40707943442,2024-09-04 06-41-24,141.136.174.94,-1364767554,internet,201.11.158.166,1286773041,992766364,-30577,-115
huawei,26,226057231867663,40757065685,2024-09-04 06-41-18,88.153.234.49,491951325,ims,27.114.126.211,325040857,-1291441372,-31637,15
huawei,8,226053538726816,40723006710,2024-09-04 06-41-45,237.63.39.12,406281546,ims,4.21.145.166,-607512064,2092819517,9735,6
huawei,-6,226052013728863,40730032408,2024-09-04 06-42-51,165.96.66.31,1717034573,ims,70.198.77.118,1123878331,562208590,-16788,-81
huawei,-86,226051387146628,40794341900,2024-09-04 06-44-05,103.187.19.146,-1587771264,internet,37.7.25.222,1316799566,1861355374,-25703,-54
huawei,-52,226053526453017,40708452469,2024-09-04 06-43-40,21.113.52.252,-938261414,ims,128.61.166.106,-2000740480,285351621,9789,-112
huawei,-26,226053961963204,40771995227,2024-09-04 06-42-52,195.152.88.250,1076875286,internet,8.113.192.66,-823207693,-1630047037,-18745,67
huawei,-94,226056478061098,40779105682,2024-09-04 06-44-00,253.249.191.46,-1078963170,internet,2.251.102.30,1823143574,-1072163924,32540,-16
huawei,-29,226052369515234,40771405614,2024-09-04 06-41-01,0.158.143.198,711946882,ims,24.159.32.199,-37284663,-681300325,-18556,12
huawei,32,226051497024183,40729771348,2024-09-04 06-41-32,190.210.203.31,-1051881288,ims,3.213.120.223,-1199821785,106819745,-26808,-63
huawei,-26,226057811892266,40799337564,2024-09-04 06-42-33,87.26.128.226,776086452,ims,173.245.150.109,-584969355,-81364314,-12711,-127
huawei,-77,226059338769725,40707381792,2024-09-04 06-40-01,149.198.87.109,2035261209,ims,194.239.119.118,-71011690,2009515737,13626,7
huawei,100,226056754633582,40795764870,2024-09-04 06-44-24,41.222.4.35,-770717628,internet,134.210.45.218,-869191621,-2032437608,-62,102
huawei,-18,226057944487584,40728577383,2024-09-04 06-42-44,193.193.212.85,657980922,ims,221.226.18.40,-490926133,414775111,32634,10
huawei,119,226050423146517,40783614558,2024-09-04 06-43-10,101.97.217.42,-2013035706,ims,173.116.156.17,-360356507,-1220420529,2014,46
huawei,90,226051258993797,40728515195,2024-09-04 06-43-09,119.64.183.172,1050276047,ims,186.76.177.188,972152623,413456632,13754,-7
huawei,49,226050918600207,40743880066,2024-09-04 06-42-20,209.51.110.97,914872045,ims,203.131.48.31,-621265527,-1256313451,19125,63
huawei,41,226057607192088,40794879102,2024-09-04 06-41-04,112.21.243.101,-1987634325,internet,100.101.128.3,-1144420642,-1603203425,-3324,-52
huawei,-76,226057774514578,40706994744,2024-09-04 06-41-20,248.89.72.47,-1421172806,ims,193.21.240.103,658436728,-1974091089,7619,-39
huawei,-98,226050110389035,40773551294,2024-09-04 06-42-03,106.159.61.111,-790008278,ims,159.183.44.162,-575190496,-1713903812,-13689,116
huawei,58,226054034289843,40760882806,2024-09-04 06-40-32,10.183.41.179,193502170,ims,46.74.235.182,1647349075,-953314423,-20611,-75
huawei,49,226050459257108,40733098527,2024-09-04 06-41-55,22.201.65.126,-232771681,ims,88.198.237.231,16811354,751540013,-12207,-41
huawei,-77,226056757003651,40712355674,2024-09-04 06-40-27,171.233.49.98,-196775682,ims,224.48.128.161,-762461094,111325518,-17547,-108
huawei,-57,226057143395366,40793656314,2024-09-04 06-41-58,229.74.172.122,-430042301,ims,121.151.82.79,1379319283,-1017904186,4428,45
huawei,-41,226052900656696,40766681140,2024-09-04 06-43-18,201.141.18.236,1337667113,ims,49.111.197.99,1294698828,-285573027,18301,-67
huawei,50,226052277572874,40783337501,2024-09-04 06-41-00,87.245.2.164,1165272233,ims,70.79.56.231,179722740,204204595,-11066,7
huawei,113,226059220189831,40704851353,2024-09-04 06-43-08,250.251.234.184,-1167620715,ims,254.218.176.152,-1807254471,711755591,10852,-20
huawei,-1,226058769186598,40753309432,2024-09-04 06-42-11,50.132.190.105,-1383215397,internet,135.23.124.119,-1482150846,1181014284,-15104,59
huawei,-32,226055366610538,40744916838,2024-09-04 06-42-09,144.191.150.214,-971959314,ims,164.136.61.234,172300105,288999421,19012,18
huawei,21,226050040999372,40712544555,2024-09-04 06-41-36,108.233.243.183,1442577570,ims,61.132.46.106,-981309199,1863124355,-26515,-55
huawei,-73,226051959697750,40740158997,2024-09-04 06-44-32,68.111.2.146,834625327,internet,73.89.64.74,940247075,-1957117231,-30648,-65
huawei,47,226050367403312,40716178525,2024-09-04 06-44-13,111.235.224.168,204327400,ims,71.239.106.147,1276187756,1552690410,16098,67
huawei,-116,226053637919405,40723327577,2024-09-04 06-41-15,88.84.44.208,-107218869,ims,77.178.31.94,1478564634,-1628437382,8252,-120
huawei,-109,226056880877170,40703014017,2024-09-04 06-41-51,134.245.155.175,664267306,internet,180.253.251.218,50340237,-822384324,-24635,95
huawei,95,226058100725137,40787975897,2024-09-04 06-40-54,49.18.26.226,-2123569933,ims,206.19.11.136,-1781685205,1129516841,-22914,95
huawei,116,226057682767005,40792048639,2024-09-04 06-42-02,209.69.94.221,572189629,internet,63.21.48.125,-1849968154,-1540214587,8570,-92
huawei,83,226053080635370,40701986014,2024-09-04 06-42-40,225.14.143.3,-1159559635,ims,220.45.81.205,-1226483794,-1790386598,11033,-54
huawei,-85,226052383223374,40738223525,2024-09-04 06-43-56,222.30.29.1,-726526138,internet,140.165.68.252,1294010081,-1940463751,10869,119
huawei,-86,226052367112328,40792079189,2024-09-04 06-43-52,58.142.195.111,-515848158,internet,138.85.24.79,-1649926430,-1904753661,-813,-4
huawei,19,226053623937207,40728273403,2024-09-04 06-44-05,30.40.218.27,-265127238,internet,90.28.98.72,-389132291,886946493,-21692,58
huawei,24,226057166230560,40714427809,2024-09-04 06-43-54,116.72.72.124,-1791164589,internet,185.161.163.159,-1431086877,-1445545581,-29267,-79
huawei,79,226058239293332,40735193259,2024-09-04 06-40-10,112.161.26.18,70968720,internet,61.213.35.66,-728547105,929062434,-5954,-26
huawei,-10,226057516266814,40738325328,2024-09-04 06-44-50,215.108.224.185,47797832,ims,59.208.175.132,620833989,-839063297,-3739,-39
huawei,-79,226053035368645,40774735081,2024-09-04 06-44-25,40.85.229.42,-840284166,ims,224.75.251.252,1547339664,890049601,-30579,-32
huawei,-118,226054150281471,40716763816,2024-09-04 06-43-53,154.93.67.198,-222178502,internet,39.147.42.216,1667619765,-498530660,-30710,-73
huawei,-57,226050892279334,40737253553,2024-09-04 06-40-04,42.36.92.16,1727202107,internet,25.0.43.210,952125212,-789297621,-24821,-61
huawei,47,226054042802146,40759906334,2024-09-04 06-43-22,252.99.69.255,-408847026,internet,61.146.68.18,-1266246902,749398746,-31345,-93
huawei,17,226059860642518,40775169708,2024-09-04 06-40-10,137.41.48.197,-983995211,ims,107.242.61.189,-1138890705,-1746509979,-3484,-44
huawei,54,226054902132592,40711419029,2024-09-04 06-44-39,71.155.64.73,51213704,internet,147.210.10.49,-47230795,683082190,28005,62
huawei,-47,226055842141550,40770643609,2024-09-04 06-45-01,54.109.224.70,208212686,internet,71.240.108.35,-1433500168,504379388,8662,24
huawei,124,226055822174100,40775366848,2024-09-04 06-43-00,231.221.221.29,1992424695,ims,125.94.133.193,-1018122301,1920119347,16112,118
huawei,-12,226058203436743,40789547680,2024-09-04 06-40-47,34.77.24.137,-2085328120,ims,4.85.33.178,-675187574,-1170929234,-7808,13
huawei,58,226050348438649,40755557741,2024-09-04 06-41-38,5.171.50.99,487308089,ims,85.231.188.250,-714962710,-2134386261,-8294,-29
huawei,89,226053474019574,40780875767,2024-09-04 06-44-03,23.173.238.76,-204676599,internet,56.142.64.107,-1101019767,-1554249182,-5722,13
huawei,-108,226057018384682,40780435136,2024-09-04 06-42-34,119.206.15.13,339830938,internet,28.62.153.89,-449020318,-1482262359,-5031,121
huawei,-51,226050100022544,40771156292,2024-09-04 06-45-01,248.19.132.54,357239216,internet,28.98.8.71,-41122821,1014920734,17921,-97
huawei,-12,226051581254291,40731763171,2024-09-04 06-43-30,171.81.46.203,-554230049,internet,142.252.28.142,-1978830697,-1774743817,-17718,-29
huawei,50,226054450150690,40719032455,2024-09-04 06-40-43,218.136.199.168,-120507349,internet,110.194.86.255,475144609,1336434950,16410,56
huawei,-74,226053375260070,40778428725,2024-09-04 06-41-28,152.104.0.235,-1679827483,internet,173.53.36.10,-944749736,-1823743268,-1790,-17
huawei,99,226056880027951,40755836529,2024-09-04 06-44-55,193.23.174.195,1657469106,ims,135.66.157.0,149240137,-1529215632,-1560,3
huawei,-95,226056936645455,40750490402,2024-09-04 06-44-47,71.137.122.245,902939875,internet,110.126.91.189,552842728,28195881,10326,-91
huawei,33,226054847044126,40771665919,2024-09-04 06-40-02,159.201.176.179,-1387404916,internet,209.18.126.94,312365511,1471261,16883,-41
huawei,-35,226053385063564,40717378043,2024-09-04 06-44-16,169.83.176.217,103303518,ims,45.107.247.142,-1413434485,-858214196,23762,112
huawei,68,226053997900745,40796841626,2024-09-04 06-43-07,222.168.199.57,-1575246342,internet,19.93.55.117,1872553789,-371952547,-30491,-78
huawei,-43,226058262863370,40730482594,2024-09-04 06-43-58,223.148.25.116,1095877181,ims,144.169.231.36,1946608643,-873683769,-32559,52
huawei,116,226054485491669,40705885935,2024-09-04 06-41-52,38.65.228.157,879294191,internet,159.46.182.70,5120678,-1368768962,31914,-72
huawei,73,226054315206222,40784606014,2024-09-04 06-40-04,85.101.223.134,578058435,ims,92.254.148.19,1767570181,635351882,29705,94
huawei,14,226056388273818,40791489752,2024-09-04 06-44-42,72.84.127.174,-1590097711,internet,3.120.220.188,1776416667,-1510564436,-21832,102
huawei,-81,226053937012021,40793207473,2024-09-04 06-43-27,219.9.75.5,-1919247514,ims,140.134.254.29,613858305,1227585218,12466,-75
huawei,44,226056044915510,40758077713,2024-09-04 06-42-22,207.197.211.152,-303406162,internet,82.9.3.48,-1380677379,481206993,-7617,106
huawei,-128,226053383312609,40789207599,2024-09-04 06-41-35,112.119.23.118,-1203243053,ims,63.51.138.243,-1589880236,139829301,32200,36
huawei,-88,226050893765378,40746801392,2024-09-04 06-44-47,140.136.246.176,1965730509,ims,163.185.47.144,286575233,-567121123,-1916,100
huawei,55,226059031606483,40709201741,2024-09-04 06-42-09,219.153.147.224,590344574,internet,74.132.128.106,-1561471917,-1014824159,-433,17
huawei,-49,226050443520088,40712552834,2024-09-04 06-42-03,252.110.73.94,704251635,ims,18.74.241.65,-640273660,-1296700155,-8581,-89
huawei,43,226055308484564,40784658483,2024-09-04 06-42-23,24.89.71.113,1905296135,internet,171.255.248.115,-2115625515,643018592,18712,100
huawei,-56,226052901392750,40728561924,2024-09-04 06-41-13,113.244.196.11,402166173,ims,7.93.102.28,-1773548581,169441619,-10590,-123
huawei,-69,226053615010277,40725893791,2024-09-04 06-41-42,227.35.161.28,-170683449,ims,148.182.147.30,-2095868044,-383957545,7298,-67
huawei,-51,226051084599683,40782057745,2024-09-04 06-41-02,33.157.220.83,2074915336,internet,202.243.178.118,-1534832998,1735298190,-2092,120
huawei,-32,226055429564975,40739893639,2024-09-04 06-43-46,133.171.2.7,2005965759,internet,243.218.87.136,433780206,-1113519728,14716,-63
huawei,-27,226058052345023,40704875371,2024-09-04 06-43-37,199.186.181.7,107694403,ims,199.238.151.221,759671065,384974031,4164,-111
huawei,-78,226057391430362,40777793587,2024-09-04 06-44-05,186.233.156.96,1544494129,internet,46.128.234.4,1674829654,-1881288614,6977,-101
huawei,121,226051687546155,40743302481,2024-09-04 06-44-02,51.150.16.59,-550375455,ims,6.90.167.132,-290739240,-9457342,-20360,105
huawei,-33,226056604953216,40724815872,2024-09-04 06-43-26,231.39.60.6,-418891621,internet,10.249.214.63,-442201487,605123672,-23366,-13
huawei,69,226057787046787,40760121426,2024-09-04 06-40-49,43.196.202.47,-68965570,internet,2.220.121.46,664067901,1362708228,-29481,-96
huawei,-84,226058949588020,40705679412,2024-09-04 06-43-04,113.113.73.23,-1558421206,ims,237.81.76.171,-385471135,939083186,8505,113
huawei,49,226057913154891,40716269680,2024-09-04 06-43-37,185.186.125.71,-507835551,internet,16.30.29.175,993725951,1349433111,4381,-107
huawei,76,226050053601913,40775190179,2024-09-04 06-43-58,92.167.204.43,-435639383,ims,249.34.137.236,-983376663,-409272245,16399,-109
huawei,-41,226050360176701,40798201639,2024-09-04 06-42-59,207.161.254.88,-2103993858,internet,173.125.180.177,-1508828410,1262293134,-1248,-97
huawei,-10,226059597639225,40796910730,2024-09-04 06-40-42,9.195.114.64,1184939779,internet,129.92.185.86,773293337,939875189,-12897,53
huawei,12,226059715461328,40750043050,2024-09-04 06-40-52,187.146.43.128,1698653248,ims,147.212.11.110,410129314,-952065423,-1803,86
huawei,-41,226055336515809,40723398896,2024-09-04 06-41-29,111.119.110.169,1847626685,ims,98.113.52.97,-1095922966,998758355,26633,-120
huawei,55,226050101759843,40712034032,2024-09-04 06-43-01,99.128.29.10,-892191029,ims,211.193.26.2,1947112703,-1319034779,4054,104
huawei,-88,226056821791061,40732525153,2024-09-04 06-44-13,248.70.99.151,1522374258,ims,175.80.93.60,-871239179,695127011,25955,118
huawei,-33,226055576168063,40788949196,2024-09-04 06-43-16,180.173.91.250,798515160,internet,170.117.219.230,834885586,344149678,30829,-114
huawei,-34,226059432043123,40710143857,2024-09-04 06-40-04,90.91.7.235,-373044786,internet,162.253.200.91,-94334739,-541343543,13717,76
huawei,-77,226056698599188,40796989229,2024-09-04 06-44-21,129.123.214.83,1280251923,ims,234.137.117.54,150858682,-1011881800,11393,6
huawei,-114,226053190975719,40771752692,2024-09-04 06-44-25,61.243.152.177,1423556639,ims,174.124.149.82,-725327613,1062086953,-4715,32
huawei,121,226051139938932,40730669195,2024-09-04 06-44-04,18.66.246.233,1234674456,internet,88.72.126.27,972934922,762606413,3903,-11
huawei,91,226052697599789,40747741852,2024-09-04 06-42-41,63.76.250.232,-438243207,ims,109.174.77.156,1104902924,361812961,13603,98
huawei,99,226054489727451,40781073882,2024-09-04 06-43-42,62.91.73.80,-887376163,ims,67.148.198.95,666078335,302781735,10503,-79
huawei,31,226051771698303,40791540499,2024-09-04 06-40-46,214.23.71.123,-524939361,internet,72.236.213.59,656555469,-1862266846,32692,111
huawei,-52,226059645955133,40741615946,2024-09-04 06-43-43,104.55.72.182,-1573287160,ims,10.241.74.143,1912550930,1313203102,12663,121
huawei,29,226058086657299,40768582926,2024-09-04 06-43-47,37.15.186.89,1702573256,internet,136.202.6.120,995214223,1147997522,25142,-120
huawei,96,226057244649081,40742636769,2024-09-04 06-44-49,66.114.175.57,1246351898,internet,170.111.146.106,1882072199,-625265144,-15971,-5
huawei,-116,226054137952895,40730913711,2024-09-04 06-40-59,27.54.244.197,1059688526,ims,34.33.125.115,1509116178,1164974800,19060,11
huawei,63,226055702503413,40710926694,2024-09-04 06-42-58,3.174.195.77,863786509,internet,114.41.250.60,-1531883190,705387489,9002,-71
huawei,-48,226053902851837,40705333422,2024-09-04 06-41-09,76.46.8.221,-249711147,ims,51.211.34.245,248142107,1269291621,-16274,88
huawei,99,226053587018197,40726862021,2024-09-04 06-43-21,91.1.235.157,-184016198,ims,27.71.112.26,1796246338,1930282156,31960,-118
huawei,75,226057545559687,40727069710,2024-09-04 06-42-34,163.159.214.192,1444193329,internet,223.55.230.194,-548275999,427758155,32345,83
huawei,112,226050381426924,40749198324,2024-09-04 06-41-47,37.82.68.244,-1094349018,ims,12.111.110.200,-797381498,1723702504,15704,36
huawei,-36,226050316863120,40712023135,2024-09-04 06-43-29,162.167.255.66,988040420,ims,37.33.186.82,1779200858,-1005901796,-13011,0
huawei,-14,226056927125119,40784524408,2024-09-04 06-44-24,190.84.205.56,-171131152,ims,72.120.167.25,-2050510491,1834368324,3150,-85
huawei,97,226059062211938,40755993400,2024-09-04 06-41-01,104.233.118.145,-522429868,ims,112.184.135.244,-183223669,-2100738530,-27358,-52
huawei,117,226055234798833,40795570803,2024-09-04 06-41-21,247.148.187.250,-1868353146,internet,128.211.154.43,1104739401,1624238684,-2083,52
huawei,-28,226056546097789,40734359319,2024-09-04 06-45-01,213.48.138.63,1197697036,ims,115.34.33.25,-1202942419,722727773,-15313,-39
huawei,-18,226052655094568,40779902908,2024-09-04 06-41-19,45.57.220.12,-1798437424,internet,60.239.210.74,989460229,-1716578473,30503,-2
huawei,87,226050448633098,40745598827,2024-09-04 06-42-15,13.141.8.5,-2029849082,ims,178.21.202.37,1984040221,64790481,-2792,63
huawei,126,226053884325683,40736028038,2024-09-04 06-41-31,141.249.80.196,35961426,ims,129.172.34.53,-1631469,596473410,-24242,100
huawei,0,226053660424188,40767064649,2024-09-04 06-44-03,124.238.207.183,-1890654662,internet,56.188.193.23,-430416811,590698783,19992,-70
huawei,-122,226057052867932,40727597611,2024-09-04 06-44-08,94.60.223.81,2001480475,internet,49.42.186.71,-1618067074,-1723945668,-15298,46
huawei,34,226055333796354,40739636004,2024-09-04 06-42-56,13.134.73.124,-1124625917,ims,125.119.139.90,1238458789,1693187400,-11668,41
huawei,-124,226051717172606,40767121623,2024-09-04 06-43-32,246.88.92.110,1513192655,internet,172.101.218.68,-2086564200,-2073095797,-7120,-58
huawei,108,226052865190856,40720037927,2024-09-04 06-42-12,32.220.36.7,-1022672593,internet,145.7.194.22,-664735114,616861968,15067,-121
huawei,19,226052693542870,40787806485,2024-09-04 06-40-20,144.58.40.111,-1875002151,ims,229.131.46.120,1441887036,-2059890741,-21542,24
huawei,6,226052637613548,40767813971,2024-09-04 06-43-15,105.196.144.7,2055124445,internet,159.151.97.168,-2136916176,-1959703619,-32717,-123
huawei,-113,226051209188964,40728360023,2024-09-04 06-42-10,243.63.148.137,1689516961,ims,242.85.188.8,2088562516,1868633312,11518,-48
huawei,-83,226055880577135,40705388197,2024-09-04 06-43-15,56.241.74.100,1556710291,ims,210.117.85.95,387305037,-1784853073,-12084,120
huawei,46,226053029508979,40726331163,2024-09-04 06-43-33,10.243.105.235,569649077,internet,183.240.57.185,-384536608,-620639551,24814,-83
huawei,-112,226052484898744,40778183755,2024-09-04 06-44-23,226.79.129.23,-352361234,ims,53.23.190.99,576241926,1026692422,1221,-63
huawei,46,226058256179319,40725179688,2024-09-04 06-44-10,241.222.13.138,-1638876980,internet,28.156.31.246,254364532,-509676902,-28900,124
huawei,-68,226059560242595,40731653673,2024-09-04 06-44-48,190.97.9.123,-917930238,ims,177.11.98.107,759947664,-533840916,16170,-64
huawei,-9,226052174051108,40778856386,2024-09-04 06-43-28,95.19.205.131,-260574369,internet,237.58.237.96,-1715585866,2038238749,-23159,34
huawei,-109,226052345142391,40719552710,2024-09-04 06-40-36,150.34.205.240,44003554,ims,147.92.29.63,-1374424219,1489058430,29488,-54
huawei,-23,226055081682126,40781512554,2024-09-04 06-44-39,243.35.241.107,-1799135447,internet,189.58.244.233,1986636464,159719336,-31865,93
huawei,-99,226059924209209,40781090184,2024-09-04 06-40-51,93.138.209.232,-443764399,ims,255.205.4.112,-1523556594,-538803891,-18849,-35
huawei,-110,226056179666661,40792630602,2024-09-04 06-44-28,152.96.163.95,664514338,ims,213.162.151.255,897774541,728957782,31688,-101
huawei,75,226051076161556,40733375971,2024-09-04 06-40-54,151.103.85.154,-418959454,ims,211.90.147.174,381567062,-1782546051,-27924,-113
huawei,-119,226055613922277,40768698765,2024-09-04 06-41-34,69.190.171.180,-1326369339,internet,139.167.158.217,981325242,-2024372305,4791,-48
huawei,103,226051730458767,40778577161,2024-09-04 06-41-41,15.52.129.150,1507355238,internet,53.248.7.114,-1500678220,-1705641675,-30624,-128
huawei,45,226059036572743,40710337470,2024-09-04 06-44-06,78.0.124.40,-1933271624,internet,254.185.189.65,1191122615,1287962337,15595,-83
huawei,93,226054177865986,40740130690,2024-09-04 06-44-35,100.94.149.98,1533761970,ims,92.49.59.213,1956125392,917302428,29240,-18
huawei,-10,226050388761342,40742973458,2024-09-04 06-41-46,148.40.179.70,-1147813977,ims,28.101.30.8,-392025194,-145816021,-1765,88
huawei,-22,226058046540211,40761232061,2024-09-04 06-43-00,203.4.165.167,-865766929,ims,14.48.147.166,2025810584,-334403332,-6010,100
huawei,-31,226058270805799,40731981370,2024-09-04 06-40-19,63.187.30.158,1821854147,internet,8.10.170.234,-206326444,850275118,5481,-34
huawei,108,226058462528527,40795271775,2024-09-04 06-40-13,161.226.169.5,123721953,internet,137.78.67.69,338913800,1969908408,13998,26
huawei,2,226052960996616,40739880141,2024-09-04 06-43-53,252.183.73.15,692132123,ims,85.183.229.106,632182391,-1023300900,9127,-51
huawei,-50,226051055462009,40788303526,2024-09-04 06-40-03,56.60.101.110,440281236,ims,224.109.83.139,-1289493239,-1182994165,4543,-12
huawei,42,226056049890584,40799866446,2024-09-04 06-44-40,27.4.136.124,525362830,internet,100.17.197.49,1984968191,-64153604,16350,62
huawei,21,226054287554100,40789988785,2024-09-04 06-44-37,164.142.65.229,1215987424,ims,0.17.82.225,-207585416,1449596760,18192,19
huawei,-27,226050851063456,40762118489,2024-09-04 06-41-46,198.118.252.112,585445734,internet,240.48.156.132,105050673,-75021744,4439,18
huawei,76,226055390632873,40760633300,2024-09-04 06-41-40,210.18.239.150,504256920,ims,55.133.233.47,-906954010,-567180975,-7314,-76
huawei,107,226059671309664,40766558576,2024-09-04 06-41-57,62.243.116.227,512447276,ims,238.163.117.71,874203750,1636499090,-12342,125
huawei,-110,226057996084209,40772642480,2024-09-04 06-40-03,190.140.114.187,1885238661,ims,74.191.44.199,-1353132102,1407382513,-28853,-54
huawei,-30,226058396047773,40793517915,2024-09-04 06-40-52,37.156.95.241,-402885594,ims,189.252.234.21,-403307423,-972248503,30748,-128
huawei,122,226051029742232,40762540053,2024-09-04 06-44-10,35.191.6.177,-152933928,internet,24.111.198.125,-765779878,-1747329699,32233,11
huawei,125,226056724812778,40713359764,2024-09-04 06-41-11,107.37.202.39,1877102388,ims,90.103.216.40,-551761317,-1972996091,-11554,-59
huawei,-88,226058218966799,40728308924,2024-09-04 06-41-51,60.101.211.131,53110733,ims,206.145.37.129,1567107512,-584733848,-26404,72
huawei,-94,226053047514946,40769168600,2024-09-04 06-41-48,245.43.72.247,-968178787,internet,62.30.14.127,569979050,511008059,-15253,-93
huawei,101,226050548543607,40774764488,2024-09-04 06-43-56,151.67.72.166,-595644916,ims,233.247.233.62,1447565034,447600304,19888,-108
huawei,126,226055086646435,40756266699,2024-09-04 06-44-34,65.34.98.44,-1534139082,internet,39.141.62.112,1486164109,34269451,-29528,1
huawei,-66,226051251343911,40790273827,2024-09-04 06-42-08,110.115.110.78,57315139,internet,131.185.165.70,781849806,-1345603397,22412,18
huawei,1,226053739069688,40768899987,2024-09-04 06-44-20,250.60.186.9,-1743963868,internet,235.88.164.31,-1381007938,1585086074,-8524,91
huawei,89,226051401306727,40711032071,2024-09-04 06-44-51,73.239.148.56,2094705701,ims,121.158.1.168,-1822861939,572622004,-24073,47
huawei,78,226059331691922,40784579124,2024-09-04 06-44-09,31.36.90.182,-76386235,ims,68.1.21.11,1051719210,-1738198881,-25044,33
huawei,123,226053029554144,40782757270,2024-09-04 06-41-50,37.230.224.16,-452991540,internet,147.81.126.183,1499261501,1269587309,12951,-85
huawei,94,226052883487638,40728618137,2024-09-04 06-41-28,98.232.117.128,1327597426,internet,168.214.118.196,-952691267,-1354553516,-7881,-67
huawei,-68,226055746850936,40734530124,2024-09-04 06-44-24,11.49.180.119,761579482,internet,31.162.104.175,-529022235,1986958786,6620,-44
huawei,45,226053730336753,40734506690,2024-09-04 06-41-36,230.162.27.82,-125716374,ims,18.177.166.115,-988919313,1103451365,-16573,-107
huawei,73,226051577912475,40765070055,2024-09-04 06-40-09,173.8.188.163,-1955653290,internet,19.255.42.102,-2037631034,-38811906,14791,-81
huawei,-56,226055860670710,40715374470,2024-09-04 06-41-47,202.87.187.35,-717874851,ims,118.135.105.213,554115579,-1295619965,5848,79
huawei,97,226059743943680,40767127749,2024-09-04 06-40-22,8.61.167.126,355669422,internet,149.69.222.62,-304131745,-1949293592,20478,57
huawei,-15,226052405679390,40731605141,2024-09-04 06-40-45,129.164.251.104,-652205977,ims,125.123.128.38,-888977271,-916668662,4477,109
huawei,-80,226050807376870,40769146119,2024-09-04 06-43-57,71.220.151.172,1245813163,internet,64.177.138.132,-830291142,-1401246149,29037,-13
huawei,-104,226057450764293,40726219411,2024-09-04 06-41-25,222.239.33.76,-1271924006,internet,92.250.133.181,2026554623,-1866001324,12031,117
huawei,-38,226053296535000,40728065125,2024-09-04 06-43-48,199.60.63.137,-1730192324,internet,159.30.27.6,379421464,628960025,-12227,-100
huawei,-26,226059386752566,40706669564,2024-09-04 06-41-21,55.100.123.211,-595211162,ims,139.52.236.44,1966739170,1636931375,-27121,-83
huawei,-77,226051395813875,40747622304,2024-09-04 06-40-20,237.127.244.115,1228278086,ims,99.4.206.218,-1740597281,-1775189878,-6400,44
huawei,-95,226056681567070,40788595108,2024-09-04 06-43-22,162.132.63.31,260000847,internet,156.247.166.57,-1481208950,-949631420,-17296,99
huawei,22,226055419894967,40787187515,2024-09-04 06-43-19,51.35.240.202,-972105411,internet,6.172.107.229,-658744438,-946430790,-19886,117
huawei,-44,226055144599029,40703325860,2024-09-04 06-40-07,232.233.31.255,1194426707,internet,176.112.79.128,-1774889450,-1484629944,-30614,58
huawei,-41,226058428238801,40763987918,2024-09-04 06-43-14,78.40.29.91,31993364,ims,151.220.223.67,-1648209599,-507502887,5246,60
huawei,-63,226055726629335,40780672939,2024-09-04 06-41-55,50.75.229.223,1568144957,ims,200.44.139.35,-2011217516,792678747,5646,-124
huawei,7,226057911852547,40788267356,2024-09-04 06-43-23,89.44.40.42,1065300868,ims,217.84.45.171,393654201,-623877493,-1997,81
huawei,-68,226053137600328,40784102281,2024-09-04 06-44-55,162.111.14.178,581038995,internet,241.114.41.25,-814166098,-620935422,29332,47
huawei,-71,226058747598646,40752734447,2024-09-04 06-41-55,89.81.129.121,120087401,ims,31.121.45.80,375418469,-1050776755,-32001,-4
huawei,107,226057542338195,40799205678,2024-09-04 06-44-43,101.10.32.148,725445064,ims,69.17.204.67,-1796416979,-439353829,-723,2
huawei,66,226054238962046,40711579198,2024-09-04 06-43-34,137.29.150.84,-343804292,ims,76.205.232.90,-878755255,854102752,-31766,-65
huawei,99,226053190451457,40739760398,2024-09-04 06-41-00,161.97.140.193,1831209100,internet,157.44.240.53,-1342363224,-763328342,163,-1
huawei,30,226053023984876,40772045081,2024-09-04 06-44-38,5.16.238.123,-1408632231,internet,90.115.254.20,-2125592381,455995199,11513,20
huawei,43,226055452947684,40749761833,2024-09-04 06-43-49,213.195.135.208,-431308326,internet,33.146.183.60,1981304169,-880104358,-29317,61
huawei,-114,226059817305886,40782640042,2024-09-04 06-40-34,190.173.24.209,-219095770,internet,102.126.127.255,1317475541,-1664488336,-14147,5
huawei,47,226051296976016,40782638963,2024-09-04 06-42-41,230.209.210.135,-779167287,internet,62.26.121.52,-395137978,-1707952506,-20293,-54
huawei,99,226056317771677,40727488399,2024-09-04 06-42-52,160.47.78.160,41766689,internet,154.53.122.4,-1335191593,1375944568,25331,100
huawei,46,226058670004320,40708330966,2024-09-04 06-43-14,93.83.101.41,2081089279,internet,172.177.14.36,-1328039169,-301923520,-24069,-9
huawei,110,226052724202527,40792379738,2024-09-04 06-44-26,63.73.76.187,-64956304,ims,66.222.217.186,-1423014046,1740042561,15329,-83
huawei,-32,226059333362760,40785819454,2024-09-04 06-40-56,239.135.223.187,-1559737330,ims,89.55.214.124,495812924,371145044,-5168,-60
huawei,57,226059120882365,40708290686,2024-09-04 06-43-12,186.171.220.226,-2020659992,ims,98.51.161.140,-1209519113,1556859702,28657,-128
huawei,-124,226059964972222,40799126941,2024-09-04 06-43-17,198.120.228.84,1806245683,internet,213.81.101.41,-36744239,447334264,27520,-53
huawei,62,226053868166444,40765842259,2024-09-04 06-44-06,43.11.195.245,-1046403159,ims,92.199.52.153,-1435531857,299737799,-15353,107
huawei,-51,226052177966537,40716345281,2024-09-04 06-41-56,72.180.227.77,-849913167,ims,214.94.204.242,1686027638,302127335,-3232,-80
huawei,-114,226052635688610,40702310737,2024-09-04 06-42-50,58.119.213.189,-1909656565,internet,205.122.106.34,513086925,-2137734950,-21406,-89
huawei,88,226052877208187,40724885939,2024-09-04 06-42-21,10.241.186.80,1910024958,internet,93.194.239.241,446589754,1057816151,-1145,-14
huawei,32,226054316454501,40708750473,2024-09-04 06-41-01,118.34.235.126,1895064024,internet,45.133.10.27,517476038,1815776009,-13410,66
huawei,7,226055661298852,40710321099,2024-09-04 06-42-38,96.71.78.179,1214188036,internet,86.23.243.171,-133797058,1469220687,28848,-102
huawei,59,226054163307917,40745676853,2024-09-04 06-44-39,188.239.195.140,91508406,ims,29.145.215.113,-1548642326,1077103369,15832,-21
huawei,84,226057094205008,40788377255,2024-09-04 06-44-28,40.201.158.215,-512840050,internet,39.206.105.53,-649288447,-978614976,7102,-105
huawei,-11,226056655134704,40771762849,2024-09-04 06-43-30,118.234.121.164,1332177035,internet,132.10.2.104,1823436923,735769097,5471,16
huawei,91,226057534811496,40742434421,2024-09-04 06-42-27,171.100.33.171,-217794853,internet,22.218.96.83,-1469853402,-152464623,23519,47
huawei,101,226055304257523,40778181431,2024-09-04 06-45-00,103.77.47.176,-218798306,ims,231.162.226.16,668485317,-1450835008,-24711,-1
huawei,62,226050896995517,40774875680,2024-09-04 06-42-48,56.194.49.195,2027307243,internet,179.145.42.129,334646727,1073968508,-7209,15
huawei,80,226052523893696,40704344641,2024-09-04 06-44-20,134.107.129.2,720925158,ims,221.199.206.77,1622277686,1648956780,-16871,95
huawei,-16,226051148144572,40772232529,2024-09-04 06-41-37,213.253.115.65,1209084085,ims,206.111.212.57,1198752933,-2041314428,-12563,-124
huawei,-76,226059250179851,40771290962,2024-09-04 06-42-21,149.179.158.65,-554336567,ims,89.4.176.0,2069078927,-1737511731,3473,-111
huawei,-40,226056941437103,40769538669,2024-09-04 06-40-49,211.133.198.131,712245110,ims,101.86.193.10,-1850118450,-1000692925,32152,16
huawei,85,226050102530180,40704087116,2024-09-04 06-43-26,248.247.140.29,-878152990,ims,15.28.10.202,1145882084,-2028023037,32082,0
huawei,64,226059121928965,40753783608,2024-09-04 06-41-58,92.112.145.90,-484181514,ims,187.143.25.225,-1043266268,-2063461279,-30259,70
huawei,33,226054459900947,40788452361,2024-09-04 06-43-37,87.224.143.240,461240586,internet,162.119.180.85,353604838,1690119742,8925,-64
huawei,118,226051412952696,40708931242,2024-09-04 06-42-09,35.234.85.97,-1086535898,ims,248.200.221.9,-1009918468,2046634900,-5373,97
huawei,-113,226059168807295,40773788597,2024-09-04 06-43-49,62.135.151.102,1459779234,internet,198.8.4.180,-1409529100,1614879125,-11195,122
huawei,64,226050475749052,40726920494,2024-09-04 06-41-57,94.36.90.12,-1380594492,ims,128.217.212.84,-584569162,1955230743,25750,-5
huawei,5,226056190077253,40762308754,2024-09-04 06-40-17,156.73.159.150,1798972140,ims,16.153.210.30,1534639373,-2138499103,20898,-13
huawei,118,226053830486073,40734228754,2024-09-04 06-44-21,249.172.37.182,-1345753580,internet,123.7.165.66,-1039075619,742673120,28154,102
huawei,-111,226051173363074,40723219074,2024-09-04 06-41-17,26.128.113.63,-393211143,internet,233.211.166.150,-1490688094,1064754086,24490,18
huawei,69,226054492257567,40748177304,2024-09-04 06-42-51,47.99.172.104,715486656,ims,187.206.100.98,-557097244,917296281,8142,-43
huawei,9,226054365358690,40737311997,2024-09-04 06-44-13,109.143.26.10,-585548032,ims,11.233.51.65,-54891794,-634353421,-14923,21
huawei,115,226055939726529,40783806471,2024-09-04 06-42-00,218.62.184.240,-1076885383,ims,205.72.59.76,-2074775359,-560294349,-198,-56
huawei,30,226055749216009,40770852691,2024-09-04 06-43-18,86.101.203.164,-1691676779,ims,241.159.90.50,-1242641173,-1167436256,27790,-112
huawei,8,226051113518845,40717322437,2024-09-04 06-44-08,2.114.39.104,-381310165,internet,86.41.7.123,-948000016,984611452,-13313,95
huawei,112,226053348880550,40750524506,2024-09-04 06-40-55,246.23.31.238,-86720268,internet,50.121.240.57,-853148336,-1830864729,-17725,-61
huawei,-75,226057879239760,40789206710,2024-09-04 06-41-56,121.92.137.61,-1337203772,ims,19.54.18.95,-476150549,81288185,-12068,-127
huawei,-36,226056146370986,40765957935,2024-09-04 06-43-26,139.188.72.174,-47231527,internet,23.110.160.13,651355861,235445763,-9143,-73
huawei,-72,226057585424433,40754277480,2024-09-04 06-42-14,147.85.0.71,-530071387,ims,115.4.40.142,1688695757,-2100954655,-13695,-3
huawei,57,226053966544749,40707504188,2024-09-04 06-41-26,67.109.70.98,-3386566,internet,205.99.210.46,1348320713,-858090605,-22485,-109
huawei,69,226055943543025,40764183917,2024-09-04 06-42-36,161.198.250.110,-637055545,ims,155.60.59.29,-338429912,1380184296,-11484,4
huawei,-15,226058609712021,40731072673,2024-09-04 06-42-32,122.56.112.106,-780606792,ims,45.120.186.162,1881723086,-499247560,-8647,37
huawei,20,226055231426507,40782072618,2024-09-04 06-40-11,65.16.40.200,954614875,ims,155.71.122.181,-123140908,-1256495214,-7014,-88
huawei,-44,226057229968395,40765326916,2024-09-04 06-41-05,187.81.194.166,-1847897381,internet,154.18.130.249,-1168862907,-1668864094,-12853,18
huawei,-75,226054150643352,40765923668,2024-09-04 06-42-10,207.50.224.228,2112216027,internet,140.67.200.205,122623778,-214543518,23573,-63
huawei,34,226055298302401,40750942034,2024-09-04 06-41-25,29.120.136.194,-519164214,internet,206.77.56.25,1709304945,735786801,3245,-12
huawei,-94,226058931774038,40723891416,2024-09-04 06-42-37,194.102.168.43,-974623976,internet,93.196.81.228,466217043,353431359,-1223,37
huawei,-5,226056952844285,40729095972,2024-09-04 06-43-31,201.248.68.6,63167690,ims,75.233.116.185,1028493405,-225125523,-4569,-88
huawei,90,226057524902722,40776330854,2024-09-04 06-45-00,119.7.244.170,530909459,internet,111.105.143.215,-1671891631,-1575053743,27006,1
huawei,87,226055811877378,40783392807,2024-09-04 06-43-25,84.146.91.16,1739494941,ims,162.222.84.61,-1245898416,540226486,-23675,87
huawei,1,226055008653320,40764967445,2024-09-04 06-42-21,210.33.244.59,1012835691,internet,146.74.69.246,-1816443218,-1185621023,17246,51
huawei,-88,226058848144154,40709090629,2024-09-04 06-44-03,143.33.27.252,974526459,ims,109.146.212.142,-1890419220,-579721532,-30690,-7
huawei,53,226056923330365,40765421656,2024-09-04 06-44-30,250.34.111.160,2076472286,ims,51.201.25.252,-508716790,-373526977,-25505,-52
huawei,-105,226055751743554,40792190205,2024-09-04 06-43-23,208.144.102.242,1731950427,internet,217.157.99.12,216520748,977710120,31563,48
huawei,-70,226051323908755,40709822465,2024-09-04 06-44-05,205.32.83.126,-368969047,ims,89.24.164.109,-1923430854,-1388801037,-7584,-114
huawei,-30,226051002022152,40778339013,2024-09-04 06-44-27,79.174.31.221,-180663506,internet,14.123.154.191,-106404242,-1757516219,-21150,-41
huawei,0,226055016167790,40752002458,2024-09-04 06-41-23,172.127.249.71,814457258,ims,16.102.120.121,-1597199743,-1071418768,19080,119
huawei,-111,226055254314539,40704872632,2024-09-04 06-43-30,73.57.154.95,1564271810,ims,132.101.218.214,1493645292,-1811717849,-24063,69
huawei,98,226055802363701,40722998106,2024-09-04 06-41-45,10.101.101.188,-474029477,internet,105.170.169.59,1288111671,256063131,1004,96
huawei,79,226056432913812,40707112775,2024-09-04 06-41-36,146.159.165.112,-1436905953,internet,205.0.73.45,1798799309,-1578206209,-24950,-54
huawei,-85,226050833543408,40701542718,2024-09-04 06-42-15,168.246.68.203,799042941,ims,134.145.229.80,828542950,1982269789,-8651,35
huawei,-76,226053746945927,40789441960,2024-09-04 06-42-35,126.126.44.130,1240327942,ims,77.186.103.29,-552190161,170308691,-25434,-67
huawei,-76,226056045754177,40768269386,2024-09-04 06-43-08,127.171.217.238,878041157,ims,125.212.20.40,-1820240053,1878529359,541,33
huawei,-102,226057091974752,40774046163,2024-09-04 06-40-04,206.72.203.189,-432540042,internet,77.133.142.142,1131665213,204869998,-15764,99
huawei,-123,226056317393686,40702227194,2024-09-04 06-41-01,187.71.118.181,-563500520,ims,84.94.234.197,-2112243214,-1024444522,21949,0
huawei,29,226057910569666,40780529307,2024-09-04 06-42-57,132.178.66.126,-1736527398,internet,152.225.108.223,1980693291,1256152298,3252,30
huawei,85,226052015153628,40741121547,2024-09-04 06-42-48,71.137.100.102,1416785286,ims,207.185.238.1,-1436182024,-1881527143,-4239,93
huawei,37,226053810066477,40777574127,2024-09-04 06-41-52,220.71.57.73,-519094963,internet,208.228.207.243,1482107455,2004354529,-12827,-90
huawei,4,226054943122477,40737766886,2024-09-04 06-41-40,149.214.208.194,-1827187693,internet,202.246.170.168,-377672662,1685035738,5825,26
huawei,-75,226057885347308,40781144690,2024-09-04 06-43-19,202.201.132.84,-1778706052,internet,7.116.100.61,-1879726113,499497927,31134,-118
huawei,73,226058179583751,40758312972,2024-09-04 06-43-17,85.0.58.237,886598096,ims,186.91.72.117,-253917652,123864035,-3505,29
huawei,57,226057970060928,40752439334,2024-09-04 06-42-20,241.176.114.91,-1057817108,ims,146.44.174.115,279935078,-1790391669,-26162,83
huawei,-61,226054287020112,40719289846,2024-09-04 06-42-09,100.14.44.228,-54510007,internet,86.79.189.209,1045925027,546108831,6844,100
huawei,107,226056103447810,40799849437,2024-09-04 06-41-31,126.175.9.52,-638014486,ims,191.242.190.218,1983350679,-463281190,27553,-64
huawei,-16,226055920015702,40783420968,2024-09-04 06-41-21,34.36.35.132,-940911557,internet,71.15.120.89,2120906890,-315846364,7667,69
huawei,-44,226051834922443,40782984726,2024-09-04 06-44-50,133.203.215.247,1890737091,ims,181.74.220.137,-50086690,1496443283,32317,-90
huawei,32,226056472627443,40779990968,2024-09-04 06-44-37,215.38.51.97,1133678895,ims,240.6.255.0,2068654472,-101481966,29535,87
huawei,-29,226056791185963,40711640159,2024-09-04 06-42-08,145.13.168.98,1044584387,ims,54.66.140.213,-651771887,1868509787,-17917,51
huawei,-91,226051736856410,40799619398,2024-09-04 06-44-29,198.74.107.146,181463729,ims,101.77.88.218,1596939236,1712598310,-12244,-127
huawei,-26,226059378366216,40784862984,2024-09-04 06-43-06,170.191.214.27,-311960031,ims,113.183.70.146,-1684166723,-1660219393,24720,100
huawei,-19,226057337093495,40761978502,2024-09-04 06-44-57,10.102.112.13,-1328093109,internet,141.39.108.59,-1604612485,-606321539,17954,42
huawei,-99,226059505899511,40751671804,2024-09-04 06-41-44,166.198.45.248,105149154,ims,72.48.140.86,498940855,1805500881,-30122,71
huawei,-99,226057195827230,40715840927,2024-09-04 06-43-05,110.174.217.135,-91974546,internet,232.158.225.246,-1434132594,-1891319314,-25268,126
huawei,61,226051767559081,40734407503,2024-09-04 06-40-36,163.215.163.89,150070306,internet,161.41.91.42,867440427,965197968,-17460,7
huawei,105,226059322816271,40701195338,2024-09-04 06-43-17,184.193.223.229,-1537994085,internet,41.9.59.188,2045931188,716278658,-21584,53
huawei,117,226054558863065,40782359674,2024-09-04 06-44-49,104.40.153.223,-914439144,internet,19.196.130.113,-1409419085,1919576953,14865,3
huawei,-109,226053669186717,40733057190,2024-09-04 06-42-18,48.8.80.33,-980089168,internet,108.192.30.217,-978388834,-1977275713,-1904,-45
huawei,-23,226059394571479,40735918428,2024-09-04 06-40-02,100.157.97.238,918273386,internet,5.201.151.31,-1353690629,526457302,9424,82
huawei,-6,226057276110313,40752414804,2024-09-04 06-43-15,158.81.128.26,-291557318,internet,27.73.53.115,-2052526858,-545020892,9931,-64
huawei,92,226054993604607,40705409528,2024-09-04 06-44-35,133.128.92.95,-1930041422,internet,226.25.121.3,-742131770,-255677040,-31375,106
huawei,-82,226050063285966,40749017821,2024-09-04 06-44-45,84.85.234.163,562880119,ims,138.56.89.37,1553822495,1310049144,-7357,48
huawei,99,226057697276339,40709964200,2024-09-04 06-41-17,83.201.111.175,-1393322711,ims,26.44.219.178,-1712950866,-91943928,-25811,2
huawei,85,226054627177429,40717214795,2024-09-04 06-44-36,194.114.89.24,-732820947,internet,236.168.217.78,-202249358,-836007095,-3115,126
huawei,-71,226056824884456,40738490429,2024-09-04 06-40-08,217.78.203.98,-1310692170,internet,33.205.99.134,-1744728417,2016361174,28535,-48
huawei,-56,226054025467331,40717982244,2024-09-04 06-42-13,95.245.75.100,2064166733,ims,213.134.239.98,1033852413,-1960343910,-5356,46
huawei,-100,226054489741677,40792028065,2024-09-04 06-43-36,137.171.180.153,217793238,ims,175.195.188.98,1942280432,-410933262,-2331,21
huawei,114,226058738961255,40797148942,2024-09-04 06-42-17,86.83.116.10,1773675399,internet,180.65.88.91,1940661475,-1522946896,4820,64
huawei,120,226050735003894,40704246153,2024-09-04 06-43-57,87.21.211.187,-794119953,ims,98.204.201.141,2113910086,1254250515,12431,-107
huawei,-64,226051722190540,40731077720,2024-09-04 06-42-35,100.64.120.206,1269290318,ims,82.50.252.100,538234636,1633441991,23026,-73
huawei,75,226057779033442,40720507083,2024-09-04 06-43-25,116.5.183.128,-1517642454,ims,91.15.220.45,970022941,-468821171,18871,-60
huawei,3,226055867374151,40721079280,2024-09-04 06-40-22,1.172.191.250,1141301408,internet,109.171.139.255,-1209966916,1206979552,-11617,-85
huawei,9,226050354062267,40758219605,2024-09-04 06-41-58,48.6.74.111,-1500946339,internet,208.176.132.180,1842630750,-727121224,-29072,-100
huawei,104,226051477166021,40738514143,2024-09-04 06-41-59,184.67.245.25,-1834670779,internet,228.40.108.122,1777088116,-888476478,4663,51
huawei,19,226052615239317,40718097619,2024-09-04 06-43-39,0.161.107.243,-1420531454,ims,212.58.53.132,-881406775,1351871147,9303,6
huawei,-50,226058950452687,40798401574,2024-09-04 06-40-02,31.8.193.143,-1415308917,ims,69.203.160.126,-477854382,-1417354437,453,-48
huawei,-60,226051135378787,40789245029,2024-09-04 06-42-46,23.199.187.178,-1685836352,ims,104.220.103.82,2021535960,-2028247189,19602,75
huawei,106,226057323276701,40711436514,2024-09-04 06-43-37,154.83.98.251,-728151846,ims,169.34.144.40,343116071,1560398117,-7875,-107
huawei,-40,226057195467435,40766908701,2024-09-04 06-43-46,37.9.59.22,-1250262319,ims,197.43.40.255,984028194,-1615324565,-31425,-15
huawei,117,226050852979948,40747003163,2024-09-04 06-44-50,219.83.157.235,-912307342,ims,134.174.66.134,-1914890037,-1562992758,32554,-49
huawei,56,226053228116508,40799080780,2024-09-04 06-44-08,217.192.233.63,2063211222,internet,216.209.166.236,-1267298563,1769810293,-20773,56
huawei,26,226050791399508,40714398863,2024-09-04 06-41-54,2.199.39.48,259537029,internet,173.225.56.50,-1314323098,-833261813,-29586,-87
huawei,-40,226058291376207,40776985507,2024-09-04 06-42-41,164.99.111.254,-2046728766,ims,154.176.140.135,-1477636491,2011693643,18617,62
huawei,-49,226055954223360,40777801522,2024-09-04 06-42-59,12.79.140.167,-169772293,internet,16.19.159.115,2011013629,-260944362,-12331,-109
huawei,-40,226053232404081,40764223044,2024-09-04 06-40-14,28.162.119.51,-1842078772,ims,194.139.167.235,205248149,-1378908939,17094,81
huawei,25,226052662379585,40757184569,2024-09-04 06-43-01,47.218.194.122,2046682990,ims,116.186.35.34,1524148129,20510517,25014,-105
huawei,109,226053832526933,40750057550,2024-09-04 06-41-04,78.83.91.147,-1431205813,ims,210.251.202.82,380974921,-130058893,-29881,-81
huawei,-53,226056577725395,40770563312,2024-09-04 06-40-12,18.15.120.118,1112551630,internet,153.90.73.16,-22950330,2003117721,8697,-45
huawei,11,226055683416381,40790886916,2024-09-04 06-44-06,248.214.211.142,1602164567,internet,177.92.233.101,1005387472,1890419404,26610,-58
huawei,121,226051523145733,40715983844,2024-09-04 06-42-17,92.186.184.42,-749843769,ims,250.156.143.87,7095647,-934256908,-31479,-16
huawei,21,226051429829497,40736092066,2024-09-04 06-40-20,104.212.41.130,1935510719,ims,237.113.39.208,1977668054,-1769988618,22409,-11
huawei,-22,226054717639331,40710194422,2024-09-04 06-40-37,7.232.228.173,-63005903,ims,231.213.17.204,1385827468,979294089,-10720,-81
huawei,-51,226055410847258,40772307921,2024-09-04 06-44-24,201.244.92.214,1092957215,internet,208.37.28.244,-1091526860,-1373195983,-25559,-46
huawei,50,226055865411018,40726018990,2024-09-04 06-41-18,70.51.252.79,-829022432,ims,138.232.95.238,973201617,-2145542550,-22797,-30
huawei,-72,226059109501507,40783058399,2024-09-04 06-43-09,176.138.82.128,-1174410580,ims,11.255.124.211,259927779,52904833,-21709,77
huawei,-66,226052573252647,40786880382,2024-09-04 06-43-09,187.207.55.40,-341319854,internet,18.233.100.49,1431010787,1833733155,6696,-95
huawei,-72,226056678706930,40739192823,2024-09-04 06-41-53,13.57.65.135,-208208327,ims,117.6.81.87,1326301699,1002183523,18726,38
huawei,31,226058051531331,40779669839,2024-09-04 06-42-28,56.103.242.90,1646056389,ims,68.216.174.79,-101453039,292455819,-29070,-11
huawei,-68,226052321408018,40774946554,2024-09-04 06-40-57,2.157.17.254,-1226272737,ims,79.110.239.107,-1176564936,-1142861899,-4968,-45
huawei,7,226050354105272,40764573663,2024-09-04 06-44-41,70.177.176.123,1395348428,ims,184.106.183.41,1145240463,-1760257497,-25966,17
huawei,-74,226058921910979,40743806755,2024-09-04 06-40-10,254.215.25.29,-486557761,ims,50.151.3.246,-833757957,-1738122662,-10352,29
huawei,-65,226058446380178,40744360118,2024-09-04 06-43-35,87.31.219.77,-32424195,internet,210.13.78.34,-1732240600,56764330,14442,111
huawei,-86,226059193563373,40750586776,2024-09-04 06-43-55,60.128.141.52,-1380838031,ims,231.180.212.178,1320194709,-1210100189,-24277,-112
huawei,-72,226053226802796,40717158876,2024-09-04 06-42-35,138.64.212.5,-205258901,internet,58.18.250.210,316091039,1197829618,9530,-102
huawei,112,226056363703449,40758680118,2024-09-04 06-42-58,131.11.222.255,-1534889501,internet,144.145.1.251,-1594199858,1419900905,9661,-102
huawei,47,226058536344053,40713593398,2024-09-04 06-44-25,140.238.27.228,-2052295178,ims,231.94.150.113,653492400,955933487,11470,-106
huawei,61,226053298186429,40728859353,2024-09-04 06-42-14,176.220.228.146,191414284,internet,44.68.172.190,-1750752331,2119282626,-27437,-2
huawei,49,226055068998936,40723325199,2024-09-04 06-41-50,106.147.87.15,-1239396405,ims,198.182.75.194,-1150371485,93681237,-21883,114
huawei,120,226057305557784,40748685329,2024-09-04 06-41-14,113.219.122.53,1718949447,internet,96.161.242.234,-2118085655,-1265472455,-2163,31
huawei,93,226057283321681,40701851122,2024-09-04 06-44-23,160.59.196.85,948328633,ims,214.9.46.153,-1935921576,-1438662460,-7373,-123
huawei,88,226055894554341,40796720750,2024-09-04 06-44-42,37.171.121.70,-2032867452,ims,139.67.247.149,-79963256,-988318207,-10227,76
huawei,35,226059950243031,40749415117,2024-09-04 06-40-28,203.18.123.98,-1254256730,ims,190.110.241.195,11664152,-43417221,-23527,-80
huawei,-15,226059390828333,40736846205,2024-09-04 06-42-48,105.0.83.235,2079944077,ims,250.117.241.185,-722798266,22263883,2774,62
huawei,121,226055456222517,40789340470,2024-09-04 06-44-52,170.70.225.81,2090616919,ims,140.170.254.62,872175969,398117953,27546,70
huawei,99,226054231455842,40732563990,2024-09-04 06-42-47,63.198.106.150,1089987125,internet,216.249.103.3,-466580857,-1790906528,26499,100
huawei,-87,226055669508711,40719810166,2024-09-04 06-40-26,247.35.208.83,-148583672,ims,37.139.3.250,-1513497315,172455695,32615,-82
huawei,19,226054195337515,40750108219,2024-09-04 06-41-16,51.169.224.252,1765956022,ims,72.174.57.114,1977344879,930153431,19631,-53
huawei,-37,226053088366509,40792563822,2024-09-04 06-43-25,239.64.65.221,-800877214,internet,100.253.82.214,1052314442,-1129111175,1426,24
huawei,95,226056969467981,40768569318,2024-09-04 06-40-54,202.56.218.215,882601520,ims,129.174.126.116,880246375,33836686,-10803,107
huawei,-127,226058803826323,40750314147,2024-09-04 06-44-39,146.120.23.49,-395341689,internet,127.206.135.200,-1049562772,-677078228,23748,61
huawei,30,226057568811822,40789710176,2024-09-04 06-42-06,36.218.176.132,1946975769,ims,63.250.198.234,1506499546,796988648,-4780,-20
huawei,-20,226050866725204,40744153708,2024-09-04 06-41-48,211.255.126.44,1506191818,internet,79.88.167.221,1343535291,66024191,-3468,-70
huawei,31,226053111211931,40764524085,2024-09-04 06-43-25,43.97.158.46,458290747,ims,169.82.177.220,630373179,1776270539,-21296,62
huawei,7,226057293116052,40735583253,2024-09-04 06-40-42,68.75.73.215,1544403716,internet,170.250.36.24,11148445,1216806267,24386,-90
huawei,20,226054519456773,40765820751,2024-09-04 06-44-54,157.129.235.27,-528206840,ims,73.102.51.177,2091626084,802752494,2521,-6
huawei,74,226055794247032,40771127079,2024-09-04 06-41-25,202.247.237.146,1090020669,ims,135.225.27.239,-555288682,-306142752,23206,-27
huawei,-108,226055062161537,40704284561,2024-09-04 06-43-56,15.136.158.189,-245087812,ims,35.107.175.232,-277513481,622350639,22919,-53
huawei,-44,226059674342558,40762853632,2024-09-04 06-44-15,149.144.134.55,1381113511,ims,234.212.123.232,1198013859,344813367,25941,28
huawei,5,226051827686476,40736340297,2024-09-04 06-41-32,86.250.47.114,-1503284687,ims,166.58.49.5,-1032589045,-772010323,-25628,-115
huawei,-94,226050011347051,40747135184,2024-09-04 06-42-29,225.65.47.243,-1166467983,ims,169.4.57.119,-1233206908,500074495,6689,110
huawei,17,226056348547814,40739699055,2024-09-04 06-44-01,240.228.162.209,-734763725,internet,143.85.51.29,1563901679,53181540,24518,-41
huawei,-105,226052171327891,40799728882,2024-09-04 06-44-43,246.145.119.145,1902510439,internet,29.181.190.21,-1928715544,-497579543,6786,16
huawei,-64,226050168157657,40777908494,2024-09-04 06-44-02,61.174.146.71,-574759824,ims,83.102.12.93,799119810,1352751945,-10873,69
huawei,-9,226059776309570,40757456826,2024-09-04 06-42-26,60.94.243.18,486975436,internet,159.18.120.230,-1574067514,-1658182078,-15930,-7
huawei,13,226056899158169,40722184401,2024-09-04 06-41-26,37.232.41.45,-611915458,ims,138.184.235.189,-801519421,105322867,-11152,72
huawei,-121,226055740247342,40790701685,2024-09-04 06-40-48,66.131.78.139,-438973324,internet,134.66.31.48,651499405,-688862788,-10964,-115
huawei,-122,226056785483043,40727936328,2024-09-04 06-41-25,152.1.158.153,1973376515,ims,21.196.4.231,726673244,-2039045487,4218,-79
huawei,96,226053627774186,40770422868,2024-09-04 06-44-44,58.55.236.233,1341561953,internet,104.243.141.48,-1002911582,1749509143,-22860,30
huawei,-4,226053994393027,40728484105,2024-09-04 06-40-57,121.194.78.107,-1451099858,internet,147.226.0.116,351744653,77969951,21793,-118
huawei,76,226055799776184,40708382090,2024-09-04 06-40-15,181.2.132.207,-1116321336,internet,5.49.203.221,-1238652112,-697146901,17102,118
huawei,-104,226053822309209,40754733000,2024-09-04 06-42-35,145.174.95.156,-38852508,internet,44.107.108.167,-514438827,1398817627,28072,93
huawei,-108,226056733346237,40719217534,2024-09-04 06-42-07,193.134.41.120,-595411828,ims,41.206.236.202,-1124269674,100933499,-6563,-114
huawei,85,226055680215925,40723892637,2024-09-04 06-40-55,119.59.167.45,2073337660,internet,113.10.246.202,2091404697,-1114900207,-1192,49
huawei,97,226051850531943,40724097322,2024-09-04 06-44-24,206.107.138.108,535731029,ims,125.78.232.123,1264913625,-1035614828,-3954,-97
huawei,91,226058285032845,40720370189,2024-09-04 06-42-45,1.113.73.234,-1154213679,internet,52.92.178.157,-656400825,532488982,24667,-66
huawei,23,226053694507655,40757929086,2024-09-04 06-43-10,158.197.102.136,2147201153,internet,107.202.70.171,1701694139,-1037799896,-28088,-122
huawei,-105,226059933719578,40786816572,2024-09-04 06-40-44,171.12.58.43,40985625,internet,9.163.46.157,104905599,-250741698,5904,-113
huawei,-5,226058720961362,40704986971,2024-09-04 06-43-04,103.60.42.24,1535780266,ims,53.68.122.56,-628093827,-1813518131,-12316,82
huawei,0,226052072659299,40718421333,2024-09-04 06-44-44,132.250.148.234,-2144983413,internet,141.204.76.202,1297185776,-963140254,17930,35
huawei,115,226050606415961,40787004108,2024-09-04 06-41-02,117.43.208.213,885986929,ims,128.39.145.64,106056204,-160699888,-14047,38
huawei,63,226055595076799,40727108646,2024-09-04 06-42-08,148.179.129.37,1632088857,ims,198.219.120.121,-319972550,-1659708870,-4870,50
huawei,45,226058861197295,40759766749,2024-09-04 06-43-40,222.224.101.180,1947858225,internet,7.29.39.153,-1431641671,853905056,-17627,-13
huawei,77,226050238449947,40713687833,2024-09-04 06-41-08,212.145.217.252,448212692,internet,241.65.158.141,-1927893588,1021094395,-21401,-102
huawei,2,226050930686847,40741648355,2024-09-04 06-40-52,84.229.77.1,-389920797,internet,63.87.63.84,-45216307,824232997,-6657,124
huawei,51,226055228180282,40791140052,2024-09-04 06-44-21,129.27.160.18,-302827523,internet,194.201.15.109,-1858358727,-1040650024,29811,-111
huawei,94,226057443650129,40751335055,2024-09-04 06-43-22,20.113.186.162,-1858544174,ims,17.190.88.227,-911669277,1696591872,24957,-88
huawei,-69,226051295027217,40737489473,2024-09-04 06-43-14,32.205.122.123,-1572705798,ims,226.147.239.83,-245838909,26270899,-20224,25
huawei,-119,226052416309117,40783716413,2024-09-04 06-43-18,41.165.78.145,1208357590,ims,29.235.154.88,1671937492,-337694357,20920,-27
huawei,122,226052466941806,40711386094,2024-09-04 06-43-05,166.104.45.86,1706003803,ims,79.252.83.192,1714670486,1042899875,-27268,-8
huawei,126,226055626545638,40760142696,2024-09-04 06-40-05,231.49.78.84,515133242,ims,32.178.248.115,-2065058202,-1563388209,26378,45
huawei,62,226050977339137,40779161672,2024-09-04 06-41-30,64.108.116.15,622457529,internet,108.104.108.151,-1243622450,-1851751917,23074,107
huawei,105,226055997668634,40704414372,2024-09-04 06-42-48,191.172.218.217,-962419178,ims,16.153.163.7,-1624964232,338489903,-13805,-19
huawei,-60,226059630000444,40713886680,2024-09-04 06-41-10,176.231.56.189,-2030125045,ims,109.48.182.97,2022118338,1357720197,-3246,-116
huawei,-118,226059973090394,40778251882,2024-09-04 06-43-38,193.163.67.84,110503671,internet,72.24.211.162,313973869,-1351344061,-16036,-10
huawei,-22,226056110422423,40748028249,2024-09-04 06-40-45,8.226.109.44,-1777916365,ims,240.15.243.111,1952574037,1014191970,-13944,-106
huawei,17,226056115609693,40766162634,2024-09-04 06-41-35,57.181.106.238,-1911263733,ims,246.170.112.4,-930780497,-754714113,20311,-35
huawei,-41,226052874673020,40781805713,2024-09-04 06-41-53,58.54.6.24,1222327047,ims,43.242.35.113,-1206194451,-2101958011,27161,-20
huawei,43,226058590524731,40745339003,2024-09-04 06-44-22,167.245.206.48,381976544,ims,142.123.41.255,-507712670,-2082478422,-18686,114
huawei,85,226052635146600,40776501497,2024-09-04 06-40-32,49.174.55.254,-1790166097,internet,4.216.38.9,-58529696,316929196,-6423,82
huawei,-54,226050885094391,40702702648,2024-09-04 06-42-15,240.133.127.254,1646586076,internet,225.236.108.54,-1633878573,255533905,27432,106
huawei,-108,226059020161546,40770249968,2024-09-04 06-42-17,51.139.149.233,1284143357,internet,213.203.117.118,-663331539,-1417549454,-482,24
huawei,-69,226059992643637,40796064319,2024-09-04 06-44-37,93.188.122.58,-189853710,internet,75.2.217.126,222586499,2069982112,20995,-63
huawei,-84,226054023102083,40774870727,2024-09-04 06-41-43,103.57.203.91,-400982139,ims,119.71.72.28,-1307929284,-1901237201,28730,68
huawei,-76,226057163804234,40774496442,2024-09-04 06-43-11,45.246.120.206,349952360,internet,18.226.232.176,-1101470651,-1451924402,9483,-35
huawei,-18,226051462735582,40777787163,2024-09-04 06-42-38,204.86.152.246,581773002,ims,232.179.112.74,-840477960,1698515546,-27026,92
huawei,-54,226055617034261,40768544200,2024-09-04 06-43-42,138.120.110.142,1163050092,internet,230.96.8.111,888846535,272267452,13839,-59
huawei,-115,226052449200675,40742787157,2024-09-04 06-42-51,222.246.30.203,185378462,ims,147.1.182.171,641808721,-1375298326,-14698,-63
huawei,-59,226053103922733,40707005447,2024-09-04 06-44-57,241.73.4.160,-1644375263,internet,2.90.16.181,-1839493858,-1022435143,5946,-21
huawei,83,226055976514066,40780720390,2024-09-04 06-40-57,127.84.214.58,548999897,internet,142.182.195.130,43970831,880852707,-18899,113
huawei,29,226051374825946,40718079851,2024-09-04 06-44-32,61.108.71.136,-1706907700,internet,234.65.145.27,-28588360,-897805853,-12675,122
huawei,87,226055161653771,40722690456,2024-09-04 06-41-49,161.38.245.133,-1099768098,internet,28.21.76.88,2089776363,2014537203,4883,-58
huawei,-60,226053717611853,40792235764,2024-09-04 06-44-49,47.7.16.13,1021900099,ims,167.53.161.159,1137710725,-2035074371,-21731,6
huawei,12,226052984654924,40799548467,2024-09-04 06-44-38,239.164.53.85,677791861,ims,243.66.68.108,1395790186,-2120659431,1249,-40
huawei,-90,226058409895907,40765375748,2024-09-04 06-41-58,88.60.179.231,307194983,internet,100.94.39.55,48347244,235188179,-12984,-17
huawei,-96,226050483471497,40736893281,2024-09-04 06-41-30,181.252.42.104,-519426618,internet,211.225.190.161,84174617,-1761454922,6168,117
huawei,34,226050284862409,40715447920,2024-09-04 06-41-08,66.62.113.164,-1982373119,internet,247.173.97.104,-1660244211,-212002567,-18760,78
huawei,-76,226058912374255,40762731413,2024-09-04 06-44-57,38.100.46.163,-821436233,ims,70.19.29.113,473166634,-818408271,3745,14
huawei,-63,226054488565957,40727264205,2024-09-04 06-42-40,235.79.39.5,90137864,ims,165.35.146.177,-1069506360,1884673697,15902,59
huawei,71,226050783662412,40762627262,2024-09-04 06-44-17,223.6.17.51,-799651618,internet,169.167.74.222,155850730,-1606466746,-30646,43
huawei,-84,226056980969735,40703565817,2024-09-04 06-44-07,7.207.250.131,-1441592327,internet,66.219.92.208,-1913446475,907797885,-10158,12
huawei,-24,226052230499464,40718884333,2024-09-04 06-40-01,200.161.43.133,1261309781,ims,96.188.6.180,418196193,1677696827,-5906,70
huawei,88,226054437236629,40761698408,2024-09-04 06-44-34,202.64.78.175,1102867472,internet,226.93.111.184,-294127541,397112483,32303,21
huawei,-65,226052863937837,40732627293,2024-09-04 06-41-03,234.193.144.52,-2070257406,ims,247.165.39.236,1710701069,616712184,7304,79
huawei,16,226055603845913,40758490850,2024-09-04 06-43-37,143.54.199.110,-789551302,internet,201.195.244.248,1948183094,480999446,5310,26
huawei,-66,226055852014293,40727760032,2024-09-04 06-44-07,7.62.54.190,-2124484583,ims,102.207.166.94,1703817390,-2051595486,-21946,-76
huawei,-2,226052100195910,40768244283,2024-09-04 06-40-29,144.94.150.207,830397204,internet,16.88.237.62,4278107,741612489,22709,113
huawei,27,226055133277645,40716556580,2024-09-04 06-41-16,186.240.213.118,-616802600,ims,81.162.43.116,-270272633,-1206065821,15744,108
huawei,-21,226058414389267,40701578193,2024-09-04 06-41-39,171.158.6.82,1768210963,ims,70.168.81.210,-1025976997,1821063955,6811,51
huawei,13,226051137367968,40789600776,2024-09-04 06-43-27,49.73.71.85,-27154716,internet,185.35.167.182,-1424914973,26724880,-6822,90
huawei,-49,226052155888371,40751971083,2024-09-04 06-41-52,157.122.205.251,844916508,internet,201.62.30.147,-809943073,58608881,-9774,-40
huawei,-50,226055249583448,40701063977,2024-09-04 06-40-42,24.3.129.63,-1287679041,ims,240.57.130.246,1533277177,-320783005,11851,-73
huawei,50,226058057120402,40717431704,2024-09-04 06-44-58,229.114.80.88,-390506891,internet,168.6.126.34,-615662020,-1713855463,-11558,85
huawei,70,226055139001891,40748860463,2024-09-04 06-43-32,180.242.139.151,-1807010163,internet,121.107.104.254,1402073469,1979170911,-2390,-80
huawei,-19,226052019402825,40719429234,2024-09-04 06-44-27,177.143.117.242,-949834771,internet,40.245.101.213,-847785545,1475018658,24621,-95
huawei,115,226059912434169,40707006691,2024-09-04 06-43-08,76.166.223.107,-1836953957,ims,102.142.166.144,-95889852,725349247,-21828,119
huawei,91,226056564336467,40786946685,2024-09-04 06-41-04,218.195.168.51,1199535021,internet,133.26.46.180,-1507700936,-1101421864,1189,-35
huawei,78,226057506013553,40770342944,2024-09-04 06-40-42,203.189.211.239,439969057,ims,180.247.126.185,-997188374,1168414644,23275,-96
huawei,-76,226055961701080,40734653361,2024-09-04 06-43-39,32.173.155.65,-906465939,ims,138.18.220.139,-17910787,286555762,-32104,-70
huawei,24,226050653455880,40751875669,2024-09-04 06-42-34,160.209.8.142,-1907004647,internet,50.71.99.83,-554914420,1460431637,21998,75
huawei,23,226052236246607,40700252524,2024-09-04 06-42-02,234.88.95.230,1348831127,ims,0.208.54.53,-1332729997,232996258,-31782,-108
huawei,123,226056238636938,40748850080,2024-09-04 06-40-37,163.35.239.214,-1808195667,ims,129.9.243.17,1317234936,-1414518474,29155,68
huawei,121,226056508816049,40776533765,2024-09-04 06-43-30,175.100.22.193,-1975837859,internet,202.109.255.113,567669416,1815742417,-16125,-41
huawei,-30,226053606422231,40737769154,2024-09-04 06-40-32,151.201.208.81,1109344803,internet,223.114.119.56,-982758423,1914813472,16264,-54
huawei,116,226058589856954,40758323941,2024-09-04 06-41-55,155.100.226.12,-573918325,internet,33.155.240.236,-1754437992,-377282108,31068,-61
huawei,-62,226050380765211,40741298296,2024-09-04 06-45-00,214.156.89.113,644877397,ims,251.247.228.100,548599163,-542490393,4085,35
huawei,-86,226051051389366,40704263589,2024-09-04 06-42-49,223.135.2.65,1535564668,internet,49.21.123.36,-2053719764,851905952,19906,-21
huawei,-56,226050756020058,40738018420,2024-09-04 06-44-02,37.19.156.180,599053730,ims,86.97.127.177,1036083312,1549004245,-7797,-109
huawei,-94,226059816481060,40789257733,2024-09-04 06-41-29,124.159.79.197,667856213,internet,86.34.54.84,-569426654,-327224664,-31858,-25
huawei,-44,226050254377680,40712774197,2024-09-04 06-43-55,185.247.219.93,1093076040,ims,63.33.159.234,-316173723,-1956279138,29778,107
huawei,-73,226059747599464,40744215783,2024-09-04 06-42-45,107.3.238.41,755412671,ims,135.132.180.146,-1438122009,-662165930,16766,-63
huawei,-128,226055683205500,40741785284,2024-09-04 06-43-39,175.14.65.14,48347109,ims,214.101.222.117,-2007701764,2113830367,4459,123
huawei,45,226050564400634,40719238580,2024-09-04 06-44-04,66.85.62.233,1790807304,ims,84.166.171.106,1156406940,-792971268,29780,24
huawei,51,226051948835150,40773926469,2024-09-04 06-40-09,155.107.136.151,447492581,internet,168.172.51.239,-1195479480,-145016714,19054,107
huawei,-40,226055031766338,40711706748,2024-09-04 06-40-06,189.125.76.28,-1962375601,ims,226.202.229.141,671943777,1957438382,-7517,12
huawei,80,226051986205499,40796992356,2024-09-04 06-41-16,183.196.19.67,1075350949,ims,199.51.108.181,-1482516341,-736411193,-15454,82
huawei,49,226050325898132,40785452313,2024-09-04 06-43-29,114.226.75.9,745059596,ims,57.14.41.7,-1194560503,1072979016,22578,53
huawei,44,226051127261610,40726496192,2024-09-04 06-44-52,221.86.76.50,1226358556,internet,60.31.162.57,1543096692,1580235038,8350,-12
huawei,-91,226054296342423,40781732867,2024-09-04 06-43-45,154.132.92.218,-1980308500,ims,255.198.193.45,-241866904,660835046,-15016,-62
huawei,31,226055844142507,40774638145,2024-09-04 06-41-43,9.118.175.11,769005754,ims,100.73.240.201,230852372,1989813027,-28236,78
huawei,117,226052369819584,40716942478,2024-09-04 06-43-07,158.155.71.230,-1718370942,internet,243.1.84.180,201787128,-1805865378,-21973,19
huawei,51,226057482057285,40784674954,2024-09-04 06-43-50,82.65.173.107,-757563213,internet,182.3.182.184,793148113,-383590072,-8470,-34
huawei,-98,226053717255163,40750885088,2024-09-04 06-40-23,46.83.192.49,-793199288,internet,138.187.210.75,1948243697,293167684,-5015,-104
huawei,7,226054949000166,40793814308,2024-09-04 06-43-42,221.228.250.99,-2133742222,internet,240.67.58.40,1130251822,529038056,-19580,100
huawei,53,226050299321331,40760159910,2024-09-04 06-40-05,237.205.55.2,-838873191,internet,52.46.254.160,-1914947309,-1884562914,21076,10
huawei,-112,226054709126192,40756178185,2024-09-04 06-45-00,198.63.178.154,-1994353967,internet,164.43.215.249,-1797829071,-1910314783,17769,-63
huawei,43,226058437858774,40744209840,2024-09-04 06-40-11,13.71.51.80,-1846906073,ims,178.170.182.84,734248244,-435520488,-1289,-105
huawei,-21,226051748008773,40793427544,2024-09-04 06-40-23,6.162.121.158,-836029813,ims,168.228.9.231,881061485,-1553453980,15377,-123
huawei,-76,226058997741416,40724091543,2024-09-04 06-43-52,205.66.203.45,-864123488,ims,93.35.102.167,-2094968753,552026643,10972,96
huawei,84,226058226898582,40741476507,2024-09-04 06-44-33,43.148.90.252,223856995,internet,116.169.242.108,-1203809770,165067830,30720,-121
huawei,-115,226058054087063,40741957869,2024-09-04 06-41-42,228.116.244.63,972788649,internet,32.212.244.230,2021200727,-1261252695,17905,-4
huawei,-53,226055357317875,40793645604,2024-09-04 06-40-59,218.87.45.172,-1017842264,ims,171.179.30.216,1679786089,1478515830,-21042,66
huawei,48,226059305959254,40785925444,2024-09-04 06-44-34,40.89.118.85,-1427921177,ims,233.211.128.40,876247266,-78962552,-24345,115
huawei,61,226056671313160,40781812583,2024-09-04 06-42-42,45.23.104.21,681565322,internet,112.145.73.108,-239648230,-41370134,11019,89
huawei,-109,226056191052881,40755983263,2024-09-04 06-41-27,187.244.175.153,-1041384247,ims,19.121.20.164,1230006099,-75534685,12833,-57
huawei,61,226051621636041,40731213907,2024-09-04 06-41-41,85.34.192.152,1650752680,ims,216.75.162.80,-1475942637,292937319,-10400,-2
huawei,6,226055758647689,40768358258,2024-09-04 06-43-47,98.247.55.88,-371376097,ims,10.230.150.227,-1175030850,-1923255174,-22576,-55
huawei,58,226051958068059,40730252265,2024-09-04 06-43-52,78.100.181.143,-1939422586,ims,220.239.225.164,-2086401513,1298945096,-29714,-70
huawei,-19,226055142089929,40741800827,2024-09-04 06-41-44,6.166.212.240,1982028031,internet,254.120.140.89,291757610,1957389324,-13775,-8
huawei,-83,226055634270036,40739336492,2024-09-04 06-41-17,77.1.24.148,-1959710304,ims,202.246.77.18,-1135489909,1106492120,5978,16
huawei,-101,226057025087897,40781077899,2024-09-04 06-43-26,186.98.235.115,1736202508,internet,219.54.142.87,-1367090531,1003515350,-25502,-67
huawei,-23,226055673980586,40745317877,2024-09-04 06-44-24,127.83.59.251,272419344,ims,145.13.95.220,874025284,1983597337,23436,55
huawei,105,226052734158335,40780991478,2024-09-04 06-43-38,140.73.26.106,1796818863,ims,215.147.131.189,836479304,-1995015811,20228,-6
huawei,-11,226057342098624,40785749909,2024-09-04 06-40-38,170.86.68.241,-1980186231,internet,128.137.7.106,-1849916558,-1072813095,-28966,69
huawei,-7,226052026467953,40736818543,2024-09-04 06-41-39,25.247.121.1,960718303,ims,76.57.253.192,-810106186,-1729608318,-16946,-123
huawei,99,226054830902703,40732511193,2024-09-04 06-44-37,131.96.41.173,47322690,internet,49.249.26.154,92962269,1732133383,13363,-20
huawei,66,226050892444511,40798816831,2024-09-04 06-44-45,161.56.230.238,137958662,ims,246.179.106.190,-1762199482,-1280504800,7659,38
huawei,19,226053945170572,40734258535,2024-09-04 06-40-21,57.96.53.199,772147976,ims,169.129.244.220,-858454449,-840779285,-8133,52
huawei,86,226054604185584,40730336836,2024-09-04 06-40-45,179.18.24.48,-377189631,ims,63.239.22.94,1189949359,-1464890592,30205,-79
huawei,-27,226058288123423,40744264482,2024-09-04 06-43-57,125.197.51.45,-1920245,internet,151.8.254.238,-2030728058,973800492,-26174,-37
huawei,31,226052202578667,40700088017,2024-09-04 06-43-08,7.222.64.75,841757915,ims,60.201.25.222,2060100130,225743581,-31037,-58
huawei,7,226051121400387,40730310647,2024-09-04 06-40-14,47.195.183.147,208882942,internet,204.85.119.117,-814026532,1917242780,21516,21
huawei,42,226055278684100,40736700646,2024-09-04 06-43-34,66.3.33.160,1847807739,ims,68.53.132.137,-1803419181,-893398900,-28449,-44
huawei,116,226050079041558,40742233242,2024-09-04 06-44-17,254.96.5.195,490884192,internet,59.202.84.178,-1029949965,1639748821,2174,-57
huawei,-115,226052592207895,40702927043,2024-09-04 06-43-49,247.132.177.219,566510392,ims,45.94.90.236,1267504789,1890518174,-15560,34
huawei,84,226054969454767,40791280307,2024-09-04 06-43-26,171.104.139.244,734465060,ims,31.50.156.57,258874552,1584382305,-18960,43
huawei,-31,226058664021351,40780342592,2024-09-04 06-40-57,8.232.109.86,839497273,internet,123.253.70.170,1176391529,-1359525775,1700,-106
huawei,-66,226057610551959,40761287561,2024-09-04 06-41-22,185.130.224.149,86351891,ims,126.168.250.94,-1847396575,-1406906695,-18654,-73
huawei,-84,226057389557846,40768688507,2024-09-04 06-40-29,186.98.53.116,1787825858,internet,61.106.71.191,841163505,-1228068795,-5482,111
huawei,75,226050322781316,40724515987,2024-09-04 06-40-14,139.58.118.180,1231156658,ims,39.58.68.35,-1713331612,-240054525,-18839,81
huawei,122,226059220773266,40798814228,2024-09-04 06-40-36,250.23.235.13,-12087032,ims,241.109.142.177,-1875483215,-1927350095,17312,87
huawei,69,226051186665567,40795810190,2024-09-04 06-43-00,223.16.199.187,1698632711,internet,175.63.71.180,-787959647,2041300214,-20939,-50
huawei,27,226054809954274,40718161116,2024-09-04 06-41-59,121.39.63.232,-676496920,ims,76.128.114.6,-1911988054,-230605811,-23590,-8
huawei,-6,226057608324939,40770332030,2024-09-04 06-42-20,159.139.182.241,279668054,internet,141.52.212.132,-1855254859,-439405930,26475,-43
huawei,112,226055127527887,40750951865,2024-09-04 06-42-05,13.206.239.141,3980282,ims,142.77.46.10,-39410352,2102706708,21208,-66
huawei,26,226051515848009,40727011479,2024-09-04 06-40-50,173.207.218.11,-219118955,ims,90.126.61.213,-589399214,535782576,16855,52
huawei,-88,226054440663474,40733616349,2024-09-04 06-43-35,79.139.251.207,309230258,ims,249.229.184.94,1488650491,-1639201086,-28865,10
huawei,53,226055080293818,40741371785,2024-09-04 06-42-38,62.26.116.214,-139464230,ims,84.99.147.57,-731408465,1153417049,19057,33
huawei,34,226057160801783,40750619907,2024-09-04 06-44-42,42.109.40.207,-746390198,internet,132.62.23.202,918565961,-454424848,-28945,-40
huawei,84,226054542340431,40799584549,2024-09-04 06-40-37,187.237.28.62,-686873830,internet,120.148.30.153,-1718449519,1649487849,-32027,42
huawei,77,226056384231735,40707630355,2024-09-04 06-45-00,129.1.31.250,1255153220,ims,250.28.87.23,972537309,-576847152,-14915,-12
huawei,-99,226057196513265,40723765122,2024-09-04 06-43-39,83.159.175.89,715578930,internet,134.88.84.200,671796180,169760019,2590,12
huawei,31,226057632943892,40721409628,2024-09-04 06-41-07,131.153.106.164,-1583755236,internet,169.100.23.129,-1909677601,129385289,-31712,101
huawei,100,226054910842097,40728456403,2024-09-04 06-42-18,31.255.149.160,1316213206,ims,184.60.175.227,86237462,-1348189380,-5649,-36
huawei,-58,226053302426341,40766119065,2024-09-04 06-41-46,51.27.26.119,-1841940002,ims,246.90.195.66,-1584375060,499834499,-2626,-73
huawei,87,226054669445301,40765693486,2024-09-04 06-42-10,9.150.95.184,1167838571,ims,67.151.10.153,-184521068,859478076,13830,63
huawei,17,226053155771781,40763776938,2024-09-04 06-41-56,157.52.196.219,-239623357,internet,110.205.76.185,1318323570,-1400168034,27399,56
huawei,112,226058585625883,40760495401,2024-09-04 06-42-33,166.182.254.142,-265455781,ims,32.118.19.0,1155121450,1837515736,11541,82
huawei,95,226051338293914,40713941177,2024-09-04 06-42-21,177.6.40.134,-29349670,internet,59.249.219.227,-789548908,-148140448,-21263,100
huawei,-85,226057090818224,40701374172,2024-09-04 06-41-31,174.205.137.242,800754899,internet,183.45.183.56,1577679560,1520708870,-25204,14
huawei,-118,226058588561534,40714875715,2024-09-04 06-42-42,90.182.219.98,303965004,ims,86.11.166.105,1348652593,1221903905,-8900,-41
huawei,0,226053769776240,40728180859,2024-09-04 06-40-52,238.69.0.232,-1196345827,internet,143.237.31.210,114876982,748158026,25873,98
huawei,92,226057985145557,40792244658,2024-09-04 06-41-14,69.64.210.62,1498538207,internet,8.202.74.177,-426797154,524881947,18100,2
huawei,-37,226052427079434,40784769752,2024-09-04 06-40-10,215.148.199.72,921792211,ims,243.155.239.91,75419748,-1063789171,30925,123
huawei,12,226054606599696,40709074489,2024-09-04 06-40-57,205.167.6.124,-1070248412,internet,150.75.145.112,-465420120,-1697560023,23503,74
huawei,74,226051061634199,40752964012,2024-09-04 06-42-58,65.80.17.29,1506263380,internet,243.158.101.102,-916441936,-1170703700,-4982,-85
huawei,-120,226057705359003,40722479692,2024-09-04 06-44-36,22.52.60.166,-1872379436,ims,117.32.33.9,1849739042,1193904306,18199,102
huawei,-4,226057541193560,40701552936,2024-09-04 06-40-14,163.160.200.20,-996665929,internet,105.52.222.196,-507396551,-671669121,-26123,117
huawei,73,226058677262062,40701345781,2024-09-04 06-42-26,253.42.251.119,-638271527,ims,247.88.29.181,1456303333,1348057819,-23159,-41
huawei,84,226052289869526,40721788941,2024-09-04 06-44-40,91.50.46.79,-593688191,ims,100.0.98.123,-428044167,174962599,-1360,-102
huawei,115,226055917604773,40738033399,2024-09-04 06-42-51,195.50.68.215,-542415722,ims,225.105.120.85,1131773028,-1979599644,-13409,39
huawei,-17,226056335606990,40708443101,2024-09-04 06-40-41,190.236.56.22,366082618,ims,95.94.101.176,-493827335,-493476240,27742,-116
huawei,-23,226059470982088,40730486769,2024-09-04 06-42-32,137.149.216.237,-1228729007,ims,115.204.91.102,-1877222171,1244739142,26180,35
huawei,14,226055805917117,40729818154,2024-09-04 06-40-08,231.33.163.55,1754685968,ims,9.134.248.71,-2015360751,-1600904722,16149,-14
huawei,-62,226050967835459,40748577933,2024-09-04 06-42-38,2.213.157.121,2011711599,internet,237.92.1.216,1894649990,-640595785,-32262,-117
huawei,-30,226052177854166,40710225816,2024-09-04 06-43-12,172.248.226.217,240435110,ims,230.9.205.127,-820779044,-554620952,10811,-61
huawei,19,226056894457980,40701650511,2024-09-04 06-41-16,6.223.241.242,-1113201954,ims,233.61.180.88,-1341131982,1107086024,17506,21
huawei,74,226058375705942,40777368384,2024-09-04 06-44-13,169.73.16.136,1510739548,ims,119.217.10.106,-834985675,1641282162,22380,71
huawei,71,226055548650026,40771720666,2024-09-04 06-44-37,239.218.186.71,-962771278,ims,207.176.198.67,-968234123,1713314010,-20544,91
huawei,57,226053331338138,40709966288,2024-09-04 06-42-21,210.200.234.239,-945268433,ims,206.233.73.128,-405387409,998112495,27826,28
huawei,-122,226052420208872,40765208062,2024-09-04 06-41-34,38.166.119.154,-1892138225,ims,242.86.34.126,1728630468,-2030470141,-17342,99
huawei,-65,226051662138612,40701366816,2024-09-04 06-40-27,52.131.198.200,1797425330,internet,107.27.230.73,-563079773,953501255,2360,-32
huawei,-18,226057685977419,40709895236,2024-09-04 06-42-30,108.11.101.77,1355278344,internet,2.170.82.246,-104366871,-1665536032,-17959,45
huawei,-77,226056741088531,40776948360,2024-09-04 06-41-54,54.186.187.13,-1205823412,ims,236.148.178.77,1269563649,-337371255,-27914,-100
huawei,-110,226056660972329,40720251370,2024-09-04 06-40-44,222.242.117.6,-1414054963,ims,222.34.83.110,536961206,434793088,-7805,-59
huawei,33,226057536606334,40719993256,2024-09-04 06-42-58,1.31.173.198,392791672,internet,116.253.29.222,-1380171831,1034303790,-9742,-11
huawei,13,226056678229595,40715915317,2024-09-04 06-40-34,136.141.56.165,942350271,ims,231.2.62.201,-1875662808,513020530,-14835,49
huawei,-122,226055224427497,40780451583,2024-09-04 06-44-28,74.195.130.91,-1673879268,ims,103.126.47.21,1617381875,-1713343569,-7818,76
huawei,-64,226055688799924,40778925500,2024-09-04 06-41-44,90.192.146.42,-1441607748,ims,56.242.122.199,-1181870398,-693807715,32009,116
huawei,-33,226056386851055,40724328072,2024-09-04 06-43-27,22.101.187.25,-1930692858,ims,13.161.79.185,-174308173,-1198763945,-31135,-75
huawei,48,226054203059306,40766746471,2024-09-04 06-44-49,118.37.136.35,905098245,internet,173.2.127.86,1480929098,-731979762,3071,-12
huawei,109,226059301208504,40728992530,2024-09-04 06-41-46,12.224.202.56,1533546368,ims,181.58.121.42,155113271,1587982453,868,66
huawei,-102,226054818146860,40722807514,2024-09-04 06-40-23,223.87.158.172,-1441963921,ims,136.117.220.140,-776724417,1199740979,-13599,-112
huawei,106,226058126033001,40739778809,2024-09-04 06-41-45,7.138.7.27,1886928439,ims,247.218.159.96,-1491582175,-1733628034,-32471,99
huawei,99,226052775462492,40794248540,2024-09-04 06-40-47,197.169.246.171,-1356714931,ims,234.3.160.91,-502648379,876766656,-22130,99
huawei,62,226059604768382,40766195243,2024-09-04 06-44-00,249.107.150.188,1415999830,ims,76.163.219.27,784815550,-410703928,-25151,-70
huawei,-29,226056347423677,40732179401,2024-09-04 06-43-13,101.148.132.34,-1055195062,internet,129.228.34.58,2102176030,-1643400760,20066,10
huawei,8,226052514816308,40769069754,2024-09-04 06-43-46,10.186.152.70,-814434101,ims,11.188.226.68,-383502348,-914571310,-26851,-91
huawei,-58,226055863653619,40736038453,2024-09-04 06-40-57,229.37.193.73,413451423,internet,209.165.220.65,-1519421084,953321570,-29008,-58
huawei,-45,226051274420353,40774225516,2024-09-04 06-42-10,151.38.104.232,-1978427848,ims,154.78.49.211,33172825,1911943895,-13367,-90
huawei,2,226054645005482,40773562751,2024-09-04 06-42-10,109.242.89.191,1388769747,internet,115.15.93.226,-156684684,226707571,-13946,-20
huawei,-97,226058707979624,40712566512,2024-09-04 06-43-42,255.39.37.164,1092085766,ims,204.133.16.159,1693272426,-841248830,31274,-57
huawei,-44,226054575110597,40781269121,2024-09-04 06-41-08,78.193.11.143,-951618496,internet,116.145.33.235,2072231159,-885372660,15933,-91
huawei,40,226056695778972,40759806988,2024-09-04 06-43-29,66.131.117.8,-2120852890,ims,79.2.109.113,648335272,58953421,7877,-100
huawei,43,226053361546055,40774701625,2024-09-04 06-43-31,0.105.76.206,-518077152,internet,106.15.134.216,1003520110,1290173408,-12450,-115
huawei,-61,226052489462554,40721359336,2024-09-04 06-44-08,164.227.20.4,1993651579,ims,72.78.117.106,603765388,1129270223,-1844,66
huawei,64,226050496893272,40766556699,2024-09-04 06-42-10,180.94.194.142,-1122288623,internet,214.4.131.191,-704747757,-1536099930,-3052,-32
huawei,24,226057736404178,40718696677,2024-09-04 06-40-48,200.49.38.166,2146343628,internet,12.90.255.103,-7880625,-1528205135,-7095,-36
huawei,9,226056567748406,40744236700,2024-09-04 06-43-57,107.148.29.17,-38514375,internet,176.146.201.92,158599589,1965073816,20621,8
huawei,15,226056798881149,40723811573,2024-09-04 06-40-29,90.84.54.58,1859822389,ims,226.102.11.226,446465710,-955575490,-26583,-101
huawei,47,226052853838489,40786408032,2024-09-04 06-40-42,183.169.83.209,-1779082834,ims,122.214.198.200,657853983,-318536902,8871,-73
huawei,97,226056555818519,40701341071,2024-09-04 06-44-27,21.194.167.91,-2030453840,internet,142.160.162.60,1202185532,2082522905,-30031,-20
huawei,59,226050058597687,40755547337,2024-09-04 06-41-41,53.101.214.92,182043583,ims,9.199.1.72,-273199987,-1854375355,11550,100
huawei,-121,226050045956829,40730781014,2024-09-04 06-43-06,85.237.123.112,-1198164474,internet,221.129.94.145,1471947360,-1128712565,14708,-94
huawei,-126,226059524748178,40708942833,2024-09-04 06-41-41,75.242.240.67,430764723,internet,26.1.186.205,1996444594,-268205098,6946,59
huawei,-79,226056025843353,40787361021,2024-09-04 06-40-27,123.141.172.93,603759265,internet,6.113.127.142,-141040364,-317326863,-26565,13
huawei,6,226059233373491,40741378231,2024-09-04 06-41-56,93.237.102.94,-1604968408,ims,185.82.9.219,-101307169,978776942,25919,-119
huawei,-96,226057199540116,40743487522,2024-09-04 06-40-52,171.109.227.140,-195954922,internet,213.153.218.45,-1444692704,1574909008,30254,-84
huawei,80,226050731907335,40725360201,2024-09-04 06-43-18,216.175.220.222,-797976695,internet,29.158.118.206,-1330216599,2061701830,-28833,64
huawei,-118,226051070110254,40797576018,2024-09-04 06-40-22,15.2.0.168,-1193822071,internet,103.105.217.13,1937976191,-1784044096,-18409,11
huawei,35,226053548967876,40710192022,2024-09-04 06-43-44,151.106.100.66,272319600,internet,237.16.158.200,-107424936,1059415531,2788,-10
huawei,35,226055452778238,40784721272,2024-09-04 06-44-17,231.238.211.50,2008343084,ims,72.107.234.245,-248227199,-403417050,18605,-47
huawei,72,226053210966374,40721948615,2024-09-04 06-44-43,46.200.122.229,-616470209,ims,158.187.248.88,274015390,-1198736082,-11726,8
huawei,31,226052559297623,40737404187,2024-09-04 06-42-28,61.208.7.229,-1456301956,internet,6.218.109.12,-1745492787,1127238852,-10304,-16
huawei,-107,226054895844350,40702971482,2024-09-04 06-42-50,31.58.69.16,-1518073645,internet,2.105.49.103,-916934641,305673420,31087,-43
huawei,-111,226051874862118,40746485842,2024-09-04 06-42-09,205.172.139.81,1384303203,ims,114.5.154.143,-1852651664,791195447,27168,54
huawei,59,226058397097701,40754940100,2024-09-04 06-40-27,44.161.70.164,-2067641731,internet,214.253.249.155,689415349,-1394680723,-8155,51
huawei,-73,226053090743956,40725262162,2024-09-04 06-40-36,17.254.49.29,1380746395,internet,156.230.92.152,-764591563,2076274219,10669,-33
huawei,24,226054765072392,40702579648,2024-09-04 06-43-47,125.28.151.222,1574008588,internet,110.195.28.48,-1937101591,1223933455,3403,78
huawei,-46,226054151151216,40794398999,2024-09-04 06-42-48,180.59.13.39,-666535877,ims,222.42.195.197,-423983983,953250045,7719,-40
huawei,46,226054960190612,40750376381,2024-09-04 06-42-11,136.168.62.213,-852110890,internet,218.100.186.217,-228301244,1122689972,-30825,103
huawei,-32,226054171967765,40716511339,2024-09-04 06-42-10,249.158.55.179,-1638919326,internet,113.38.170.88,621988709,-128215854,-9625,-45
huawei,1,226056665698643,40778575968,2024-09-04 06-42-27,76.54.202.44,-1358351681,internet,23.40.145.10,850390018,-563681704,7808,-113
huawei,72,226057573548793,40705858784,2024-09-04 06-43-38,199.46.136.6,-482764108,internet,216.87.122.51,-1730434661,1911737392,-21998,-98
huawei,-39,226052905608255,40757607403,2024-09-04 06-43-55,188.92.38.191,480504394,internet,212.95.116.44,-1561473029,-436421227,15563,72
huawei,-21,226050484056738,40761782673,2024-09-04 06-41-47,174.140.231.9,582942071,internet,129.236.30.32,154560174,843623079,-15908,-36
huawei,-28,226055981753161,40763967083,2024-09-04 06-42-36,76.117.113.151,1910250109,ims,235.196.253.58,199000615,1045293459,24896,24
huawei,33,226051041839483,40711123344,2024-09-04 06-43-46,238.246.160.163,-632341853,internet,36.156.149.50,-829405473,704650912,-25136,-65
huawei,-45,226054551771424,40740860099,2024-09-04 06-40-52,93.135.174.115,-2013135006,ims,233.151.212.91,-613021306,-1939295353,22242,-98
huawei,-83,226058960397730,40717501394,2024-09-04 06-40-59,162.126.166.145,2109868727,ims,3.124.63.159,-597729009,-509546952,1653,-21
huawei,47,226054050743569,40754771918,2024-09-04 06-41-19,201.136.131.194,-1329410962,ims,3.239.12.76,1902126818,303585488,-8773,-32
huawei,73,226057302049015,40729896883,2024-09-04 06-42-54,127.183.13.205,-1596602146,internet,147.234.253.104,-1349825522,-1305435590,6985,-82
huawei,96,226055955763536,40707052188,2024-09-04 06-44-54,12.34.52.213,-1399617447,ims,83.178.193.106,-1636058841,-591280904,7339,-60
huawei,-16,226053342464104,40738909274,2024-09-04 06-42-28,103.175.227.101,1144597239,internet,251.250.217.97,335492441,1948526726,26721,2
huawei,-9,226058558265376,40732363217,2024-09-04 06-40-49,97.119.180.26,158721236,internet,114.75.120.89,544037710,-252432206,-9736,-28
huawei,30,226050767258610,40790789741,2024-09-04 06-43-32,209.42.104.72,-2071789131,internet,237.184.45.222,383022916,-568541282,4365,1
huawei,-106,226053494187710,40772751730,2024-09-04 06-41-29,183.60.63.70,1184258997,internet,149.32.4.97,287319933,-247626475,-29109,0
huawei,-18,226050999330891,40702862604,2024-09-04 06-42-42,247.124.206.207,1364781524,internet,171.71.209.19,-1175613024,1857584482,-3087,6
huawei,-53,226055214341260,40739109820,2024-09-04 06-41-46,95.243.126.12,208710306,internet,188.170.92.81,-2096072750,193673559,-17570,-29
huawei,80,226055513766663,40782992163,2024-09-04 06-42-52,193.117.6.241,-1493270577,internet,251.108.111.127,-1515413044,522823177,7370,-29
huawei,27,226055904447300,40734082509,2024-09-04 06-40-04,189.110.182.177,349488070,internet,209.105.34.223,-651184420,988241753,29571,112
huawei,118,226056020606210,40781680741,2024-09-04 06-40-53,48.253.83.142,199892976,ims,70.62.202.244,924261531,-941045762,-21513,116
huawei,-116,226052932818144,40752503168,2024-09-04 06-43-32,27.196.219.62,-469921833,ims,142.12.68.85,-1394072125,-1173999618,1782,-100
huawei,104,226057497979776,40775556625,2024-09-04 06-40-48,152.30.20.166,1951803765,ims,45.196.237.180,-2031353814,-1450551901,-25112,61
huawei,-68,226050793776074,40738545375,2024-09-04 06-41-47,63.166.217.86,-12510923,internet,4.110.52.137,-169612879,1546428979,25295,95
huawei,71,226058422782777,40704151455,2024-09-04 06-42-32,205.193.81.17,663255433,internet,134.32.207.186,690266502,-1138879475,-31175,-21
huawei,58,226050857011111,40747256632,2024-09-04 06-40-56,101.65.172.251,1898298627,internet,8.185.211.57,1420570692,1914372865,27307,-72
huawei,6,226052930091951,40758885809,2024-09-04 06-44-41,90.210.220.191,273075638,internet,79.134.74.161,763260628,99081188,8741,-65
huawei,-63,226053539111602,40730386642,2024-09-04 06-42-30,46.101.197.3,-108988676,ims,58.214.88.204,-1324713940,540728729,-3474,-36
huawei,64,226050167787565,40707535577,2024-09-04 06-44-31,26.148.84.240,-1228039548,ims,91.62.217.148,-1685719606,649408549,-9781,-68
huawei,26,226051854942435,40739746036,2024-09-04 06-41-43,153.129.18.33,1242848049,ims,157.159.9.240,1002104307,-147629496,-22929,-11
huawei,41,226050613382667,40709678889,2024-09-04 06-41-57,37.41.157.116,1994377460,ims,213.180.16.219,1275848892,-937674287,-18334,54
huawei,69,226054817080854,40769028910,2024-09-04 06-42-11,143.247.65.177,-416979819,internet,67.251.80.207,1044291855,-26355492,-27860,14
huawei,46,226055472092238,40706999136,2024-09-04 06-40-15,97.195.249.91,-177456449,ims,140.7.30.221,-1077046001,-1629545537,7162,100
huawei,-37,226050521834194,40727465893,2024-09-04 06-42-27,157.78.81.150,2114863932,internet,89.133.189.68,1536730991,-1522789670,-24973,-31
huawei,-38,226059127095559,40715511721,2024-09-04 06-43-28,184.7.107.19,-1540041892,internet,32.22.70.10,324516892,1303527430,27135,117
huawei,66,226057387872721,40782393232,2024-09-04 06-42-51,118.119.160.214,1369160909,ims,171.202.84.31,-1389642745,1345223240,23599,126
huawei,105,226051473851878,40745163003,2024-09-04 06-41-18,216.11.60.167,1232194396,internet,188.71.255.166,907911911,602764303,-25029,101
huawei,-78,226057323190442,40784312072,2024-09-04 06-40-20,90.185.83.129,-119084361,internet,160.196.119.181,309925960,-1637535411,-11503,120
huawei,34,226053859311633,40764713102,2024-09-04 06-42-59,40.246.13.146,-916676251,internet,144.195.76.149,-1271623123,1332842031,11019,88
huawei,-74,226050599220115,40720756564,2024-09-04 06-40-34,226.214.76.233,1611959380,ims,221.62.15.194,424708370,1231921879,5329,57
huawei,-51,226054366095045,40758907986,2024-09-04 06-40-50,58.212.8.118,-1424664867,ims,187.76.150.29,-120001473,1584433992,13095,58
huawei,0,226059765961950,40763038473,2024-09-04 06-40-04,150.127.173.245,-1236972412,internet,189.13.130.13,-126139028,25112870,-3542,-70
huawei,-91,226052650301028,40722922494,2024-09-04 06-41-12,119.52.31.75,-1362853936,internet,105.181.63.0,254729076,65801258,-16888,-122
huawei,53,226056674118685,40742177525,2024-09-04 06-42-38,224.163.198.183,496096201,internet,30.99.162.224,482723355,-1620685234,-15313,-110
huawei,127,226054645555012,40791612003,2024-09-04 06-41-46,85.195.23.78,2001117644,internet,136.219.150.236,-1999500526,-1886983138,13972,108
huawei,-118,226054525396469,40744044713,2024-09-04 06-41-41,139.99.253.222,1090494344,internet,84.159.202.115,-1115214118,141348219,13381,61
huawei,-15,226050881606020,40713752783,2024-09-04 06-43-44,213.22.195.201,-377249550,internet,181.86.56.149,950216961,441489248,13172,54
huawei,119,226055955537854,40767914097,2024-09-04 06-43-15,255.88.77.139,-2088816066,internet,191.80.129.77,-315890458,-1448376548,-12197,-95
huawei,-44,226057323295241,40738846540,2024-09-04 06-42-23,177.76.58.117,-1135723080,internet,31.21.7.117,-1174308608,-548687218,-26843,-75
huawei,58,226059375478266,40789026363,2024-09-04 06-43-13,144.163.62.192,-626305505,internet,191.184.130.3,2017467335,-554641255,-32053,-102
huawei,91,226057426504949,40776332580,2024-09-04 06-40-20,109.43.127.175,504381853,ims,60.158.94.159,1451848246,985027338,-17156,-11
huawei,109,226050197711738,40792375856,2024-09-04 06-43-30,225.39.31.65,-6130563,ims,144.121.110.49,1684278390,-1807744700,21124,72
huawei,-113,226050333845735,40796598698,2024-09-04 06-43-01,42.197.238.156,986363658,ims,121.188.215.29,-1643032915,926355338,-22819,41
huawei,80,226052913483823,40785941717,2024-09-04 06-43-09,54.51.163.0,213272860,internet,170.44.118.55,-53575259,-1141092397,26108,19
huawei,3,226051916925129,40742569354,2024-09-04 06-40-13,181.95.145.177,1555638887,ims,166.182.108.86,674554992,-155733863,21867,13
huawei,81,226050272690689,40779433181,2024-09-04 06-44-35,12.166.29.240,142443198,ims,25.244.78.144,-422229521,-1679630264,-7252,56
huawei,-46,226059928023562,40749885359,2024-09-04 06-43-16,36.177.66.136,1609902080,ims,30.44.108.124,-1448808851,-962708659,15736,115
huawei,74,226052894560559,40710222563,2024-09-04 06-40-05,180.45.66.181,215300685,internet,172.155.183.236,1442962635,1817178397,27745,-116
huawei,120,226052824375457,40795874009,2024-09-04 06-44-03,130.141.197.236,1508388840,ims,13.40.60.113,-942246251,-2082854039,1054,42
huawei,85,226054918717357,40728042534,2024-09-04 06-42-18,81.185.141.161,-706931279,ims,126.125.81.71,-1829248265,-1323695833,-17217,-42
huawei,95,226052025651337,40718278829,2024-09-04 06-40-42,59.236.128.137,1247712500,ims,187.38.98.101,-885058607,998050389,3823,121
huawei,102,226058253487785,40790203605,2024-09-04 06-44-52,107.106.125.68,1707535014,internet,194.53.84.201,-1780268117,-1318748470,-5353,106
huawei,-43,226059100362201,40765390992,2024-09-04 06-41-34,68.223.251.151,86390553,ims,85.199.125.252,-925606472,-614020916,-664,-35
huawei,93,226052093026256,40792019651,2024-09-04 06-44-22,82.229.145.196,363271646,ims,70.154.237.107,1226134961,-1232904311,13149,27
huawei,111,226053199372351,40722800217,2024-09-04 06-44-15,19.141.137.1,-408105329,internet,177.15.79.10,-203562531,-46062172,19686,44
huawei,108,226053333036974,40709218054,2024-09-04 06-41-46,11.169.160.76,2073417062,internet,69.66.131.90,-156957517,734002036,-794,4
huawei,-30,226057516250794,40754456516,2024-09-04 06-43-16,165.123.28.119,-1405181097,internet,141.56.160.174,487557446,904473827,2344,-84
huawei,6,226055159122622,40719478425,2024-09-04 06-42-28,99.75.182.140,1625703113,ims,204.84.188.123,-1602870326,-509385717,31152,50
huawei,-43,226051696765582,40789255424,2024-09-04 06-43-03,215.16.164.145,1069542428,internet,175.41.50.243,1667054749,1665537287,-23251,9
huawei,-23,226051432210433,40704912325,2024-09-04 06-40-43,30.38.190.13,-1828609373,ims,221.31.190.123,-1709630146,-430494364,7867,96
huawei,-120,226052146385778,40779471234,2024-09-04 06-44-40,133.249.20.50,-164929912,ims,38.120.177.208,1478036729,1687926273,9662,-4
huawei,8,226053343623097,40763635077,2024-09-04 06-43-26,210.60.25.79,1930318782,ims,64.180.77.34,1533679419,625001853,31550,5
huawei,75,226057240313126,40711344404,2024-09-04 06-42-49,108.151.62.144,1648630695,ims,135.201.183.233,-1862472265,162511591,31037,26
huawei,10,226057962987880,40724278351,2024-09-04 06-42-29,204.84.56.178,282843466,internet,99.137.67.31,2068164093,-15505876,-17897,83
huawei,99,226051899330991,40730925178,2024-09-04 06-41-13,241.128.18.136,-1841558828,internet,186.143.223.79,709410423,1929524544,-16813,-126
huawei,81,226055109718916,40767029354,2024-09-04 06-42-59,20.190.147.61,1475260438,internet,118.246.163.211,141767654,691533318,-6639,-35
huawei,29,226054020183277,40710768076,2024-09-04 06-44-58,206.104.51.131,-1405535418,internet,34.11.165.61,275651905,-1287548502,-20602,21
huawei,85,226055998404905,40709095113,2024-09-04 06-43-32,109.123.62.41,1937069633,internet,255.130.175.62,815942581,1243266778,7318,30
huawei,-93,226058061550564,40752336566,2024-09-04 06-41-24,65.99.229.253,-1939362510,internet,23.123.25.16,-476064068,-1504672966,20340,-87
huawei,-84,226058562001764,40725772116,2024-09-04 06-45-00,185.159.236.71,-443399998,ims,191.89.143.105,-64663669,-332654266,1047,38
huawei,-95,226052066530810,40761870053,2024-09-04 06-42-56,115.5.6.87,2107911715,ims,60.158.164.126,2046135712,533910216,21659,-48
huawei,116,226057385821771,40765236083,2024-09-04 06-40-16,157.125.127.242,620789715,ims,170.80.96.217,-787590841,5613483,12612,-39
huawei,122,226053299752498,40764480773,2024-09-04 06-43-43,222.130.142.173,1688995816,ims,241.79.234.78,-1182385584,-563888477,23003,-34
huawei,87,226059672855728,40737058076,2024-09-04 06-43-15,153.103.180.127,112728465,ims,29.49.142.36,-366065480,-1875102415,-17867,61
huawei,9,226054416167718,40749102057,2024-09-04 06-43-16,133.181.86.209,-1721625849,ims,17.67.54.96,-801394191,-1159564600,-2056,117
huawei,44,226058584978960,40760840770,2024-09-04 06-40-38,167.209.242.96,2131109036,internet,148.180.201.237,714400320,-811709002,10685,114
huawei,-121,226052792271098,40781715725,2024-09-04 06-41-31,96.252.152.187,1236588803,ims,219.245.83.162,-158001329,856898638,-9218,50
huawei,-114,226058247183628,40744728374,2024-09-04 06-40-33,180.203.163.222,-1180704281,ims,99.107.234.123,-240829824,-746889622,12185,59
huawei,47,226058109204519,40751009875,2024-09-04 06-40-20,25.149.137.208,-1226204180,ims,194.111.95.14,-1584698521,-1568720353,-19019,117
huawei,84,226058024264578,40749221322,2024-09-04 06-42-39,189.116.157.171,-184390879,ims,142.217.31.202,-276508516,746931578,31133,-110
huawei,-99,226055510167342,40701550142,2024-09-04 06-44-07,1.135.140.27,-1942522049,ims,166.55.161.251,-1911047288,-1209093705,-7691,-113
huawei,-123,226055868214392,40712813039,2024-09-04 06-44-41,72.188.152.238,-1081101457,ims,156.195.230.189,-646405125,-1851870378,-24461,-126
huawei,-96,226056926657467,40787475748,2024-09-04 06-43-44,202.131.2.97,1409655367,internet,216.106.196.195,-2013152936,-573151371,27358,14
huawei,66,226050368267766,40759419046,2024-09-04 06-40-06,24.238.9.214,1098014827,internet,58.96.162.247,1084024053,-1540701098,17004,92
huawei,28,226057824251156,40702222247,2024-09-04 06-43-36,75.190.157.173,911233147,ims,20.150.196.204,-664335961,-1612405172,-6865,-11
huawei,35,226055383174671,40768788178,2024-09-04 06-40-26,197.199.75.34,-198565433,internet,251.77.159.14,-1876564751,-1963575316,-19538,59
huawei,-1,226053473419469,40768862479,2024-09-04 06-44-57,27.155.171.158,1657817584,ims,99.68.135.148,424825786,1106350470,4225,-58
huawei,14,226057770252582,40788276661,2024-09-04 06-41-12,220.4.15.230,2059394514,ims,229.149.64.56,-764745223,2117275251,-7577,73
huawei,-103,226050653584129,40737920131,2024-09-04 06-41-12,243.34.54.219,2016070329,internet,115.237.74.113,-185423272,-518267021,-24762,-1
huawei,78,226054688219369,40778104489,2024-09-04 06-43-47,41.13.164.149,-217077735,ims,182.244.239.148,-213518153,-1289806533,-17311,31
huawei,-88,226053277162204,40713821434,2024-09-04 06-43-16,202.189.99.49,-410918770,internet,202.64.89.88,-1761936892,-281964629,9809,-64
huawei,13,226055098542155,40795477573,2024-09-04 06-43-11,68.196.103.142,-1763023218,internet,88.190.132.136,1270542401,-29789229,-1739,47
huawei,112,226058367090130,40716632927,2024-09-04 06-41-56,138.199.234.127,2042447937,internet,159.83.55.203,-1112786668,-599979876,27492,-17
huawei,-76,226052641631057,40763141524,2024-09-04 06-40-23,120.39.44.114,-1524835153,ims,105.130.160.124,1240242355,-1161543004,-32295,-113
huawei,-43,226054054191481,40718363004,2024-09-04 06-44-48,195.15.189.87,-95215319,internet,156.17.69.222,61439634,1958455461,29255,99
huawei,94,226055539051742,40735344547,2024-09-04 06-40-23,251.93.13.239,-1653325001,ims,116.70.9.126,-1951079593,1944866073,-8341,-83
huawei,-107,226057131717574,40760642085,2024-09-04 06-44-23,215.151.88.77,892467101,ims,215.23.112.186,-1544024347,-1661687970,24247,-99
huawei,-81,226056528583279,40798685762,2024-09-04 06-44-42,72.192.197.205,-1087732621,internet,141.92.8.58,503619965,-1823871896,26624,-117
huawei,39,226054000738022,40793610425,2024-09-04 06-40-38,1.138.86.199,-1789734184,ims,175.125.167.172,-661850784,-1172962836,-13072,-105
huawei,80,226053770114156,40713950115,2024-09-04 06-42-40,226.87.58.100,202310373,ims,90.120.234.92,-1592033022,805684549,-4769,-75
huawei,-68,226057885264773,40721872663,2024-09-04 06-44-59,42.51.85.148,1345382004,internet,6.68.47.0,224038281,710898013,17577,-7
huawei,-18,226053371754032,40720608847,2024-09-04 06-43-21,104.198.14.155,-672354458,ims,214.143.187.49,389655513,-1725441416,10151,-124
huawei,-103,226051135593531,40798942363,2024-09-04 06-43-24,226.226.250.164,-368762339,ims,201.26.187.136,-1562020448,1180341980,-6382,-30
huawei,-109,226050346056713,40784746355,2024-09-04 06-43-54,93.224.184.0,-1181391927,internet,28.223.250.86,160157441,37666179,-16872,31
huawei,37,226055090679628,40762528754,2024-09-04 06-41-36,121.85.88.54,-1825299944,ims,117.114.175.235,-1226644597,-120529066,-2816,24
huawei,108,226055858416745,40758676365,2024-09-04 06-41-28,117.24.119.197,-456398324,ims,103.112.41.177,904958517,-243510487,24626,117
huawei,-72,226051276333382,40759270505,2024-09-04 06-40-28,150.221.170.234,2113362669,ims,19.37.173.186,9548622,-318252659,-15488,126
huawei,-4,226053561862156,40728431426,2024-09-04 06-44-27,49.125.66.186,1544943174,internet,125.22.243.46,-574609093,-1784176361,-13446,-66
huawei,-23,226056435834898,40733000791,2024-09-04 06-44-06,225.242.164.151,1196831173,ims,184.167.150.8,2116226830,-613339925,17775,-76
huawei,72,226056603964266,40739797113,2024-09-04 06-43-10,65.118.211.166,1895192019,ims,31.58.164.131,952720775,-1704699974,-23310,36
huawei,68,226059735867573,40762040253,2024-09-04 06-41-21,79.201.166.248,-2012371517,ims,104.38.66.44,879793772,-1555246949,-16437,5
huawei,91,226058037397191,40779377794,2024-09-04 06-42-32,243.163.29.58,1756931266,internet,59.81.174.119,-854400393,-279350618,15417,-125
huawei,41,226051546292161,40768039978,2024-09-04 06-44-17,209.31.236.253,612278299,ims,31.169.128.247,1455739592,-1311886117,7477,-25
huawei,30,226056551746406,40738478032,2024-09-04 06-42-39,63.249.242.75,-717572925,ims,183.130.161.117,1227254808,1172963106,-28532,-117
huawei,-27,226059376020375,40789372218,2024-09-04 06-40-48,119.109.30.126,-612722761,ims,48.246.36.126,-1051636057,-537682700,7110,-99
huawei,-90,226053326141990,40771046763,2024-09-04 06-44-25,238.218.233.93,-278183441,internet,87.9.251.169,-1456863826,-406967763,19310,-49
huawei,28,226054457335436,40732471981,2024-09-04 06-40-59,133.130.198.212,-80447701,ims,14.161.17.198,-1923979827,-1738492702,17499,-8
huawei,-2,226058218425266,40785407078,2024-09-04 06-41-30,44.109.210.111,74726463,internet,48.107.72.39,1243631878,242985325,1126,49
huawei,-106,226059262690202,40787122412,2024-09-04 06-42-38,24.99.149.111,567138932,internet,252.148.136.36,-1451138950,-104463027,10828,-63
huawei,91,226055061834267,40790789977,2024-09-04 06-41-52,176.194.102.214,-2082539986,ims,45.89.170.87,222048835,-279720150,12858,79
huawei,30,226056492418732,40790423941,2024-09-04 06-43-25,143.42.103.87,-1763012432,ims,147.108.88.29,-2023733188,-145313224,5514,82
huawei,-98,226059449527402,40708585706,2024-09-04 06-44-25,13.166.248.111,741454767,ims,145.11.139.187,1458624217,-136495381,14115,-84
huawei,-53,226054107777455,40739711893,2024-09-04 06-44-04,109.236.4.46,1190173943,ims,161.70.25.231,492662194,-374606512,-6337,76
huawei,80,226054507795949,40720098656,2024-09-04 06-43-00,181.128.173.172,-936994857,internet,49.1.250.9,1728301763,-1721770831,5486,-39
huawei,-3,226053715380353,40764667301,2024-09-04 06-44-52,114.225.158.7,-580630517,ims,113.20.70.101,103596285,-640782773,21783,-41
huawei,70,226051863799846,40756446107,2024-09-04 06-40-49,6.210.4.118,315570826,internet,46.238.7.39,-228181233,219408513,-18133,111
huawei,113,226057294864486,40761530482,2024-09-04 06-40-57,104.136.173.209,-1377326036,ims,85.9.22.30,-975931181,-2070240601,15747,-5
huawei,-71,226052340291977,40704230885,2024-09-04 06-42-55,80.251.98.193,-2055547625,internet,56.8.58.56,898245035,333415189,20731,89
huawei,-49,226052653791974,40730581954,2024-09-04 06-41-49,63.82.119.181,979129226,ims,64.141.45.152,-295209822,-129972237,-303,16
huawei,103,226055614176133,40754854886,2024-09-04 06-41-40,78.223.225.174,1054517896,internet,229.212.96.130,-256449765,318907123,-12,-96
huawei,12,226051031467265,40764409891,2024-09-04 06-41-36,226.116.33.192,-1263504746,internet,31.103.235.227,1911175877,1939855254,22619,51
huawei,-103,226059819943943,40791721246,2024-09-04 06-43-18,200.132.131.21,1886671584,internet,207.41.10.133,-232005482,1807168268,-2934,-101
huawei,-78,226055976823649,40764051509,2024-09-04 06-43-33,85.156.162.1,-1118829185,internet,93.52.209.105,395619364,-828291746,932,8
huawei,0,226055710513561,40794024962,2024-09-04 06-40-19,171.124.131.14,-1287529783,internet,230.23.82.222,385065708,495227844,-18471,108
huawei,31,226057274618473,40738802456,2024-09-04 06-43-50,132.48.3.200,1592963288,internet,34.234.79.39,-645322917,1584519549,-19072,-126
huawei,86,226053824615343,40780594068,2024-09-04 06-41-30,191.17.249.125,-1140873801,internet,44.245.99.41,704536431,1022776570,-897,90
huawei,46,226050984057113,40728925015,2024-09-04 06-42-48,132.103.117.230,1857699137,internet,113.0.74.74,184558299,-972312061,-21106,-14
huawei,-112,226050375797852,40701725811,2024-09-04 06-42-41,94.197.104.243,-433175478,ims,252.249.82.222,1328945609,1556040097,8831,-45
huawei,-5,226050818571019,40774569504,2024-09-04 06-43-06,82.78.25.249,1519455124,ims,23.123.26.201,374927947,1156598921,-505,-67
huawei,-25,226052333349034,40772729604,2024-09-04 06-41-35,199.211.167.180,-421601607,ims,182.195.96.238,-1321753441,-1718022246,-19722,81
huawei,-105,226056902017635,40759401493,2024-09-04 06-43-40,91.164.143.63,-44800232,internet,125.16.9.117,-2120061807,1317609704,19399,-120
huawei,-74,226051689507553,40789307709,2024-09-04 06-42-29,140.153.79.49,-745841277,ims,184.43.66.16,-913198240,1340856948,-24904,-105
huawei,-59,226058822551922,40757937294,2024-09-04 06-42-26,137.234.128.33,1132599858,ims,56.21.40.197,-1739740017,-2039887516,-28191,123
huawei,-73,226050710034961,40728626234,2024-09-04 06-42-32,197.59.139.16,1492742976,ims,126.139.35.163,-1433873016,-1045010719,-16815,-5
huawei,-119,226053080066058,40744582220,2024-09-04 06-41-49,140.219.226.214,670419714,ims,214.215.5.135,2088939030,-1806910587,7203,23
huawei,122,226056777169746,40787677813,2024-09-04 06-44-27,90.56.191.72,1049155579,internet,51.171.163.233,-1206655925,1884614994,-21360,-60
huawei,-97,226052896285529,40746313273,2024-09-04 06-44-39,136.120.131.116,-1928188330,ims,0.51.128.200,-868493068,1384337186,31573,-25
huawei,14,226051881360025,40743274870,2024-09-04 06-42-04,0.20.200.27,18014772,ims,90.142.166.231,-171042930,-1412854589,-26642,-42
huawei,-98,226053094459842,40778922605,2024-09-04 06-43-32,232.72.120.229,523871382,internet,215.153.6.17,2072566425,1014663431,-18310,-7
huawei,114,226059415374291,40746272662,2024-09-04 06-40-19,133.242.255.74,1247302373,internet,202.99.136.107,1116716142,1875512315,-14737,-55
huawei,-90,226050391066577,40752219800,2024-09-04 06-43-48,209.70.110.211,847820895,internet,231.154.75.11,-1388327935,1805019558,22921,-25
huawei,88,226052498242245,40739913181,2024-09-04 06-42-35,166.99.235.192,-43962249,internet,128.217.14.179,1561997942,-1793863311,13164,9
huawei,119,226058106869965,40734782549,2024-09-04 06-40-55,37.105.55.39,354556008,ims,22.142.193.117,1610202948,1240656979,31722,81
huawei,-47,226050154736007,40757415083,2024-09-04 06-40-17,41.237.13.120,-1771229470,internet,78.244.17.56,867154394,1687037051,-10807,-24
huawei,-59,226055595712166,40755577022,2024-09-04 06-43-53,236.188.234.215,-1211334553,ims,57.196.127.62,-649204276,-1930924566,-22066,-108
huawei,-105,226050661901521,40759941687,2024-09-04 06-42-51,161.69.84.111,272247721,ims,169.206.69.188,-663363902,-1567300354,-18211,-46
huawei,96,226051102470952,40740992415,2024-09-04 06-42-43,205.250.118.194,972372556,internet,101.188.57.173,-1071456568,-1121099701,-10224,-47
huawei,57,226052945333840,40716439103,2024-09-04 06-43-36,49.106.77.25,-482076091,internet,223.151.244.37,354967110,1559321849,10808,-73
huawei,6,226059330374031,40704007249,2024-09-04 06-42-34,26.143.201.147,68120242,internet,253.199.54.79,569007245,1331277443,1358,74
huawei,104,226052279806333,40772750692,2024-09-04 06-43-43,133.5.59.177,1452348585,internet,59.161.104.158,-833969815,1188201002,-18385,-57
huawei,34,226054624850883,40752204642,2024-09-04 06-43-35,211.65.145.175,-2050579255,ims,54.95.222.200,339150107,-1559082369,-25395,-18
huawei,46,226050890879518,40758232390,2024-09-04 06-43-26,8.19.86.98,402919403,internet,125.209.191.183,-1501608161,746518178,-12211,78
huawei,2,226055163336074,40717257372,2024-09-04 06-41-51,92.216.151.36,669087228,ims,34.98.131.182,816296455,-694644389,7005,-49
huawei,-22,226052479573762,40724023991,2024-09-04 06-40-34,32.168.38.62,1466569800,internet,245.32.89.35,-1441114159,-1280255941,9341,-97
huawei,110,226059631175554,40798724394,2024-09-04 06-41-10,246.64.53.1,1981615283,ims,199.137.13.12,-1909852634,536292783,28920,-88
huawei,68,226050922571892,40720351320,2024-09-04 06-43-34,32.21.40.69,645810123,ims,175.205.181.24,1932258291,695121609,20862,104
huawei,93,226052576259802,40794708626,2024-09-04 06-41-27,134.85.188.223,1647728398,internet,17.55.194.52,849911417,-842974121,4387,94
huawei,-62,226059550789715,40768141505,2024-09-04 06-44-59,15.96.32.66,513704971,ims,64.115.241.217,72847700,392307339,3806,69
huawei,-32,226059702902601,40714841002,2024-09-04 06-45-01,252.218.108.234,-1411540869,internet,14.200.74.78,1522243999,-41271614,27475,-110
huawei,-49,226059879485065,40732737670,2024-09-04 06-40-30,116.72.112.138,-1777340312,ims,208.162.85.124,533028358,1810116194,21232,-59
huawei,-82,226051818598714,40711082985,2024-09-04 06-40-14,229.91.201.244,1335874244,ims,197.118.249.150,-1139818618,-827883825,-16683,97
huawei,50,226057498300028,40799436911,2024-09-04 06-40-12,220.143.251.123,1715760008,ims,192.158.240.238,-1273207334,-336443202,4092,-58
huawei,-61,226053422096880,40728556798,2024-09-04 06-41-36,107.229.199.126,-2038403915,ims,23.64.135.159,1659072589,55478753,-5372,56
huawei,-123,226052438624856,40799666199,2024-09-04 06-44-15,119.207.127.69,-591554562,internet,80.127.8.28,1012489279,1959227404,29768,52
huawei,26,226052320275952,40776794822,2024-09-04 06-40-45,130.50.227.29,274281707,ims,233.40.164.238,-1336603655,-1163423912,-156,-63
huawei,-32,226050313837263,40728668667,2024-09-04 06-40-03,58.157.149.66,-1214555805,ims,251.168.200.156,1442019827,1987463858,24715,65
huawei,83,226051873067609,40701688487,2024-09-04 06-44-35,209.190.3.181,-991031631,internet,89.213.81.133,732012742,823431602,27884,-103
huawei,112,226059854047263,40761290641,2024-09-04 06-41-07,211.29.179.220,-1885067208,ims,107.67.19.23,1717751647,-1072154940,23094,-44
huawei,-36,226054141211452,40706822821,2024-09-04 06-40-32,53.42.89.185,1923043545,ims,7.190.94.57,1120253566,373114320,2263,-81
huawei,95,226056499392607,40710453579,2024-09-04 06-43-52,244.150.147.179,1492822842,internet,23.100.127.233,-1137341274,-472450645,21244,35
huawei,-3,226052911707303,40781617249,2024-09-04 06-40-54,197.217.245.205,-1188314231,ims,223.229.86.18,2004172060,-40142334,7427,-49
huawei,-75,226054381095991,40712253074,2024-09-04 06-41-52,171.251.101.126,979726696,internet,233.232.150.248,1271004017,775955018,-13537,44
huawei,-5,226056505150959,40786514696,2024-09-04 06-44-20,216.77.130.255,1987116935,ims,18.151.88.133,1202528949,-1836876000,-28917,-87
huawei,-38,226051394342161,40721376526,2024-09-04 06-44-22,156.63.163.57,-443657934,ims,19.241.57.107,489226211,327908522,8102,-83
huawei,125,226053076685574,40749557069,2024-09-04 06-40-39,23.163.25.178,867046360,ims,121.157.40.188,94420966,1179773757,-19042,-19
huawei,19,226056793137223,40744707403,2024-09-04 06-42-58,155.216.249.245,693890877,ims,8.254.213.127,902485516,-2061033983,12909,121
huawei,68,226055054551577,40772840332,2024-09-04 06-44-26,55.180.14.129,1614726340,internet,18.126.255.243,-589937693,-448374072,14549,11
huawei,-16,226059629547616,40730098238,2024-09-04 06-44-13,101.237.24.11,299053998,internet,64.164.58.147,277096864,-2074082130,31172,-82
huawei,-66,226053223224568,40785886509,2024-09-04 06-42-19,170.42.216.114,-926783857,internet,183.159.174.118,2065751097,-1428438878,-5819,-53
huawei,24,226051357623319,40730467072,2024-09-04 06-41-37,69.126.220.78,-405218818,internet,15.75.23.100,1499503670,472573958,-16607,-9
huawei,-54,226057897188397,40710293082,2024-09-04 06-41-20,163.94.32.71,619634599,internet,182.98.163.152,1363484180,1715546154,20818,83
huawei,107,226054264117523,40731337575,2024-09-04 06-43-45,47.111.2.185,222063514,ims,222.57.36.230,-960232188,-1040779397,2643,-18
huawei,58,226054208228922,40765477310,2024-09-04 06-44-05,135.185.226.68,-1493468289,internet,133.37.45.160,525199191,-363957830,-27760,-41
huawei,17,226053827531811,40721902081,2024-09-04 06-41-23,48.83.126.230,-1089069955,ims,251.198.174.68,-666843659,-1228658265,-20328,-3
huawei,57,226052655554453,40730001808,2024-09-04 06-43-55,177.1.103.192,-687102879,ims,212.212.23.69,1116523158,225339051,-24246,14
huawei,126,226051381640434,40766760743,2024-09-04 06-43-14,78.70.254.7,-2058150528,ims,83.77.201.120,-1740121394,-640656467,-27446,118
huawei,113,226054067064521,40729515780,2024-09-04 06-40-41,90.24.99.241,-1701507515,ims,27.222.37.94,1338086767,80300173,21693,94
huawei,7,226051679713197,40716571316,2024-09-04 06-43-28,204.240.77.119,-887580012,internet,75.57.144.33,-564331487,-494605845,1078,100
huawei,-121,226050753169100,40708070628,2024-09-04 06-45-00,118.224.184.31,1994680105,internet,254.57.238.167,558756109,1040984597,-24099,36
huawei,42,226052083658999,40749835985,2024-09-04 06-41-09,131.86.55.61,-1525793692,internet,97.199.193.90,-721545248,-270842176,27545,-80
huawei,36,226052138615265,40707551779,2024-09-04 06-41-10,136.44.107.113,-781621239,ims,114.93.244.79,-698502058,-2100884899,-15189,-22
huawei,-44,226050844121521,40722949300,2024-09-04 06-40-18,116.17.9.0,-461146166,internet,226.77.112.149,1255946566,2058251806,-24810,104
huawei,90,226057677244797,40737063382,2024-09-04 06-43-21,32.226.218.45,1513779888,ims,64.186.117.176,330065532,757716230,22736,105
huawei,10,226059418711090,40756765427,2024-09-04 06-41-30,112.20.104.100,-225585612,ims,235.216.119.223,-1214323446,1485957581,-11540,6
huawei,-111,226056263482144,40721623065,2024-09-04 06-43-21,70.67.175.170,-1403588190,internet,115.230.10.198,-852284696,1746088346,25772,-70
huawei,66,226059587791890,40747352957,2024-09-04 06-40-39,77.170.22.39,-1836406670,ims,82.30.2.246,2073495240,-703466873,-10270,117
huawei,91,226053315627340,40787648245,2024-09-04 06-41-33,1.37.211.219,-380896503,ims,188.151.67.35,-73125389,552893856,8631,-47
huawei,44,226056525836770,40783790040,2024-09-04 06-41-33,101.244.24.27,-545344917,internet,201.222.179.144,-517540901,913514801,-9802,-42
huawei,45,226059889075615,40783782043,2024-09-04 06-41-32,6.25.27.160,-1035595374,ims,78.195.108.161,261926163,-1256105118,20302,-85
huawei,122,226058306113679,40724590186,2024-09-04 06-43-05,148.18.31.148,1856796513,internet,226.66.128.182,2010933746,1200621590,-374,-22
huawei,-7,226059247491849,40704205334,2024-09-04 06-42-43,114.99.150.12,-139716898,internet,171.228.32.238,-147896730,1654755199,-16771,103
huawei,18,226053866501433,40742603569,2024-09-04 06-42-32,167.77.23.208,-2108364714,ims,130.73.228.194,1821819484,-795505085,7335,121
huawei,-16,226052104571573,40784787296,2024-09-04 06-43-54,178.182.47.113,874703930,internet,3.231.144.213,-1685441367,-1502853215,-4273,102
huawei,112,226059692369924,40798326072,2024-09-04 06-43-04,96.44.102.177,-1929302812,internet,97.144.170.108,2129320697,3378607,-21578,-30
huawei,-39,226054970663567,40700279424,2024-09-04 06-40-07,204.162.18.11,1137239857,ims,250.40.93.242,1029604710,-633289634,22206,109
huawei,24,226053667254456,40777195811,2024-09-04 06-42-28,77.16.129.168,678134896,ims,23.178.184.188,-315744254,1237904358,3672,-127
huawei,-92,226050118440214,40795584533,2024-09-04 06-44-11,73.92.109.209,113019906,ims,57.169.150.206,-1714438098,-764855264,12727,109
huawei,-37,226052377068615,40769810189,2024-09-04 06-42-39,223.122.230.84,-1295714774,internet,179.115.27.249,38877428,1621163320,532,65
huawei,27,226050253024660,40787636903,2024-09-04 06-41-40,207.3.2.67,-38963739,internet,10.127.173.249,920406676,-748365890,-23812,-4
huawei,-87,226057081860213,40756433067,2024-09-04 06-44-00,106.177.2.80,1189853935,ims,152.16.101.189,1636538303,-403038386,12664,-1
huawei,-34,226055439386974,40746854543,2024-09-04 06-44-24,22.44.104.77,-405280687,ims,166.61.245.17,108581840,557050212,-692,-53
huawei,14,226057788340172,40766812681,2024-09-04 06-43-46,166.73.243.79,-1432776754,ims,193.88.200.118,54440813,2087657926,11770,8
huawei,-38,226059026081101,40725084111,2024-09-04 06-42-25,69.152.189.172,-852656053,internet,120.188.144.107,-5144737,-858997639,19034,-124
huawei,70,226054227451649,40797803688,2024-09-04 06-43-56,171.170.184.31,-1501645284,internet,136.193.243.189,-282671314,-1909916486,-22077,-6
huawei,123,226052008921387,40737216724,2024-09-04 06-41-58,70.75.200.139,734745046,internet,48.189.165.212,-293245395,-571760242,-14792,-58
huawei,38,226050450359353,40772427815,2024-09-04 06-44-22,199.233.183.23,-2034718709,internet,78.53.249.24,-1236226799,1631747899,1445,94
huawei,98,226052465274682,40738129605,2024-09-04 06-42-44,150.186.3.150,1671704870,internet,72.206.50.37,370449667,871390588,-23073,98
huawei,8,226052065186288,40776996854,2024-09-04 06-44-12,29.104.149.4,1621343511,ims,39.247.44.250,176299117,-199030454,-4649,73
huawei,-48,226051983398057,40761261573,2024-09-04 06-44-21,242.15.209.174,975100732,ims,36.117.251.85,-1151721120,537404294,-16058,-50
huawei,-111,226058983768261,40708936746,2024-09-04 06-41-24,103.112.74.3,-205409148,internet,147.163.83.136,1773408037,1077360331,-23255,71
huawei,88,226054985110897,40752462651,2024-09-04 06-41-35,188.141.204.191,-349446277,ims,49.173.202.135,-556588574,-1424494694,17199,7
huawei,15,226052228871061,40707786081,2024-09-04 06-40-54,103.45.212.46,1753420411,ims,110.40.145.203,594502143,1677890681,-6266,69
huawei,65,226056447485573,40736969207,2024-09-04 06-44-41,147.9.200.172,988292987,ims,142.159.221.204,-1694951633,869239650,-30665,-61
huawei,-65,226050428936614,40781863479,2024-09-04 06-40-59,72.11.97.228,1635382284,internet,207.210.171.175,-1987498600,52506176,22831,-64
huawei,81,226055007752220,40794590280,2024-09-04 06-42-18,121.5.142.102,2125648818,internet,7.57.13.96,79562540,-548833216,774,-43
huawei,-89,226054466557089,40706721298,2024-09-04 06-41-10,12.120.232.26,-2027904060,internet,32.14.77.201,545869857,1506630184,13002,36
huawei,-118,226059962488814,40786460136,2024-09-04 06-41-26,186.153.162.149,1779500382,ims,243.237.132.12,66918697,-1393723533,-1521,54
huawei,-33,226052875426864,40784988072,2024-09-04 06-42-50,17.76.157.29,273723466,internet,155.135.220.168,143232337,1145485670,20057,31
huawei,70,226059742634638,40791498168,2024-09-04 06-44-25,164.113.236.100,-1115894481,ims,104.58.133.18,-1208185686,-1291474441,7285,48
huawei,-21,226057412331673,40765478474,2024-09-04 06-41-03,11.84.73.194,-579304301,internet,239.74.166.234,1061448225,-414578652,13531,-53
huawei,-41,226057742643349,40781687000,2024-09-04 06-44-53,67.211.202.243,-1816655348,internet,109.48.16.44,1202518806,1844803386,-11884,-53
huawei,118,226055379996921,40784559742,2024-09-04 06-42-56,19.90.170.41,-266180692,internet,96.52.186.176,2631736,-322866475,-12438,-66
huawei,55,226051128904476,40763777003,2024-09-04 06-41-33,222.27.203.142,-814006555,ims,84.63.84.97,189095260,-1167614494,249,-39
huawei,100,226059529699774,40766961293,2024-09-04 06-41-46,162.20.54.181,892829822,internet,240.242.30.100,984184326,-1836364797,-16582,-5
huawei,104,226055145829626,40778975069,2024-09-04 06-44-26,221.140.194.169,1427436554,ims,154.123.105.68,1460413882,1940543934,25454,98
huawei,-112,226050163639274,40797312311,2024-09-04 06-43-31,93.245.118.90,-611410136,ims,137.1.219.174,1116100372,194700003,3340,-128
huawei,72,226052638062446,40717081022,2024-09-04 06-43-14,17.162.249.225,1279104756,internet,235.121.169.158,1300348784,1263735066,17413,46
huawei,56,226052703202863,40764574082,2024-09-04 06-43-07,77.27.26.108,812265758,internet,247.51.155.115,-1673380763,1886212024,3939,12
huawei,0,226050890823459,40760383259,2024-09-04 06-41-47,209.246.155.91,-875650971,ims,145.58.52.85,1903587590,1773897306,-13611,31
huawei,27,226056408179576,40761536806,2024-09-04 06-40-03,105.151.130.135,637494321,internet,58.206.237.5,-2135402926,-463595636,-19486,-97
huawei,-104,226058516626692,40767016268,2024-09-04 06-43-31,30.68.219.122,1749850694,internet,193.88.87.31,491155803,15075338,-31061,-48
huawei,-82,226058026173532,40776440917,2024-09-04 06-44-56,104.132.88.153,-439930352,ims,162.135.194.109,790628501,-455313027,-1744,30
huawei,-70,226051478508746,40712922627,2024-09-04 06-42-16,160.70.160.245,-1067911751,ims,77.209.126.148,-1840260458,351831054,3592,88
huawei,23,226059857409567,40701220995,2024-09-04 06-41-27,172.14.122.174,291045462,ims,88.36.213.181,-1413904127,1822878020,17553,-33
huawei,-49,226059628907537,40743313436,2024-09-04 06-41-26,152.156.85.216,-1760860584,internet,192.83.74.230,210518305,-1188674379,8085,112
huawei,122,226055757237765,40772037785,2024-09-04 06-41-43,196.129.184.172,-221863059,ims,112.222.144.138,-1323932533,1481877799,-17677,61
huawei,-62,226059725564059,40731903324,2024-09-04 06-41-38,80.117.13.72,1126477817,internet,68.168.147.154,366735673,-292450632,24152,113
huawei,114,226054113190784,40766746447,2024-09-04 06-44-35,195.135.254.185,-1835799421,ims,74.22.179.181,1825795118,850223160,9704,97
huawei,-6,226052628071868,40768673224,2024-09-04 06-44-30,4.217.178.127,-735846881,ims,234.79.86.131,756149414,303756699,31649,-98
huawei,97,226050146632714,40773100870,2024-09-04 06-44-30,35.239.48.207,-1366968277,ims,181.120.57.72,-945984202,-402395454,13505,-87
huawei,-106,226055647882196,40743097924,2024-09-04 06-40-49,59.243.80.68,-1513145422,ims,204.74.5.11,-1140106474,551043271,5142,76
huawei,-57,226052558257085,40783543828,2024-09-04 06-41-52,168.94.175.198,-1440073838,internet,146.181.185.38,1647909683,-977778538,-7776,-48
huawei,-126,226058436452946,40754429845,2024-09-04 06-40-29,244.11.247.84,446389184,ims,47.219.254.171,-501099522,1897938389,22031,-48
huawei,75,226059816907110,40732918901,2024-09-04 06-40-16,63.107.40.42,701850625,ims,188.217.185.131,-1928932858,-677259220,-32282,72
huawei,-87,226058069797425,40709576876,2024-09-04 06-43-44,109.142.91.119,-1265436217,internet,6.230.164.147,1341393595,1839689919,-1231,71
huawei,-18,226058043906266,40769987994,2024-09-04 06-41-50,8.247.174.138,-1680124646,internet,209.48.47.27,1379225167,-1621377493,18238,-112
huawei,-22,226051896363475,40769599390,2024-09-04 06-40-56,233.222.172.105,-2053760805,internet,107.91.228.207,-2051382443,-488130655,4898,-28
huawei,-12,226059284179110,40734912985,2024-09-04 06-45-01,244.143.70.186,1096656470,internet,25.61.112.65,231658416,-1863577524,15216,-120
huawei,105,226057868312504,40751737156,2024-09-04 06-44-26,130.248.126.158,1389891483,internet,9.177.205.197,1509573579,1410302250,-32359,66
huawei,-117,226056667774745,40742106810,2024-09-04 06-41-04,210.226.91.42,81141538,internet,40.101.141.182,2022935193,1656988762,-5944,-36
huawei,-18,226057623578067,40725525828,2024-09-04 06-44-28,65.152.94.16,1100980217,internet,96.29.120.225,212340239,-255309111,-24083,-103
huawei,-92,226052715795713,40779353398,2024-09-04 06-40-53,70.124.68.57,-323371255,internet,232.101.36.238,-415708845,1499939960,30653,-38
huawei,53,226058421338376,40770061042,2024-09-04 06-44-56,123.148.206.82,370114336,ims,100.226.212.215,-1036432101,2048290694,23534,20
huawei,-60,226057300433904,40748409019,2024-09-04 06-44-37,161.121.123.120,-2061368082,ims,68.106.250.80,-1135957093,724652254,23852,110
huawei,-41,226057841024978,40777711440,2024-09-04 06-41-17,191.21.168.76,1087715909,internet,1.205.156.71,1424492258,495290020,5149,-90
huawei,90,226050332374733,40760732647,2024-09-04 06-44-01,151.58.154.158,1425838824,internet,37.8.4.182,1820220879,1489430342,8281,89
huawei,20,226056075995586,40781334587,2024-09-04 06-43-04,87.155.244.113,-692508644,ims,24.253.236.204,1966791011,1104595681,-31776,0
huawei,-107,226052013083962,40788583356,2024-09-04 06-41-39,143.231.15.254,1574456093,internet,192.42.240.0,-669927342,-961809388,-13360,-93
huawei,-30,226059217025504,40794924146,2024-09-04 06-44-40,255.223.152.176,1255960213,ims,154.231.10.255,-1541771471,-1188909774,-22104,-57
huawei,-85,226056304502441,40790845677,2024-09-04 06-41-38,62.119.221.127,686066792,internet,227.99.84.156,-181088720,1800974277,-4958,-39
huawei,104,226058507625314,40791852223,2024-09-04 06-40-31,46.198.152.212,-1343066486,ims,83.234.247.233,-1588370074,-640368878,418,-47
huawei,-11,226054274933554,40743699140,2024-09-04 06-43-05,98.24.153.81,1598250644,internet,120.58.146.66,1721395094,1285765197,-31638,-57
huawei,64,226052061372289,40711186430,2024-09-04 06-41-30,36.155.212.255,2025365870,internet,215.14.165.196,-1960601156,-1678365127,8857,-116
huawei,124,226051211260130,40724721376,2024-09-04 06-40-21,34.231.142.95,1619361581,internet,239.201.10.165,1119584384,-183868745,17679,-38
huawei,-65,226051829290277,40781351754,2024-09-04 06-40-47,0.112.95.122,1608451853,internet,168.12.2.118,1729416721,1187788243,-4378,120
huawei,16,226053797465233,40762441409,2024-09-04 06-40-26,13.188.160.213,1610068865,internet,187.115.206.232,1594486477,-1157081869,-29506,-77
huawei,-24,226055710033608,40777283406,2024-09-04 06-40-35,244.14.75.111,-813036429,ims,18.28.34.70,191326092,763280663,-28639,-21
huawei,-19,226054636296221,40755167349,2024-09-04 06-43-01,205.145.14.109,1040542619,internet,170.81.182.131,453752361,-1623067821,-10815,-64
huawei,88,226052520582038,40733502793,2024-09-04 06-42-36,238.58.197.254,-1367974455,internet,80.148.212.11,-222842820,-218127907,-20379,89
huawei,66,226054618606713,40754297780,2024-09-04 06-43-13,231.44.201.48,-1597876226,internet,83.186.164.61,-1781690882,110305422,-21871,109
huawei,-126,226058323180227,40716621003,2024-09-04 06-43-17,93.72.51.90,-1004362681,ims,72.213.101.126,1977713158,-156283826,-19185,126
huawei,20,226057701225834,40758786403,2024-09-04 06-43-39,18.127.198.101,139550871,internet,37.237.149.195,-2005091363,791430979,23236,99
huawei,-44,226052612520710,40796248098,2024-09-04 06-42-58,114.26.36.59,-557032451,ims,160.71.142.65,2032068056,1110988240,19047,33
huawei,28,226058970482962,40730040880,2024-09-04 06-43-56,93.208.206.173,1449539799,internet,220.180.153.224,-1829882605,755104997,-13501,-73
huawei,118,226058999285913,40763124362,2024-09-04 06-42-55,202.176.235.38,-1933161339,internet,18.204.206.226,906037964,-1025439627,-13231,-51
huawei,29,226054480145853,40786741349,2024-09-04 06-41-13,0.215.14.236,-1038535608,ims,207.250.150.186,1740225691,402095776,-22399,77
huawei,8,226055739061730,40718952283,2024-09-04 06-41-52,156.18.34.147,-29089535,ims,149.119.243.39,2034265954,-714656541,-9094,87
huawei,-33,226053266186246,40795980747,2024-09-04 06-44-01,242.94.194.58,-766439434,ims,156.220.135.243,1762562284,721609761,-979,89
huawei,-84,226059243841210,40786262482,2024-09-04 06-44-57,1.236.60.90,-1830586342,ims,247.159.95.135,-1910169506,889761076,23557,51
huawei,-61,226054022273287,40797796946,2024-09-04 06-43-48,158.158.202.38,-221124729,ims,12.147.203.165,-1915502001,-2041401915,4484,42
huawei,-122,226057248417534,40754269815,2024-09-04 06-43-40,205.207.214.46,-904455774,internet,166.102.168.207,-918765524,123045943,30728,-77
huawei,-13,226051803400257,40764294444,2024-09-04 06-42-48,172.99.157.75,-651621839,internet,32.54.233.49,1006491235,1343097515,23528,-41
huawei,-73,226058054213765,40703008887,2024-09-04 06-44-13,150.158.176.100,83657096,internet,113.199.56.214,-1380024345,-881138217,-14549,-117
huawei,-41,226054536524475,40778164691,2024-09-04 06-43-07,213.82.80.111,-833653469,ims,253.208.85.225,313797148,-1058244803,17808,65
huawei,-116,226052759473364,40728118364,2024-09-04 06-42-52,240.104.231.181,-580193320,ims,71.9.138.237,724467661,-560496946,22180,-85
huawei,68,226057949721531,40724781604,2024-09-04 06-41-12,6.188.57.112,-1242283645,internet,196.50.160.142,84163187,435986936,-24930,48
huawei,-63,226050881102900,40740247053,2024-09-04 06-42-07,80.246.245.63,1348983754,internet,248.71.236.56,-58526156,-620557858,-788,-32
huawei,40,226055571992699,40747784475,2024-09-04 06-42-18,223.4.138.218,386574278,internet,60.161.245.174,784405029,-1617758571,-13233,43
huawei,60,226053142864526,40720145507,2024-09-04 06-43-34,43.46.139.162,72890493,internet,241.165.144.39,947016625,1607434572,-31112,-91
huawei,-118,226057435941714,40757850092,2024-09-04 06-42-15,151.146.186.100,2111408121,internet,85.251.244.109,952135258,2001590880,-4974,32
huawei,-17,226059958538202,40729557340,2024-09-04 06-41-05,241.249.53.129,1148772706,ims,244.246.103.208,301314326,-183793646,-12631,88
huawei,-92,226054698222152,40796606188,2024-09-04 06-42-07,169.167.200.100,584291963,ims,112.27.164.204,274545707,575153605,20341,-43
huawei,-59,226057401285272,40706326404,2024-09-04 06-44-13,72.130.121.237,2115512251,ims,234.188.252.252,1781290686,1890331454,-23117,89
huawei,-73,226059761571359,40771953042,2024-09-04 06-41-01,112.10.198.69,-921085264,ims,213.46.181.88,692844644,-1485653277,-14923,-49
huawei,77,226057059841600,40713483917,2024-09-04 06-44-33,85.236.80.180,-122729921,ims,138.219.36.143,1407519237,815944290,-19874,-109
huawei,18,226050206919224,40776998368,2024-09-04 06-41-48,175.126.194.161,374788062,internet,59.44.200.181,1426574280,1509048831,-1438,-35
huawei,-103,226054064584483,40719903309,2024-09-04 06-40-26,201.173.29.14,-1973101943,ims,91.161.110.77,949842976,-1317442268,-20552,-71
huawei,-120,226059094134177,40732290376,2024-09-04 06-41-20,223.4.105.235,-685376665,internet,120.60.96.6,2031006792,1659479489,-20916,-48
huawei,106,226051414941515,40745856246,2024-09-04 06-40-03,253.63.113.150,261089963,internet,78.178.71.158,-1645722728,-86977803,-24685,127
huawei,62,226055656513681,40743880519,2024-09-04 06-42-11,135.51.11.195,-94391548,internet,45.163.188.84,1831611789,-1772470072,-31471,95
huawei,81,226056008324439,40731970104,2024-09-04 06-42-50,32.188.92.61,2134110523,internet,122.43.202.224,-51158745,-335641816,-26944,-24
huawei,-72,226058964098586,40787853346,2024-09-04 06-43-35,52.162.26.36,-1212551785,internet,86.73.241.128,-2133123179,-1006829328,-20236,-60
huawei,-67,226057184189432,40763845307,2024-09-04 06-40-30,203.137.171.18,-1486871859,ims,180.112.234.38,860003802,-726769074,-1061,-61
huawei,-8,226050748469882,40795752718,2024-09-04 06-42-06,252.116.218.79,-1870018512,internet,197.50.38.41,-1638059677,-2118906226,-6763,44
huawei,77,226053498282693,40718873649,2024-09-04 06-40-40,36.51.140.64,292077649,ims,0.3.199.121,1930230059,1050674128,-23818,-34
huawei,-48,226055254335098,40742446054,2024-09-04 06-42-13,236.250.18.11,-555511319,ims,140.72.44.173,1485721125,-1268583410,6445,119
huawei,-125,226058128941526,40764823526,2024-09-04 06-43-57,197.246.131.141,1601134355,internet,192.83.93.159,-1964636036,1601152867,15901,-107
huawei,113,226050295103613,40768452321,2024-09-04 06-44-28,159.79.230.64,-305878704,internet,12.200.254.163,1330568927,-307031014,7312,-50
huawei,-118,226055253825215,40718045468,2024-09-04 06-42-07,156.125.26.28,1193582477,internet,24.246.116.87,-1462894369,-148769066,26208,-31
huawei,-68,226051472819544,40721198101,2024-09-04 06-42-10,43.13.210.129,662829314,internet,2.108.161.24,-711911300,1685723446,-3537,67
huawei,-123,226050276084421,40755289750,2024-09-04 06-40-50,162.197.93.158,1161668369,internet,215.162.117.46,-1368275130,-910925738,-15888,103
huawei,4,226055896391670,40732579132,2024-09-04 06-42-02,68.166.211.21,694781336,internet,234.197.207.221,-2039381657,-2048538223,-2863,121
huawei,-10,226059608692128,40780174312,2024-09-04 06-41-17,143.60.233.254,-1153764741,internet,232.162.89.152,951859137,-966092384,6292,92
huawei,8,226054685035843,40721147105,2024-09-04 06-40-53,158.228.151.78,2054996389,internet,104.40.195.161,1745791906,302239873,-16725,27
huawei,86,226050195899649,40738637223,2024-09-04 06-42-32,102.225.206.227,2033840710,ims,0.179.131.58,-1009129478,1351426585,-32089,-125
huawei,76,226058297170705,40717138314,2024-09-04 06-40-44,56.97.251.106,1089860437,ims,224.240.121.19,1372063451,-1313657709,5627,56
huawei,52,226054490021046,40783021642,2024-09-04 06-43-18,102.170.143.226,-1134048592,internet,137.6.114.65,1615928437,1875163690,5677,59
huawei,53,226051809903417,40794492564,2024-09-04 06-42-34,195.20.52.87,-772369341,internet,42.156.130.43,-2044038737,-116693015,30826,51
huawei,109,226056669732934,40716914641,2024-09-04 06-41-08,94.127.47.159,-748597756,ims,237.154.131.93,-5147053,-1981677721,1558,-20
huawei,-84,226057921841702,40753547729,2024-09-04 06-43-43,156.216.71.128,-249209094,ims,190.147.98.99,-1378923381,-373730454,-3482,92
huawei,15,226050813017974,40744616094,2024-09-04 06-41-01,218.228.49.15,1935878627,ims,124.188.130.186,266344213,1819782472,-6461,-107
huawei,95,226052827582012,40731870343,2024-09-04 06-44-35,126.221.6.126,671810803,ims,46.111.84.236,-1257568291,1173493751,30494,-10
huawei,47,226059970329200,40714495976,2024-09-04 06-43-58,66.70.174.125,1085774502,ims,18.150.12.199,1952397896,280562867,-22854,81
huawei,41,226050876915457,40786604068,2024-09-04 06-41-50,41.123.3.212,1183881497,internet,115.83.11.161,897989737,-1867268628,-25216,-59
huawei,50,226058073367368,40721831805,2024-09-04 06-41-40,16.156.177.159,-673709912,ims,123.54.212.100,-1819094003,1454886877,-7698,80
huawei,3,226051601673315,40759989932,2024-09-04 06-44-45,16.250.93.94,-1754728180,internet,232.85.115.121,420531946,655475086,17677,58
huawei,69,226056684365854,40781873395,2024-09-04 06-43-51,254.197.27.22,1301681849,internet,176.123.26.91,1595746645,406118840,-27082,102
huawei,7,226054518386414,40733497095,2024-09-04 06-40-28,210.57.62.62,1382827799,internet,214.117.193.90,-350006702,1023578125,-8085,-50
huawei,-80,226052823170115,40794200645,2024-09-04 06-42-26,195.94.197.21,725718428,internet,29.67.96.119,-1710380801,-1103979670,-9657,-31
huawei,77,226054404698621,40752965016,2024-09-04 06-43-17,184.68.46.205,-178702820,ims,255.226.68.96,371813040,1195945357,-31663,74
huawei,-100,226056830372113,40706018016,2024-09-04 06-41-01,236.201.10.166,-1982258872,internet,37.138.179.14,-1585959173,-186394452,-14804,-90
huawei,-86,226056449902211,40730877487,2024-09-04 06-43-57,147.50.156.30,1741057944,ims,189.222.185.206,-1501280607,2131964136,8071,88
huawei,-54,226054515919503,40789494722,2024-09-04 06-44-20,199.34.178.209,-2099630787,internet,250.230.183.63,-2117877167,1454540450,-3310,21
huawei,-30,226053435108305,40715349896,2024-09-04 06-42-03,76.26.122.95,39001155,ims,212.56.220.89,-463715552,-1740100219,-2147,-2
huawei,-46,226054667045980,40730364627,2024-09-04 06-42-40,154.254.90.157,-2087921782,internet,230.34.215.238,22455066,-1456396646,23695,101
huawei,42,226057457294709,40794581450,2024-09-04 06-44-12,181.219.216.133,1273947818,ims,116.20.242.33,-1972399171,224091440,-5717,-61
huawei,-41,226059283766385,40799360907,2024-09-04 06-43-40,167.146.164.227,2038282872,internet,244.254.185.228,1304628469,-550227540,20916,69
huawei,4,226059416924193,40706139242,2024-09-04 06-43-56,181.93.127.105,-941110152,ims,116.173.82.52,-1098118527,-197626643,3177,-24
huawei,-81,226051104902493,40778955603,2024-09-04 06-43-46,84.242.26.150,-1947921606,ims,56.30.139.201,-1470800590,-1591548483,-18245,0
huawei,9,226054998832968,40790216261,2024-09-04 06-40-12,112.109.141.28,1283818940,internet,154.250.201.15,-1961923983,935406014,-22665,-106
huawei,61,226051661303875,40766102517,2024-09-04 06-43-17,173.97.93.13,944955392,ims,187.226.10.172,850946350,-1624162397,-18219,13
huawei,112,226059509087962,40727196466,2024-09-04 06-44-59,215.113.163.108,923077166,internet,23.197.177.126,1534213168,1850274864,217,-89
huawei,31,226058919825946,40706784425,2024-09-04 06-43-04,120.251.177.85,-1868839882,internet,175.231.63.221,-2073241521,1754008021,21959,-52
huawei,46,226053114756884,40779312115,2024-09-04 06-40-34,223.46.146.6,1378680262,ims,224.37.153.147,-1142873894,-229054598,1077,125
huawei,-73,226054138766907,40787553847,2024-09-04 06-40-14,206.184.30.225,-277080926,ims,192.130.165.62,-1369888821,-1521661103,6912,0
huawei,-68,226051397049114,40766272032,2024-09-04 06-40-28,151.29.60.106,-1316051691,ims,212.244.180.80,-1894198918,670510851,-21850,23
huawei,-107,226057338802048,40718462876,2024-09-04 06-42-20,207.18.132.130,-479681695,internet,241.248.40.85,-1788740812,-362331527,-7192,-14
huawei,21,226058694011362,40722574126,2024-09-04 06-41-22,162.181.61.175,1321024505,ims,135.96.6.241,-1522830691,-353007824,18647,0
huawei,71,226056668941539,40798106297,2024-09-04 06-44-01,226.107.77.98,407459222,internet,249.85.193.225,-1087189360,-1419630239,5615,-107
huawei,122,226050343473349,40789522897,2024-09-04 06-40-15,134.129.20.26,87696898,ims,146.198.246.39,-816977784,-2111423023,-5987,107
huawei,-91,226059382055136,40784167006,2024-09-04 06-41-40,49.115.45.3,1672067942,ims,137.46.124.152,-1814225055,-826004325,12418,71
huawei,-103,226058548028203,40727445072,2024-09-04 06-43-40,116.250.19.68,1420768490,internet,180.69.192.48,463590829,69771285,-19212,-52
huawei,-71,226054256364135,40730573377,2024-09-04 06-44-38,221.209.126.247,-1245237956,internet,74.124.170.235,1734277966,-108419626,15206,-36
huawei,-61,226058556527790,40721166052,2024-09-04 06-43-34,157.50.238.148,-185682395,internet,85.35.158.248,25485789,1182015066,15622,58
huawei,-124,226059166857145,40759511639,2024-09-04 06-42-52,236.70.42.42,720523023,internet,126.212.84.154,68354900,-479224831,16620,99
huawei,93,226050917378693,40725780212,2024-09-04 06-41-16,96.128.46.4,1901954636,internet,127.242.125.154,1687667670,-1665137837,12591,-48
huawei,-40,226057648367869,40764718861,2024-09-04 06-44-42,188.46.150.92,1305185972,internet,102.22.160.132,-444403784,-138716989,25730,112
huawei,6,226056379072632,40759509442,2024-09-04 06-44-54,108.168.190.227,-1554375908,internet,251.76.248.110,-414707008,1837717621,14579,29
huawei,62,226052075864760,40734838926,2024-09-04 06-42-37,44.153.32.64,423006530,ims,226.4.75.184,-1859723489,1932148273,-32413,-53
huawei,-57,226056744605689,40704573409,2024-09-04 06-44-36,103.58.16.128,323953222,ims,122.252.183.251,-100374958,655552609,-29296,-7
huawei,-116,226054078492497,40711973448,2024-09-04 06-43-27,234.67.182.126,698968440,ims,183.217.220.199,-2136257810,-273208265,3164,-118
huawei,114,226055682167770,40773906094,2024-09-04 06-42-08,241.176.132.24,1723145082,ims,194.6.131.210,-1973619861,-1759440371,19467,24
huawei,-23,226050614034417,40716942016,2024-09-04 06-40-22,72.109.23.156,1256222018,internet,63.125.179.128,671497651,-750256042,29055,52
huawei,55,226059080837653,40750897388,2024-09-04 06-41-50,236.113.85.244,323166447,ims,65.88.17.77,1804784877,2100523404,13585,115
huawei,-113,226050280845589,40772530298,2024-09-04 06-44-41,134.113.84.137,-761057880,ims,2.169.120.71,-487210225,-1344418144,24836,85
huawei,-60,226057347173756,40747883740,2024-09-04 06-43-35,148.9.183.255,-898253814,internet,23.117.185.230,-978255006,-1267782115,-26718,-76
huawei,-88,226052994459366,40799985185,2024-09-04 06-42-24,242.110.112.99,-607569092,internet,163.75.47.35,-1746907348,-522171351,-11592,-60
huawei,79,226050720188233,40740697743,2024-09-04 06-40-41,254.220.194.95,453024947,internet,60.86.248.185,1249664903,-1229773489,-27906,-87
huawei,-103,226057680542777,40701267273,2024-09-04 06-44-03,52.129.25.241,1572152495,ims,169.67.251.71,-2126925958,-1823704852,-468,-98
huawei,-108,226057207484693,40794593607,2024-09-04 06-43-29,246.74.144.135,706543684,ims,242.86.118.85,-1238719312,71031568,-17342,109
huawei,-10,226051193309492,40754058444,2024-09-04 06-40-03,250.186.94.114,-1767146038,internet,84.72.183.129,222681324,358136845,-14035,-84
huawei,8,226054475725665,40764994412,2024-09-04 06-40-20,26.47.234.135,2061520791,ims,157.181.84.37,796671192,2142153184,7626,92
huawei,22,226055944518260,40751505412,2024-09-04 06-41-32,75.60.102.16,1512922001,internet,165.114.175.143,1942985337,720616696,-9607,115
huawei,-70,226051973088069,40729154035,2024-09-04 06-44-09,174.18.136.239,-1695486422,ims,117.18.237.187,2027642675,-268950887,-19240,-109
huawei,-36,226052435733821,40721351640,2024-09-04 06-42-41,216.209.77.31,-236972506,internet,131.138.246.53,1755222356,2136298278,-1519,38
huawei,-66,226050084822266,40740548603,2024-09-04 06-42-47,205.29.229.114,464955910,internet,57.95.16.25,147917934,-1975709562,-14835,110
huawei,-79,226052882201265,40796081681,2024-09-04 06-40-06,18.172.152.143,-856262768,internet,202.50.138.204,-2043679718,723084478,-8625,-43
huawei,-56,226053890972361,40752917767,2024-09-04 06-40-05,172.144.13.253,-1136184674,ims,164.26.79.82,914647931,-2078202509,8011,70
huawei,-10,226055453162295,40710487698,2024-09-04 06-42-54,93.145.194.195,-1166101345,internet,2.56.97.126,-1399620100,560912685,6975,7
huawei,57,226051479673259,40786124113,2024-09-04 06-41-11,132.194.183.51,-455371536,internet,207.82.221.242,2090715951,-2096903220,3937,10
huawei,11,226058039370848,40795751506,2024-09-04 06-42-28,136.51.176.158,1510766731,internet,255.25.49.232,1422409831,-1499213044,29816,-10
huawei,115,226058189730786,40755509439,2024-09-04 06-41-46,58.8.198.55,1540430095,ims,131.3.218.38,-964209634,-1410764201,26571,-103
huawei,-10,226051623907329,40737713157,2024-09-04 06-44-26,149.247.97.222,254477348,internet,163.53.227.50,-835752620,1652565294,-28324,126
huawei,30,226058942984389,40765871362,2024-09-04 06-43-29,65.195.230.237,844694224,ims,1.171.204.164,223234642,2059956923,-22513,0
huawei,-121,226059032927978,40722492181,2024-09-04 06-41-08,36.35.180.234,-1763497168,internet,196.9.161.221,-1530822864,-1256327220,-11752,81
huawei,-17,226055349519189,40785360919,2024-09-04 06-40-17,194.33.79.31,1511479801,internet,228.190.46.91,1423800631,2020424945,28143,71
huawei,-15,226057952158884,40765804247,2024-09-04 06-43-35,151.51.39.236,1256883392,ims,209.248.69.223,657307773,121502106,-12677,-22
huawei,24,226058583485645,40715607408,2024-09-04 06-43-03,135.91.225.5,-557130531,ims,66.34.251.85,-556647694,-884813519,26218,2
huawei,-32,226053197700868,40734477360,2024-09-04 06-43-57,253.206.77.211,327132478,internet,102.209.165.239,-197278622,-1401819879,28100,-103
huawei,79,226058405494942,40797200462,2024-09-04 06-41-34,84.179.234.53,-1188279182,internet,236.55.218.142,-346929741,-1464140256,1791,102
huawei,69,226050870212087,40734411734,2024-09-04 06-40-18,175.24.57.107,-855563296,ims,122.54.168.252,827669548,-1188836201,-29261,-89
huawei,56,226057722182001,40775367001,2024-09-04 06-42-30,34.25.167.204,2068299689,ims,38.104.26.140,-1722735888,-1420735979,-2436,93
huawei,-96,226050047607607,40713039590,2024-09-04 06-41-05,46.103.84.132,1756561210,internet,152.43.110.64,-1585470855,1673648424,27413,-44
huawei,39,226055255830351,40759299649,2024-09-04 06-44-37,168.184.252.48,1475409088,ims,133.167.98.153,478431824,-1103525048,13567,-69
huawei,92,226050212989591,40727565278,2024-09-04 06-43-00,84.129.93.233,1644946471,ims,159.230.199.59,-368666580,48539252,-29466,-77
huawei,-124,226057008823465,40785896219,2024-09-04 06-42-41,199.90.105.205,-857407233,internet,75.12.18.111,1431342693,614918649,-10808,-77
huawei,11,226054749072457,40729597505,2024-09-04 06-42-22,30.37.201.75,-1340484638,internet,159.159.212.202,-579276657,-828521428,-21333,-87
huawei,-18,226058922824978,40776142544,2024-09-04 06-40-14,248.244.171.40,1415566650,internet,24.235.214.242,-438435804,1232494110,11873,30
huawei,20,226056928238850,40799829599,2024-09-04 06-42-11,63.2.56.206,-1591412158,ims,120.65.213.132,1595184465,13869808,-20453,-2
huawei,28,226055006429216,40721310740,2024-09-04 06-40-30,244.196.19.5,809673787,internet,197.99.87.123,1276217233,1308304350,-21439,-70
huawei,12,226057868403217,40793265268,2024-09-04 06-44-59,106.158.33.97,-1506363677,internet,149.209.27.158,479412591,-755898010,30417,43
huawei,105,226059350389928,40712966056,2024-09-04 06-43-34,233.55.212.112,-1249261328,ims,149.116.239.37,-1467677111,518184438,-29720,21
huawei,30,226053025752579,40710663015,2024-09-04 06-42-48,228.124.199.21,1665311310,ims,166.56.251.41,-2120242406,-1909782306,-4661,26
huawei,-36,226058154999504,40770196662,2024-09-04 06-44-49,230.132.74.108,-1056291556,ims,41.8.113.63,649535721,-837603175,-2463,-94
huawei,-104,226056861029870,40717718603,2024-09-04 06-41-32,162.72.180.67,-1540614865,ims,166.128.25.232,10810597,-218610732,-21018,127
huawei,-49,226056264813894,40742557501,2024-09-04 06-42-46,8.72.183.180,1486758174,ims,62.95.213.124,1131980928,181022867,18198,-61
huawei,-63,226057098537367,40777813672,2024-09-04 06-40-24,125.195.111.107,786705249,ims,173.129.173.88,1272401958,620510161,27869,62
huawei,106,226058817277605,40714173394,2024-09-04 06-43-54,161.143.95.119,-1905624891,internet,39.178.218.144,-829092269,-2030211288,11722,25
huawei,17,226051283543081,40785890078,2024-09-04 06-42-26,44.246.185.250,-462306258,ims,94.215.215.76,-19576149,-1704783480,28289,5
huawei,1,226058702907393,40752969492,2024-09-04 06-43-56,113.67.34.42,1857588977,ims,123.22.65.220,-1536494157,1859349784,7888,61
huawei,63,226058065943684,40760224819,2024-09-04 06-41-02,255.148.218.148,-1575658866,ims,68.61.132.27,2065818368,1518920323,-6607,-99
huawei,51,226059244112738,40756377621,2024-09-04 06-44-54,170.208.43.50,119392967,ims,122.226.176.26,-1808106453,1294676995,-12049,-4
huawei,1,226055970903423,40706652216,2024-09-04 06-41-43,143.75.214.73,-787223132,ims,241.209.29.22,560151837,1899814709,26916,-25
huawei,25,226052834742345,40773412478,2024-09-04 06-41-13,122.114.138.73,1518634701,internet,144.11.121.193,-906426116,930495633,3794,-87
huawei,28,226058958994466,40707957245,2024-09-04 06-44-49,29.177.165.99,1623732612,internet,71.167.225.15,836505498,-304586735,23814,-36
huawei,71,226058511593844,40793045063,2024-09-04 06-41-26,233.43.7.215,-1915391553,internet,18.70.229.97,-11110947,1815359828,21496,25
huawei,64,226050912707712,40756282588,2024-09-04 06-40-27,223.44.35.108,-1990430468,internet,112.192.31.100,286394683,-761579025,45,38
huawei,-48,226054153849830,40796082821,2024-09-04 06-44-50,33.232.33.254,-1408282934,internet,125.56.130.9,-751137599,-1731505886,-29865,39
huawei,78,226059952166298,40731994629,2024-09-04 06-43-19,44.247.88.135,-511655244,ims,178.211.114.213,-1270649585,260739510,14092,45
huawei,-68,226058879160774,40763351438,2024-09-04 06-44-30,25.253.5.192,-1705058338,internet,3.80.213.175,-1683665645,-1296817714,19272,123
huawei,-121,226051212805151,40703834972,2024-09-04 06-40-19,109.191.255.140,-793690128,ims,197.188.195.209,-397447033,1072907280,20598,5
huawei,70,226054309452862,40797150610,2024-09-04 06-41-58,38.107.53.38,-1740372859,internet,183.12.131.152,-1042737621,625907320,13618,-52
huawei,-89,226055042506725,40783400047,2024-09-04 06-43-03,137.79.135.127,-2135054499,internet,88.75.160.203,1469853317,1007078006,21062,-49
huawei,-65,226059676484357,40718402775,2024-09-04 06-42-23,239.78.242.141,-2076850435,internet,57.212.239.143,465364685,-1315672031,-19900,-58
huawei,91,226050585490911,40788239869,2024-09-04 06-40-03,224.160.248.48,-270682666,internet,39.28.72.191,-604838008,1311501816,-25829,116
huawei,34,226054769402626,40714383324,2024-09-04 06-42-42,223.93.98.175,-1189140913,internet,239.9.193.192,-276773811,-2143118567,27447,40
huawei,121,226054011252955,40741964115,2024-09-04 06-44-31,210.122.56.111,-2089915965,internet,59.11.170.114,-356834723,-1197787651,-28792,-97
huawei,123,226056130960881,40711850896,2024-09-04 06-41-09,94.43.213.14,-1311560849,internet,158.84.163.48,-646461868,-1102896650,21040,-114
huawei,-19,226050876787488,40717697059,2024-09-04 06-40-02,125.173.80.71,1127187818,internet,239.123.154.18,505912514,2026167318,13154,8
huawei,-73,226052328043010,40773979584,2024-09-04 06-42-19,143.253.8.230,1460640529,internet,65.12.68.111,185506468,-186887612,9290,-37
huawei,39,226055247216899,40756287491,2024-09-04 06-43-14,65.179.207.80,1857494075,internet,179.98.13.176,-378656682,336193753,-13098,-24
huawei,83,226050999259788,40769756396,2024-09-04 06-42-33,193.113.29.82,1031531594,internet,143.194.196.39,102553443,1378187820,-28575,-5
huawei,65,226053075430887,40712271795,2024-09-04 06-41-50,30.177.230.254,1297910433,internet,78.104.228.199,-791356920,-655148357,25790,-5
huawei,30,226056937302128,40776421532,2024-09-04 06-41-57,182.63.120.140,-1556858886,internet,61.155.176.152,2134305963,-159413369,1759,-126
huawei,-128,226057304227379,40717723097,2024-09-04 06-44-55,75.7.120.155,-570659734,ims,105.186.201.150,558049965,305125578,-17045,30
huawei,-54,226052323866098,40793064126,2024-09-04 06-42-48,10.148.100.137,354175273,ims,92.158.202.129,-361156841,-1204678260,4476,-21
huawei,51,226059591159149,40734762412,2024-09-04 06-44-00,192.205.18.36,495081671,internet,185.75.157.3,-449195370,226777284,-31683,-120
huawei,-30,226059618343660,40753107162,2024-09-04 06-43-23,255.176.130.205,1379800519,ims,43.59.245.37,1474932533,-1341236357,-19107,-43
huawei,14,226052713945803,40753612752,2024-09-04 06-43-25,56.158.117.86,2063640889,ims,116.222.160.174,1206514489,-346699145,14374,106
huawei,-11,226052512529469,40774111699,2024-09-04 06-44-42,32.183.236.33,128432105,ims,132.80.121.193,441105195,-2097397858,-13204,116
huawei,51,226053251225947,40728762937,2024-09-04 06-44-51,119.146.8.14,778276608,internet,68.52.181.41,1044760490,-1415635474,-11321,109
huawei,32,226057116279773,40737083353,2024-09-04 06-41-26,138.114.6.5,1059656166,ims,157.226.216.46,-133973899,1347820338,-1663,-106
huawei,99,226053330423213,40748482214,2024-09-04 06-44-26,31.2.227.98,-1438163785,internet,194.130.254.205,-703814181,-711746740,742,0
huawei,-10,226054534744151,40772229041,2024-09-04 06-41-10,222.227.37.253,-1387922777,internet,75.210.100.47,-1819932236,-1633053565,4844,-99
huawei,9,226057997296446,40725952900,2024-09-04 06-40-27,253.144.180.92,-1594689101,internet,253.25.197.226,-540915188,1672906789,25122,123
huawei,72,226053969057760,40700937964,2024-09-04 06-40-31,198.217.18.28,-1557373890,ims,79.117.56.227,2019322766,2003884322,-752,-100
huawei,81,226059214092639,40790580202,2024-09-04 06-42-31,205.173.153.188,911697081,internet,171.137.20.72,-507937090,778033243,11143,-121
huawei,0,226051426290974,40733064246,2024-09-04 06-44-57,19.236.238.216,1000027328,ims,26.205.62.130,493912500,139511270,8970,-37
huawei,98,226051593120747,40724052015,2024-09-04 06-42-23,0.106.224.179,1707320809,internet,95.44.64.146,1711936207,696021152,8988,3
huawei,104,226056045533957,40780589370,2024-09-04 06-42-25,121.213.226.14,1935247589,ims,232.118.173.100,1703708668,1934036739,2406,102
huawei,-66,226050215083217,40759476201,2024-09-04 06-44-55,251.151.72.176,676327813,internet,94.153.73.108,1402281884,-598771457,25768,-126
huawei,119,226053913805880,40746221266,2024-09-04 06-40-39,169.185.147.128,59040027,ims,57.16.173.185,-172275402,1846007743,27254,-33
huawei,-94,226055918960849,40762593728,2024-09-04 06-42-37,196.15.194.101,-1111108869,internet,141.197.98.8,1444648962,-234182700,-2064,99
huawei,54,226055186769505,40753204006,2024-09-04 06-42-56,178.253.0.96,-45914331,internet,170.237.203.123,-2075107756,2002951579,-17539,-127
huawei,44,226056467616269,40780142672,2024-09-04 06-42-37,125.231.63.73,665308136,ims,23.59.117.70,-895874559,-215086121,5901,1
huawei,107,226054795455455,40790487616,2024-09-04 06-40-03,35.161.215.243,927836279,internet,53.243.164.228,-1030225516,435524963,-3877,-99
huawei,-10,226058123723517,40716308651,2024-09-04 06-44-57,103.164.34.55,-861755243,internet,74.67.106.106,666976140,515554643,-25687,-86
huawei,98,226055989263781,40705391664,2024-09-04 06-43-02,210.72.224.218,-1144315103,internet,128.246.114.173,1442247197,-1069935095,-2773,102
huawei,91,226051664199277,40760378528,2024-09-04 06-42-17,32.200.69.114,-757421803,internet,15.119.197.186,-631012932,-198546911,31357,-17
huawei,-103,226053361279173,40765332986,2024-09-04 06-40-11,154.249.201.34,-1891742880,ims,48.61.204.242,689292789,-853728494,-29309,80
huawei,117,226050241159062,40701070869,2024-09-04 06-41-15,116.85.196.168,-1401873399,internet,157.160.59.128,1372700776,-1168541660,2939,126
huawei,3,226050791775009,40781995096,2024-09-04 06-43-52,26.43.24.219,-1991940686,internet,22.255.95.115,1856807700,-1080254037,-25294,88
huawei,114,226050092344603,40793185804,2024-09-04 06-40-10,233.147.95.122,1805077026,ims,65.73.113.205,-1162662729,-2130431828,5856,-40
huawei,116,226050041312450,40727240354,2024-09-04 06-43-16,19.34.109.191,555060363,internet,129.250.106.235,126238812,928358810,-13753,-39
huawei,-118,226051959496522,40778403064,2024-09-04 06-41-52,139.8.150.208,-1463703449,internet,33.10.44.99,672168717,-1583907192,-25772,87
huawei,99,226059137971237,40739811771,2024-09-04 06-44-42,206.179.109.129,722170878,ims,114.52.176.217,-1116036341,1464324646,7181,5
huawei,97,226057430948645,40763754720,2024-09-04 06-41-46,234.69.192.14,665941810,ims,107.192.3.57,-189959497,-539700956,-22758,66
huawei,96,226057446728570,40788625616,2024-09-04 06-40-55,2.196.144.44,1121438120,ims,108.209.223.212,-1634692469,2107040082,1926,75
huawei,-115,226052285852483,40769252294,2024-09-04 06-40-49,168.169.94.147,791352287,internet,108.108.200.129,1328261294,-283029433,-29515,54
huawei,-34,226058803063645,40795370859,2024-09-04 06-44-08,193.92.81.175,-776320030,ims,255.205.18.141,-1723559985,-1634970804,-12699,-62
huawei,23,226050281068828,40720261988,2024-09-04 06-40-49,0.163.110.77,834609540,internet,253.129.216.144,-2081580392,40423472,23631,-11
huawei,-123,226055218321855,40723733877,2024-09-04 06-43-20,144.245.5.148,1305532082,internet,139.19.78.53,338868288,2130441249,17478,45
huawei,-78,226055849265638,40718806535,2024-09-04 06-42-01,93.229.79.74,-1714753461,ims,237.218.80.77,899223496,231500926,5528,-53
huawei,-54,226059414286332,40796372591,2024-09-04 06-41-27,228.233.47.58,1535789069,internet,255.108.171.253,115651746,-702394946,-16076,49
huawei,-95,226051917760425,40706463788,2024-09-04 06-44-18,128.90.200.1,636410732,internet,122.58.232.72,2102783331,-344120867,8700,-125
huawei,44,226059262824444,40780074844,2024-09-04 06-43-34,0.138.190.219,848811483,ims,191.174.171.215,-1785450352,-438999528,-3090,-92
huawei,-118,226056785927278,40724137060,2024-09-04 06-40-36,11.222.108.108,-100225911,ims,191.63.196.18,-589583839,1363982378,-29883,-95
huawei,-89,226052148888535,40746975836,2024-09-04 06-41-01,96.194.97.198,120634805,internet,58.77.189.102,1571000693,-708729272,-24725,99
huawei,-110,226056886654274,40721953781,2024-09-04 06-41-22,234.230.129.216,1250280954,internet,40.243.150.87,-730004452,-713299154,-7132,-59
huawei,-100,226057748994961,40774935067,2024-09-04 06-43-32,102.222.109.132,1006914375,internet,154.111.75.46,-1026946814,-295662283,-29556,19
huawei,-115,226056559922337,40712785614,2024-09-04 06-44-46,94.177.204.1,-1843478455,ims,229.209.108.234,-1262173595,-606073473,-8256,0
huawei,94,226055537042688,40793848332,2024-09-04 06-40-42,20.82.22.102,-1334814156,ims,129.55.137.165,-400387673,-2061653838,30226,27
huawei,-5,226050356983991,40730932363,2024-09-04 06-40-21,137.80.151.65,-814236282,internet,179.215.164.213,-352976279,-1250477447,27753,-98
huawei,-11,226054583399994,40700847443,2024-09-04 06-44-45,122.242.144.55,-1560789555,internet,154.104.245.180,-121565228,1761447259,308,-109
huawei,-22,226052196847403,40787173260,2024-09-04 06-41-45,139.69.161.29,-1448469135,internet,170.25.172.160,-760375831,-1665326338,19139,-11
huawei,6,226058286122149,40768809628,2024-09-04 06-43-33,18.163.189.54,-854143778,ims,140.71.103.136,-1079464942,-683411975,-14074,-127
huawei,-95,226057312088662,40790325277,2024-09-04 06-41-09,25.42.199.171,678770379,ims,128.142.88.47,-1778046794,-1517717238,2407,37
huawei,48,226055922083593,40764171319,2024-09-04 06-41-16,162.156.26.240,-1841240112,internet,135.6.157.1,1786527954,-1051178675,26825,117
huawei,-22,226056331125634,40735717774,2024-09-04 06-41-56,201.164.75.11,-1947081981,internet,252.65.99.108,1288752852,1528455825,-179,-96
huawei,-125,226057947104577,40797070720,2024-09-04 06-43-18,112.156.0.0,-1255377131,ims,91.13.173.161,-1200297412,-1459838107,2395,-1
huawei,-106,226054704189295,40707993167,2024-09-04 06-43-46,191.141.100.78,1830041023,ims,192.142.71.47,-1758712754,-954873531,28463,-62
huawei,107,226052736992422,40781835622,2024-09-04 06-45-01,132.64.104.214,-1087161756,internet,130.191.247.149,-1907868063,-219725245,-572,-58
huawei,-16,226058971511967,40742856633,2024-09-04 06-42-18,25.79.192.66,-255274768,internet,177.163.17.196,259656484,2022961796,-26309,93
huawei,-4,226056365094055,40744314639,2024-09-04 06-41-06,31.142.12.200,-156052623,internet,255.107.113.170,-1883322601,537423278,24838,-26
huawei,0,226053662335496,40718389311,2024-09-04 06-43-52,20.4.88.222,1475023880,ims,80.167.153.179,-961426812,-1747813663,8776,95
huawei,-55,226055631400964,40754179373,2024-09-04 06-42-27,95.143.62.238,-1258980909,internet,133.36.230.137,1420635226,-1187194651,-20620,-32
huawei,-88,226056769862132,40788376771,2024-09-04 06-44-29,14.34.93.107,49022484,ims,62.154.160.72,-980387552,58648584,-1943,-54
huawei,53,226056768336683,40780576288,2024-09-04 06-42-24,129.1.26.47,-883055757,ims,4.162.29.74,-2124372082,1243517962,4425,-100
huawei,70,226056861648486,40707397263,2024-09-04 06-44-59,170.174.74.145,-12540150,internet,28.24.205.95,-23252226,-173845787,18015,123
huawei,109,226054374487650,40719962800,2024-09-04 06-40-17,54.202.254.212,678557997,internet,189.174.147.93,-1278723666,-479193564,31207,61
huawei,-54,226059373262332,40728185088,2024-09-04 06-42-01,64.205.140.9,-1083622375,internet,58.141.47.19,1562019626,1507164923,-28358,17
huawei,-6,226054744546730,40753261666,2024-09-04 06-42-41,158.4.208.116,-464560312,internet,212.163.215.176,-2106226142,1435000617,-21310,-119
huawei,-61,226051678578876,40781784027,2024-09-04 06-43-31,64.65.189.100,1699941356,internet,203.44.131.68,-1301608800,1968758992,5071,-59
huawei,38,226053667473561,40708880757,2024-09-04 06-40-38,99.170.253.184,173138448,internet,115.179.102.48,-1660766483,1695292037,-32737,-20
huawei,86,226054672815400,40742020466,2024-09-04 06-44-05,70.170.144.45,-499077352,internet,94.97.101.101,-168782764,1843407039,30069,37
huawei,-99,226058666465349,40777334271,2024-09-04 06-44-38,78.235.136.234,1828398340,internet,23.115.78.67,-1628887861,343582920,-5015,119
huawei,43,226055680588902,40766257369,2024-09-04 06-44-48,159.109.41.81,541617542,internet,207.106.138.55,-1281909556,-12543068,-4327,27
huawei,-119,226057680853683,40790346471,2024-09-04 06-40-16,148.193.161.235,-370720872,ims,137.227.223.58,201482211,1980727830,-15857,105
huawei,-59,226050885575431,40727220460,2024-09-04 06-42-59,213.126.158.237,424153743,internet,77.11.109.113,-970358952,-64104166,6321,26
huawei,110,226057710086023,40774635348,2024-09-04 06-40-24,124.33.145.163,1027281644,ims,56.233.229.160,1300760261,939090936,9454,-108
huawei,-108,226058341148053,40710465802,2024-09-04 06-40-07,186.237.207.70,1522502849,internet,186.98.73.36,821417532,261897828,11552,9
huawei,50,226051335512622,40775876347,2024-09-04 06-42-16,89.141.100.165,-418505895,internet,27.48.133.117,-167812877,-823244324,1069,7
huawei,48,226054550125032,40771412949,2024-09-04 06-41-27,167.79.144.16,1562490200,internet,182.218.33.25,781787196,-19141734,-9674,-87
huawei,70,226052011155966,40788728824,2024-09-04 06-41-31,154.29.99.89,-398539063,internet,64.75.92.129,1704094261,-28557742,-27754,-117
huawei,80,226052034776114,40710422363,2024-09-04 06-41-31,228.14.86.209,405043606,ims,171.223.101.142,-164326357,-332921511,25003,36
huawei,-27,226050444644720,40724181700,2024-09-04 06-42-17,30.22.101.97,-1668065230,ims,95.118.164.77,-1365245424,-1848927302,14314,111
huawei,66,226055261477792,40719049791,2024-09-04 06-43-45,204.176.100.84,-191724918,internet,190.56.193.101,734391515,-209136128,9944,-78
huawei,-12,226055841115816,40765168471,2024-09-04 06-41-14,203.102.156.249,-530881587,ims,105.161.47.41,252845528,-1785366934,26822,30
huawei,-115,226051433388250,40734306906,2024-09-04 06-42-34,243.225.25.146,266265283,internet,32.252.225.112,-1576141176,-1187452709,-12699,123
huawei,-106,226050764890886,40720905105,2024-09-04 06-41-52,81.5.81.137,1579365544,internet,94.91.181.159,982173417,-1031676169,28310,-43
huawei,-119,226054696502164,40748965176,2024-09-04 06-44-04,119.246.13.170,-941169570,internet,228.105.68.143,-346077759,1941710882,-28029,53
huawei,3,226050115493998,40710187959,2024-09-04 06-40-59,37.59.107.111,-1828802345,internet,207.47.248.51,-1251576999,430400973,-8088,58
huawei,125,226057079979174,40727227059,2024-09-04 06-42-45,173.254.90.211,503980321,internet,10.197.197.131,-100961006,329243558,25152,-100
huawei,45,226051738076747,40777039076,2024-09-04 06-44-21,243.214.34.55,-646622823,internet,198.22.81.105,-1348854587,-1256730437,-5818,-20
huawei,102,226054785675603,40732521200,2024-09-04 06-42-50,23.118.140.134,913017698,ims,110.159.226.59,-1307240617,1120125032,30843,88
huawei,113,226057885747555,40742789764,2024-09-04 06-42-54,151.164.11.98,-1630804213,internet,120.163.9.232,-1112805561,-761279911,-29177,74
huawei,18,226055719300879,40742533367,2024-09-04 06-44-46,114.178.183.194,-1481770462,ims,220.63.119.92,-1932464942,-852519450,-16127,26
huawei,-78,226056553808023,40785728063,2024-09-04 06-44-33,238.253.171.222,-688853352,internet,43.78.158.45,-455426360,738386069,-26973,118
huawei,-117,226054413202646,40703796258,2024-09-04 06-43-00,14.69.49.57,694332179,internet,170.115.229.12,-191607808,-1908057173,-11835,107
huawei,-13,226055385541119,40722235198,2024-09-04 06-40-19,210.30.64.198,1455084365,internet,240.17.145.171,125800920,-788816319,25103,24
huawei,-36,226058468510291,40781198995,2024-09-04 06-43-37,76.188.59.35,-1263081807,internet,236.185.167.23,433981813,-1594758856,4289,-18
huawei,74,226056850795235,40738006457,2024-09-04 06-43-59,60.119.144.173,507717207,ims,187.95.254.146,167438437,1777507858,-6871,42
huawei,11,226055941890976,40705218881,2024-09-04 06-43-54,86.168.230.1,1407215802,internet,85.118.235.238,512236732,-307145400,-32002,-17
huawei,62,226057336395824,40795720755,2024-09-04 06-40-38,54.129.31.252,-2012928297,internet,139.57.6.105,698773614,1937520781,-5409,98
huawei,-43,226059931605920,40767137685,2024-09-04 06-42-03,146.71.48.145,-250716111,ims,19.41.80.82,-1816507423,1181660485,-25661,-54
huawei,35,226051561518112,40762867933,2024-09-04 06-42-59,196.95.103.90,-1428823217,ims,70.211.108.252,1115676459,-964196064,-2447,-96
huawei,125,226050961775047,40765689220,2024-09-04 06-44-53,193.47.135.201,1397949429,ims,27.86.46.164,-368837957,-1537825036,-1408,-110
huawei,100,226052610826288,40754283943,2024-09-04 06-40-02,49.249.48.77,-1958969111,ims,128.96.242.14,233745531,-1085750809,-8807,109
huawei,-105,226051505599136,40705573847,2024-09-04 06-41-24,201.153.196.116,-2052364981,ims,14.21.51.99,662898562,97352505,-14568,19
huawei,26,226058352181071,40775056847,2024-09-04 06-42-46,105.243.144.166,236428512,ims,118.27.229.8,644692226,-463998261,-20534,101
huawei,-55,226056178439145,40706528511,2024-09-04 06-40-29,6.189.17.127,-118379040,internet,2.144.241.97,129112369,-623298823,-31595,111
huawei,125,226051981144550,40782433652,2024-09-04 06-40-26,76.55.132.121,-2131489336,ims,246.68.26.189,-1249699836,180544961,22620,-116
huawei,-109,226059045394590,40705128445,2024-09-04 06-41-30,182.52.2.92,-1456974108,ims,183.14.20.127,-304014536,1188086594,20916,-66
huawei,-22,226056527727635,40714303026,2024-09-04 06-42-49,182.63.241.228,887674530,ims,75.135.45.209,650783957,-534867916,15097,104
huawei,-29,226055038473588,40783547430,2024-09-04 06-40-30,45.88.169.93,-1569920378,ims,176.100.76.95,-1278196182,147144044,-24640,6
huawei,-35,226052953886402,40787216948,2024-09-04 06-40-36,114.170.209.205,-1236121613,ims,158.207.103.228,1734060191,-434716820,-4865,-80
huawei,-56,226059334624773,40706684441,2024-09-04 06-42-06,31.177.128.238,362480407,internet,200.191.136.36,-1332594927,-1566063147,24307,109
huawei,-30,226053417024350,40735627598,2024-09-04 06-41-58,126.23.230.173,1307832923,ims,168.37.72.85,1130943049,464943988,12107,-110
huawei,-66,226057950927614,40798161722,2024-09-04 06-40-50,213.69.46.125,1546114067,internet,212.215.174.30,-1792174260,-211706708,-8749,-68
huawei,-11,226050256026120,40740862537,2024-09-04 06-43-09,17.117.70.23,493928512,internet,54.166.160.58,-1996001293,1247072903,-1713,-29
huawei,85,226058814215857,40700171018,2024-09-04 06-43-25,71.19.190.246,1891435928,internet,114.181.170.241,-878551497,-1758203042,-4924,-56
huawei,74,226057075781904,40708482560,2024-09-04 06-40-46,88.145.169.52,1595345681,internet,115.137.188.251,273278166,-1300286944,31255,104
huawei,119,226055580617644,40761458929,2024-09-04 06-41-02,93.43.211.20,-859168188,internet,163.16.137.35,715597692,-180920736,32409,-50
huawei,90,226052488897857,40762554681,2024-09-04 06-42-55,18.37.128.65,2063965402,internet,75.121.196.32,-1895048635,971397373,4038,80
huawei,90,226057920979206,40715746521,2024-09-04 06-43-01,118.218.177.195,-1510109629,ims,223.27.208.156,2145727785,900186530,21702,56
huawei,-67,226057706091614,40754223586,2024-09-04 06-41-35,207.207.240.86,-413071855,ims,145.206.115.30,-507297938,-1846691969,4582,-62
huawei,13,226050129733783,40791353365,2024-09-04 06-42-54,171.232.46.117,-1037103699,internet,114.208.55.253,1838992551,-1085549664,22218,87
huawei,54,226055169119442,40710082242,2024-09-04 06-40-54,19.114.21.172,-298760017,ims,177.24.192.132,1735110097,1366721231,-19851,-44
huawei,63,226051479369633,40718008192,2024-09-04 06-42-22,46.138.232.122,651619486,internet,124.192.82.234,-707005929,-1202915166,12416,-87
huawei,22,226057055231346,40711286419,2024-09-04 06-40-18,3.29.41.25,-1475279249,ims,3.249.38.194,-486723133,526755475,31154,-75
huawei,116,226054516766931,40726790871,2024-09-04 06-43-44,71.33.41.72,-1575411756,internet,243.99.74.157,380211920,206701105,-15913,-25
huawei,60,226055614180776,40786417787,2024-09-04 06-44-08,83.105.67.57,-491112880,internet,175.34.143.85,-1482876802,1121711844,28350,7
huawei,7,226057442455167,40780982419,2024-09-04 06-42-04,215.40.125.225,1496368285,internet,124.20.164.61,806729425,725425177,20567,74
huawei,-25,226053893087763,40720325200,2024-09-04 06-44-57,203.254.253.7,1780804068,internet,253.161.16.6,1190665812,1885487151,-507,-77
huawei,-75,226058826584014,40793688277,2024-09-04 06-43-49,215.169.223.48,1049731055,ims,54.66.215.120,1615116581,1825519332,31245,-113
huawei,92,226057588189487,40784139891,2024-09-04 06-42-49,227.64.95.180,-1158509255,internet,236.89.143.198,-1376593137,-131088300,15180,-7
huawei,-94,226050748256757,40777982837,2024-09-04 06-42-29,1.60.128.247,1510446747,ims,179.82.47.162,-1254479280,-2061603572,17057,54
huawei,-41,226052160160546,40765987923,2024-09-04 06-43-14,93.130.99.18,432365765,ims,221.64.20.89,-318294338,1991934831,-5831,-60
huawei,29,226059544877851,40702175449,2024-09-04 06-43-49,147.175.46.32,-113448519,ims,205.168.29.252,441979103,670725314,-20325,-65
huawei,44,226057455144624,40721362427,2024-09-04 06-41-47,123.229.79.197,-1260895591,ims,205.191.229.127,1426659997,1426631374,31513,37
huawei,13,226052961074471,40705188292,2024-09-04 06-40-52,78.254.55.161,-1101720613,internet,48.226.118.8,-1210148005,-1426739475,6307,-108
huawei,-106,226054891546254,40723215262,2024-09-04 06-40-15,200.3.239.206,-75385499,ims,133.153.207.98,2047522277,-419648603,6529,85
huawei,125,226057075738849,40769131906,2024-09-04 06-43-10,229.137.170.209,-1677522769,internet,106.9.121.186,223366238,-1160209892,-4774,10
huawei,77,226057195947144,40724432393,2024-09-04 06-45-00,114.153.114.250,-288286957,internet,50.249.74.38,1308690789,896150884,32209,20
huawei,-57,226053509154107,40748448491,2024-09-04 06-41-11,43.158.252.163,-1984184378,internet,236.182.124.71,-561716766,1990959088,-20953,113
huawei,93,226059201082038,40723468405,2024-09-04 06-41-16,238.45.249.120,-1025940428,ims,216.35.134.39,-1341907935,-1111635107,-31386,-23
huawei,15,226058675648161,40737754108,2024-09-04 06-44-31,201.68.124.229,-814982392,ims,185.157.123.104,1184405633,-71060459,4270,-3
huawei,37,226052531374170,40704509168,2024-09-04 06-44-27,77.134.206.38,-556442514,ims,192.81.169.101,-1552016062,1833141583,27449,-9
huawei,112,226055246947324,40760553721,2024-09-04 06-41-10,169.206.126.159,1470981538,ims,142.166.21.253,-430673879,1112052471,27526,-109
huawei,36,226051682455183,40718985337,2024-09-04 06-43-20,14.168.36.206,-532898828,ims,73.110.41.128,758081537,-482265079,-14978,-39
huawei,28,226059528704650,40751021221,2024-09-04 06-41-43,23.198.51.239,-752252236,ims,12.200.190.128,1970435488,286628494,882,-117
huawei,126,226058021435216,40743130147,2024-09-04 06-42-27,15.166.149.132,-562071266,internet,251.82.90.113,-1006776465,-1481531022,11509,-19
huawei,93,226057663531030,40723096024,2024-09-04 06-42-15,22.28.249.51,-1933475542,ims,238.146.126.8,-776049099,-730962929,21404,118
huawei,95,226056443333949,40725654808,2024-09-04 06-40-14,237.246.29.165,-1818383845,ims,192.125.25.215,-182993636,-90757699,16820,73
huawei,-72,226051290004037,40712146207,2024-09-04 06-42-30,154.229.244.140,-256468528,internet,8.133.111.185,1512053646,1380125333,28242,106
huawei,2,226053347469293,40753633166,2024-09-04 06-43-49,233.182.72.122,1993736796,internet,73.219.244.169,327623776,-656391122,16949,10
huawei,21,226058853503356,40766183946,2024-09-04 06-41-06,227.246.229.101,1224929628,ims,60.58.150.104,-2120862258,-1374299532,23085,-67
huawei,12,226055435326896,40701043588,2024-09-04 06-42-35,203.96.40.237,-1925564908,ims,218.162.166.204,1015249627,-251657630,25888,-123
huawei,105,226051075584123,40702194031,2024-09-04 06-44-00,194.198.177.190,-1578663963,internet,228.145.174.245,1702307921,2035756834,26744,24
huawei,56,226054866770265,40731693961,2024-09-04 06-41-58,97.145.92.35,-1828250578,internet,112.99.216.15,-493720987,-372394442,-2764,47
huawei,-49,226058342349239,40795453063,2024-09-04 06-40-40,33.4.184.145,-273360541,ims,88.79.52.159,1516231231,-1053204508,-13584,110
huawei,70,226058052909743,40726574305,2024-09-04 06-43-17,161.113.173.47,1788621154,ims,239.40.156.75,2026785987,1505958117,21056,62
huawei,-72,226052366856081,40791972958,2024-09-04 06-41-17,225.97.156.57,267527660,ims,64.62.233.248,1422304125,-827993157,18980,-52
huawei,84,226055600453789,40797154712,2024-09-04 06-44-16,75.81.0.48,-297076598,internet,119.37.224.87,-1570189395,494313058,29333,17
huawei,-6,226053129415899,40743307417,2024-09-04 06-41-48,188.230.80.117,-846145222,ims,71.122.63.75,-1910922798,-260521365,14900,-108
huawei,-25,226052283310706,40797697347,2024-09-04 06-41-16,218.69.103.58,-920100701,ims,72.206.114.23,1859248359,-1680167908,-12696,61
huawei,-113,226050823849148,40757390378,2024-09-04 06-40-22,243.174.229.240,2118470348,internet,218.94.87.61,2059657755,-1249548949,19248,-40
huawei,-39,226056628263617,40721024180,2024-09-04 06-44-47,62.137.95.129,1380781267,ims,2.245.9.70,200930225,1778723395,-25412,-72
huawei,-125,226051545562608,40716996245,2024-09-04 06-42-22,5.111.255.122,-298760907,internet,203.207.57.166,-647813437,54362965,1983,-87
huawei,103,226050775322760,40760579140,2024-09-04 06-40-33,194.22.151.255,358648583,internet,229.235.86.11,65192618,-1574713959,23550,-14
huawei,38,226053717476303,40722001230,2024-09-04 06-41-37,40.95.142.220,-451546935,internet,53.173.218.126,-315270049,-1528496246,-8044,-115
huawei,0,226052879976117,40706983636,2024-09-04 06-43-30,56.119.138.185,917535074,ims,54.234.228.78,2130067105,-1623685650,-3906,52
huawei,-101,226059815268352,40738404854,2024-09-04 06-41-02,134.166.221.99,-1430642708,internet,221.44.165.51,1148669382,-984134723,-15081,100
huawei,-15,226054838827013,40789284512,2024-09-04 06-44-19,110.27.12.247,522012157,ims,98.222.56.106,2128833249,697334268,-13765,51
huawei,-102,226050729817382,40729336105,2024-09-04 06-40-35,197.68.162.82,1113173138,internet,187.16.80.188,1347098907,-93743792,717,86
huawei,94,226059679197696,40725024028,2024-09-04 06-42-46,216.242.191.216,755371166,internet,169.95.231.82,428430027,39686791,-9475,-44
huawei,65,226053561816109,40723692858,2024-09-04 06-40-41,5.242.246.15,1301542856,ims,102.97.61.69,1137617577,-1773955173,-83,50
huawei,45,226055058208600,40750209404,2024-09-04 06-44-50,19.87.23.110,-135298180,ims,111.76.118.93,2070111726,-1226164987,21321,41
huawei,51,226050557199225,40783965845,2024-09-04 06-43-55,158.50.124.73,-1525011429,ims,189.10.149.52,1892559797,-1922279326,24852,-62
huawei,20,226058853598684,40737988937,2024-09-04 06-42-01,180.88.180.102,111092291,internet,191.125.30.151,1655095683,-1975796966,3520,47
huawei,14,226051030242866,40773392137,2024-09-04 06-41-36,205.243.46.10,-1499352843,internet,54.1.222.11,1220547936,-176797805,1087,36
huawei,-23,226051023265884,40794486502,2024-09-04 06-41-15,161.214.167.92,869201759,internet,199.37.239.123,-1678345067,904674616,14819,13
huawei,-3,226052288831267,40769360403,2024-09-04 06-44-23,31.31.9.70,-1994153164,ims,10.226.117.139,1612782312,-839343281,-11630,112
huawei,-50,226059582706059,40799075267,2024-09-04 06-41-18,141.243.132.190,1866953837,internet,193.126.218.206,-404874505,996980041,5809,1
huawei,-10,226050276259762,40717685688,2024-09-04 06-40-35,117.132.166.94,-308783222,ims,106.181.30.66,1408363332,929654149,12773,112
huawei,122,226059700866232,40727765002,2024-09-04 06-40-47,66.133.208.104,-1345298434,internet,54.108.3.55,-148183781,-1688949360,13127,100
huawei,-13,226054842407299,40788777246,2024-09-04 06-42-58,206.119.104.12,-242851298,ims,7.37.190.243,60013486,1094186158,2849,-80
huawei,78,226055382520969,40715425133,2024-09-04 06-41-46,141.117.247.56,-1654281284,ims,107.242.113.15,394377649,-1906342940,-21004,-52
huawei,-26,226054239735186,40741125664,2024-09-04 06-42-59,90.99.186.141,1594484326,ims,209.38.228.168,27405989,-341287351,13011,8
huawei,7,226054899910089,40759752313,2024-09-04 06-41-39,161.163.252.162,227521651,ims,53.1.191.16,169177561,-524107793,-12268,15
huawei,11,226057911635634,40701856507,2024-09-04 06-41-45,111.243.6.164,1223263957,ims,204.123.112.122,1531857441,-450816271,-21781,112
huawei,-106,226054259749075,40757293107,2024-09-04 06-41-22,122.14.170.191,-1260054514,internet,207.226.192.231,-1043507372,-1649643399,21421,8
huawei,104,226054651933763,40751696808,2024-09-04 06-42-34,8.208.74.249,-592312164,internet,55.223.164.67,-1289168636,2055427256,-21729,81
huawei,-59,226053378496381,40736486439,2024-09-04 06-44-16,247.153.87.194,1118286484,internet,68.120.61.125,-585526969,-704832202,-12690,-15
huawei,58,226059778512483,40753545433,2024-09-04 06-40-46,133.108.63.15,551400869,internet,30.125.135.231,1623681513,895173324,25794,110
huawei,121,226058507573766,40731273259,2024-09-04 06-40-23,179.111.6.198,1499578174,internet,180.123.246.92,-1758763039,-29914247,5684,97
huawei,-41,226054872753413,40723917712,2024-09-04 06-42-22,241.242.209.186,65012547,ims,184.179.92.15,-261971817,402304743,8446,127
huawei,26,226053006302298,40713427782,2024-09-04 06-44-26,23.254.106.16,1134552074,ims,164.133.189.148,-193555869,-471123224,31260,99
huawei,46,226052906450161,40794534518,2024-09-04 06-44-26,10.105.21.14,1261760120,internet,222.64.46.248,-1020206527,-1803163600,14748,45
huawei,-48,226053796088039,40715378977,2024-09-04 06-42-25,27.130.13.96,-555033327,internet,100.248.32.33,17189481,-2060479898,16989,-25
huawei,-125,226058326561476,40731884507,2024-09-04 06-42-57,143.168.251.130,2088233259,internet,243.29.81.95,-462369919,-793391377,21428,-50
huawei,103,226059565991157,40789867604,2024-09-04 06-43-36,153.241.253.236,1300116083,ims,229.209.211.8,-530068669,-1995207539,28907,5
huawei,88,226052382683639,40793775377,2024-09-04 06-40-47,186.180.31.236,812471926,ims,222.81.78.86,-92664593,-1343454481,-23781,-99
huawei,-121,226057936360857,40786089006,2024-09-04 06-42-41,204.43.21.26,-1668254546,internet,34.48.238.149,-1564928703,299228612,1241,27
huawei,82,226057954803921,40711164651,2024-09-04 06-45-00,228.11.51.51,1781950776,ims,214.201.91.68,16097151,-1879208176,22375,-9
huawei,47,226052712261972,40799026595,2024-09-04 06-41-18,252.157.252.6,1770042046,internet,50.94.9.73,-1806106086,280995644,22476,-71
huawei,92,226057053185180,40750053080,2024-09-04 06-44-44,37.16.231.110,-1778310830,internet,204.16.92.175,332989396,-1700259667,7846,-20
huawei,-102,226051120405436,40779866197,2024-09-04 06-44-41,98.99.254.217,-1439837774,internet,27.94.226.103,-186520829,481203293,-12221,30
huawei,-39,226058983574966,40726532953,2024-09-04 06-44-00,90.226.23.231,-1341014422,internet,0.164.174.65,-1062919565,1753899358,32128,73
huawei,41,226050038757862,40757538843,2024-09-04 06-44-34,122.219.217.206,2056661184,internet,96.124.176.173,-485311820,1893390855,-30842,122
huawei,117,226050020149288,40798142534,2024-09-04 06-41-12,115.110.92.207,-375483067,internet,140.250.242.20,-824188121,77766912,-17408,-37
huawei,1,226052028549449,40754992963,2024-09-04 06-43-23,129.197.191.147,1083331243,internet,51.55.147.103,1898341101,1907226532,7189,-29
huawei,-68,226051876952437,40709146700,2024-09-04 06-40-52,33.143.5.210,1168014192,ims,63.120.198.82,-1244971426,-1656688384,-8630,-93
huawei,127,226053985713080,40747036985,2024-09-04 06-42-56,71.198.200.207,-1690136281,internet,131.144.245.169,-1413895875,862770453,4158,80
huawei,-57,226056776127444,40746997333,2024-09-04 06-43-54,163.34.23.42,-1728429434,internet,119.26.234.76,822312867,-748810824,32176,-71
huawei,-61,226058255030076,40743665286,2024-09-04 06-42-06,158.10.70.172,-2069324528,internet,184.78.184.164,-1823943846,-1321963741,-7377,106
huawei,-127,226050519053746,40775206105,2024-09-04 06-43-54,143.92.90.194,276396915,internet,161.130.19.252,-730587799,-267735302,-10386,-52
huawei,4,226052724357534,40736247334,2024-09-04 06-42-51,116.172.118.180,443364024,internet,28.2.132.242,1276928153,1138759742,7576,84
huawei,-81,226057728296802,40750357910,2024-09-04 06-42-51,254.254.131.30,-226321032,internet,92.233.60.33,-787616609,-418333439,5454,-106
huawei,-54,226054037617410,40780477134,2024-09-04 06-40-11,46.176.206.169,-1581741829,internet,2.17.10.198,78297905,1572877730,-17662,-5
huawei,65,226051194150743,40776418545,2024-09-04 06-40-06,144.251.227.64,980272280,internet,251.187.1.156,1576097043,-1007982032,3240,106
huawei,30,226054070228487,40763007472,2024-09-04 06-44-22,59.187.204.53,1069263145,internet,36.246.174.7,-1667187101,-395824101,9218,26
huawei,-52,226059131523973,40751340021,2024-09-04 06-41-16,72.79.99.114,1067638197,internet,246.19.70.152,1973958236,-658570383,29198,-48
huawei,62,226054488446681,40753626632,2024-09-04 06-43-43,41.110.174.124,1202504304,internet,48.239.116.146,560550949,2008643265,-23942,-39
huawei,-108,226058248172883,40735584709,2024-09-04 06-40-31,217.218.196.81,-1845729174,internet,25.0.242.85,-1669428431,-1630766717,5174,-24
huawei,-96,226050763411734,40759710437,2024-09-04 06-42-41,21.111.89.32,1475533257,internet,94.195.137.53,-1390555567,1851070377,-1975,-60
huawei,0,226051951320001,40738062668,2024-09-04 06-44-47,182.94.37.242,850586186,internet,57.200.242.216,-1028897966,-265849060,7487,86
huawei,107,226058537706655,40744109006,2024-09-04 06-41-13,254.193.130.83,-1174427301,ims,59.153.119.15,990767168,1700188061,-24050,-40
huawei,92,226051219188575,40749307433,2024-09-04 06-42-24,117.19.55.14,-202011770,ims,211.244.156.23,-1275638896,1802901860,-1524,-120
huawei,-96,226055801152816,40721320575,2024-09-04 06-40-03,227.227.91.229,371388031,internet,246.47.99.161,-1793115561,1983765768,32066,-88
huawei,112,226056077060408,40789697567,2024-09-04 06-44-28,89.254.1.79,1925679331,ims,32.109.90.163,-1862780124,2143441281,11372,109
huawei,-98,226056481509693,40753433871,2024-09-04 06-42-00,217.108.155.88,2016286897,ims,117.159.0.48,-1791883730,-1744482491,-11797,-120
huawei,-66,226052522198870,40740513519,2024-09-04 06-42-06,175.238.171.78,864134022,ims,225.65.22.84,2006277083,-1714771544,-28927,-23
huawei,-95,226052509791315,40740488318,2024-09-04 06-40-27,58.50.67.120,4634550,ims,10.15.191.244,227964060,626850099,31636,-69
huawei,107,226054534315676,40796902915,2024-09-04 06-42-50,189.1.72.19,1537833271,ims,86.238.36.160,-685177931,1510158297,-25060,50
huawei,61,226055648937722,40788593623,2024-09-04 06-43-52,73.107.200.44,-1537976930,ims,111.89.161.50,784006760,482691797,23265,-107
huawei,64,226052121505142,40778092837,2024-09-04 06-40-45,139.190.178.176,869326973,ims,148.41.49.133,-623881595,1900627953,18267,14
huawei,35,226058377238414,40771818313,2024-09-04 06-41-07,191.24.32.213,-844610013,internet,169.15.47.113,1403470961,1253117303,-3493,107
huawei,-62,226053333245152,40701924952,2024-09-04 06-44-52,104.25.17.45,1728335125,ims,204.229.235.66,-54186804,1447343114,-3336,48
huawei,-26,226054557212128,40727976370,2024-09-04 06-44-19,73.89.151.241,558715392,ims,64.201.160.204,1741007209,1100513752,19609,102
huawei,-17,226058718078202,40723705003,2024-09-04 06-44-16,2.22.162.114,-864817925,ims,172.226.155.103,303355293,-471461542,4358,74
huawei,16,226054098319850,40757654420,2024-09-04 06-42-18,173.243.87.130,-383332197,internet,114.20.7.116,631927631,-108506042,16427,47
huawei,127,226052301052977,40790691323,2024-09-04 06-42-56,1.196.142.235,1038979743,internet,240.124.41.157,-450232305,-1734447848,31466,-125
huawei,67,226057695188279,40788395829,2024-09-04 06-40-46,62.247.186.53,-867885230,internet,193.5.1.74,-1947501027,-2094115879,-7738,-56
huawei,-3,226052388428754,40728592008,2024-09-04 06-42-26,64.197.163.178,1354095167,internet,143.173.75.189,2090758492,-164330024,20492,24
huawei,114,226056310765236,40710016181,2024-09-04 06-44-38,89.162.197.193,1689917245,internet,173.215.159.39,-527813563,741849943,-24729,21
huawei,45,226056939888160,40754587910,2024-09-04 06-42-36,211.128.66.54,-618001564,internet,96.148.111.107,-559706419,1564785866,13910,116
huawei,70,226050389985047,40799559772,2024-09-04 06-44-19,4.84.171.236,1051333224,internet,35.148.77.117,-671002436,1232160749,-31164,-35
huawei,67,226054217648124,40743362255,2024-09-04 06-44-18,128.150.146.75,1859228317,internet,185.161.204.116,857806927,-655548917,30202,44
huawei,8,226054275558915,40701616152,2024-09-04 06-44-19,111.233.243.141,944541531,internet,12.103.90.14,-279963721,-1924283741,-5070,-12
huawei,124,226059432739662,40758617920,2024-09-04 06-43-44,110.45.180.211,429367951,internet,96.119.154.116,-1807943861,-1704726438,49,19
huawei,-23,226059483163406,40768511919,2024-09-04 06-43-19,243.120.108.94,1064292097,internet,52.236.150.7,-1832624434,508073236,-32740,104
huawei,-1,226051575843403,40757331347,2024-09-04 06-43-39,11.207.131.162,1475180147,internet,196.78.115.133,-1879407385,870058659,16785,-13
huawei,-59,226056828060924,40720241835,2024-09-04 06-43-58,197.52.124.188,-256342680,internet,153.218.118.98,-1021334815,992080814,-30699,-67
huawei,-127,226055856434098,40715340106,2024-09-04 06-43-09,98.69.185.12,1561552114,internet,10.120.148.127,-1166832880,1736231093,-13921,56
huawei,112,226052000246640,40733023477,2024-09-04 06-44-23,210.74.244.71,1309570853,internet,40.115.25.112,-239591440,-1831507231,-13004,-13
huawei,15,226056934003271,40772264917,2024-09-04 06-41-34,26.68.188.238,1225473008,ims,109.74.55.16,1344965735,881697315,77,90
huawei,-79,226058360754510,40727836853,2024-09-04 06-40-34,73.252.181.28,-163853573,internet,238.177.211.107,-1454711934,1971437016,-13590,-55
huawei,-35,226050450477419,40712935115,2024-09-04 06-42-49,63.26.17.18,1658356648,internet,91.25.26.130,367060345,1547788095,7292,83
huawei,57,226055856874074,40757706194,2024-09-04 06-42-10,34.78.246.28,-1637406055,internet,43.104.37.220,-512839051,519264950,22865,73
huawei,-115,226059936354459,40704141298,2024-09-04 06-44-54,178.181.176.166,-488886493,ims,51.132.104.151,935907285,677744790,-29089,-118
huawei,87,226056635369500,40729234062,2024-09-04 06-42-50,109.116.102.91,337818141,ims,55.67.64.117,795110886,28303899,15808,-14
huawei,55,226054367680538,40763056474,2024-09-04 06-40-08,125.159.247.35,1378058910,internet,5.11.29.95,2034201509,1604372131,-31252,3
huawei,-81,226058472218216,40741270644,2024-09-04 06-43-30,212.170.31.191,2086447250,ims,49.201.48.65,1960228832,-1651673681,-269,88
huawei,-10,226059876984069,40739855793,2024-09-04 06-41-39,6.144.243.61,429804192,ims,3.127.25.98,1603304847,255058450,374,-33
huawei,-69,226054616564157,40757071111,2024-09-04 06-40-26,36.144.3.227,-624398137,ims,168.80.173.5,-1308400823,1366561998,-17706,92
huawei,-108,226058086613287,40779291379,2024-09-04 06-41-56,60.235.254.230,637989166,internet,90.154.227.240,570136060,-1600410691,-7508,0
huawei,-88,226055846886896,40758886403,2024-09-04 06-42-17,8.123.120.78,1508170659,internet,165.32.141.47,402301995,6154715,19134,96
huawei,100,226057023674896,40764888726,2024-09-04 06-43-32,226.175.30.53,1493709287,ims,22.32.235.77,-579828635,-534332634,-15053,108
huawei,29,226054153082986,40761703971,2024-09-04 06-42-06,125.218.207.88,-204313712,ims,97.95.131.147,-2097188070,-1829540083,29858,-11
huawei,77,226056670429262,40706792507,2024-09-04 06-42-33,201.100.188.173,434788553,ims,129.114.154.200,1660446036,-2139798162,-21727,52
huawei,-78,226056737875691,40701821183,2024-09-04 06-44-34,97.155.224.240,1319519153,ims,237.87.130.24,1620545874,-1421102561,-4898,-97
huawei,126,226056617267070,40777215829,2024-09-04 06-43-25,29.225.187.22,575167560,internet,156.161.25.203,-1868935358,-1155527364,-6170,14
huawei,-81,226050954939605,40753739920,2024-09-04 06-43-44,223.229.248.57,-1469107261,internet,250.16.255.161,419544101,-292002060,-19066,-10
huawei,-51,226054700348732,40797185230,2024-09-04 06-44-41,100.153.120.32,-477835649,internet,247.144.23.70,1289224454,702396338,8512,18
huawei,-110,226051993279737,40751009577,2024-09-04 06-41-33,61.43.247.79,-97456443,internet,240.5.123.21,-1844574675,-1527392859,-2151,112
huawei,89,226053498968281,40791797030,2024-09-04 06-40-35,45.223.118.105,1498349640,ims,236.80.96.129,-310913504,-1934168828,-23825,-122
huawei,12,226058618128608,40743327544,2024-09-04 06-40-47,24.217.114.146,-1770607506,internet,31.191.165.254,1830899503,2017519927,13973,-59
huawei,-94,226057503435538,40727912694,2024-09-04 06-44-22,104.218.178.10,-2089464244,internet,215.112.21.27,-248201807,-882828912,10282,101
huawei,72,226051120171886,40796937545,2024-09-04 06-42-45,91.125.148.128,-1163652391,ims,131.176.244.73,1142606655,493853965,1759,18
huawei,98,226054967040045,40736217504,2024-09-04 06-42-07,139.53.190.107,35247471,ims,75.124.57.183,1995946672,444737598,16788,-84
huawei,3,226058884388891,40745466557,2024-09-04 06-41-44,39.180.197.187,-1462063327,ims,100.102.126.112,656120654,451330877,-28152,86
huawei,-74,226051140545745,40701591070,2024-09-04 06-41-04,216.58.124.37,266620303,internet,51.79.186.26,-141240316,-1821588046,-7949,-128
huawei,-41,226059578360296,40791800411,2024-09-04 06-44-57,229.134.190.175,-1229094693,internet,230.93.162.241,-860526979,-924183837,11330,-66
huawei,6,226056522398618,40749554748,2024-09-04 06-43-09,24.3.168.12,-1109958197,internet,97.41.56.166,-1700177503,1688438453,2420,-116
huawei,74,226054820103891,40753402212,2024-09-04 06-43-50,45.96.9.184,-573920586,ims,39.96.251.253,831912778,-1199540919,23648,-30
huawei,3,226052717942990,40704529392,2024-09-04 06-43-33,235.245.71.127,-1252313262,ims,112.205.227.56,1682047820,-1507691567,32762,-24
huawei,85,226057243797797,40798628678,2024-09-04 06-43-02,95.119.155.166,-528490622,internet,164.228.247.36,1316494303,645287330,16592,20
huawei,78,226054322148512,40730509663,2024-09-04 06-40-20,72.191.48.51,160082899,internet,219.2.206.154,-1876352759,-153122575,-7894,15
huawei,37,226053260157211,40767283891,2024-09-04 06-43-04,175.65.54.43,-2059180679,internet,129.161.160.40,249186098,328845009,6586,-7
huawei,-35,226055481297828,40758975726,2024-09-04 06-44-56,237.225.27.59,741303836,internet,235.103.48.66,365155312,-1746321140,31779,-55
huawei,95,226053469204548,40718269946,2024-09-04 06-40-50,116.128.169.159,755562303,ims,194.154.252.253,1434150125,-997735256,-26940,69
huawei,-96,226057021438469,40777095588,2024-09-04 06-42-58,34.91.242.86,1532291766,internet,211.16.112.241,-1106990291,-916486935,15581,-111
huawei,-114,226053870429831,40750329261,2024-09-04 06-41-39,75.224.250.115,-48668253,ims,46.224.210.47,65692249,-1405792029,-17726,-100
huawei,-17,226056449414214,40786254641,2024-09-04 06-42-11,222.40.46.215,27675738,internet,115.22.134.118,-1539663367,1269583157,7143,101
huawei,-6,226051260494667,40703651421,2024-09-04 06-44-30,137.150.253.147,1531858185,ims,89.232.230.243,1459250331,-886854063,6399,20
huawei,-77,226058044877846,40725394295,2024-09-04 06-42-32,179.122.34.247,497191319,ims,6.20.154.40,447011296,963175030,18486,54
huawei,57,226050387534935,40720656757,2024-09-04 06-42-05,202.83.20.19,2062261751,ims,152.120.168.79,935383348,1869569733,13265,-47
huawei,32,226054227009864,40770353604,2024-09-04 06-42-55,162.242.135.121,-1246039086,internet,37.35.103.196,-2131003145,1845310866,18532,-115
huawei,-91,226059775677047,40792650343,2024-09-04 06-44-07,59.248.149.253,332352535,internet,138.130.45.213,1219243994,-969538663,-1529,7
huawei,-47,226059784103900,40736716110,2024-09-04 06-40-55,148.255.91.254,-1905417130,ims,154.65.249.211,949791831,-522211148,-17048,43
huawei,-52,226052808367128,40700104239,2024-09-04 06-43-27,49.169.97.154,836712524,internet,76.208.101.141,1445862863,-1299014541,21927,-120
huawei,47,226052933359822,40789017053,2024-09-04 06-43-27,35.199.8.56,-771386817,ims,6.178.80.19,-1941424089,-1248212662,-16211,124
huawei,91,226057307507300,40737581311,2024-09-04 06-44-47,27.38.162.116,-1054936094,internet,230.40.27.213,-17494120,873572602,1834,102
huawei,-56,226059858900910,40756125268,2024-09-04 06-40-01,235.208.199.79,-95554078,ims,186.215.219.147,129234656,7774489,-5643,85
huawei,39,226055249712495,40776367517,2024-09-04 06-42-18,43.244.141.110,1675543481,ims,2.118.208.133,-2097965795,-2083975218,27908,-110
huawei,12,226056822318982,40701311463,2024-09-04 06-44-49,139.14.42.80,1277022159,internet,95.73.72.58,-1068726217,-1859635649,-15603,55
huawei,-66,226056489918318,40773547590,2024-09-04 06-40-20,254.92.204.35,167406515,internet,196.94.45.136,836271140,1766130837,-14207,-15
huawei,-110,226052667211612,40707135071,2024-09-04 06-40-12,105.159.235.194,-1088077897,ims,223.243.23.229,1650038566,-2132655265,8443,-109
huawei,39,226052394079804,40709544831,2024-09-04 06-41-20,24.148.132.71,-562559179,ims,85.252.240.157,-2048694812,980999614,-3048,-125
huawei,-100,226053158703112,40713919003,2024-09-04 06-41-28,68.106.248.248,77729753,ims,145.51.111.74,1993147091,1295661959,17861,-119
huawei,-69,226056949951283,40771155112,2024-09-04 06-40-14,8.41.253.245,1620434460,ims,149.172.3.93,1630425006,-1092415201,-30521,-60
huawei,113,226050781913531,40799069073,2024-09-04 06-40-50,167.218.23.217,-2009097041,ims,11.158.247.21,1692863840,176618953,21176,45
huawei,20,226050984671976,40725802889,2024-09-04 06-41-24,226.213.3.104,1796284754,internet,146.249.48.107,1231672159,-1864178939,-29430,-107
huawei,10,226058295114612,40712245743,2024-09-04 06-41-15,24.82.23.238,1762994114,ims,207.24.204.61,126583689,2054015532,-25030,-26
huawei,123,226054786198773,40724701826,2024-09-04 06-43-21,13.173.146.229,72964889,internet,191.210.12.54,-13632115,-1464437988,-16324,-111
huawei,-124,226057582773498,40719873071,2024-09-04 06-43-04,134.191.195.182,-1740769745,internet,20.3.148.40,824417391,-1420983428,-9908,-2
huawei,-59,226056531591769,40714644247,2024-09-04 06-42-49,229.108.6.19,1372778421,ims,78.189.179.80,-1034808632,1582657304,30951,44
huawei,-4,226054123579714,40700988133,2024-09-04 06-40-46,52.232.88.119,-647196445,ims,144.21.116.122,-1128233079,8739151,-595,-36
huawei,114,226055401273851,40703063143,2024-09-04 06-42-23,8.131.169.236,-307702511,ims,221.59.36.222,161511204,2125030873,-13837,-95
huawei,-52,226053374987490,40717773315,2024-09-04 06-42-16,46.201.136.37,435712724,ims,253.201.244.57,855614039,-1884665360,28463,-19
huawei,38,226059354551962,40711247926,2024-09-04 06-41-48,20.26.126.2,-998482317,internet,146.23.84.153,-1506442155,-579879979,17866,83
huawei,12,226058121256148,40722732111,2024-09-04 06-43-11,224.200.87.108,2133767190,internet,59.68.180.238,616673100,192324460,25054,-54
huawei,-37,226058729657268,40710839726,2024-09-04 06-44-58,46.143.226.186,253302664,internet,214.147.246.69,-887095914,572768974,-25872,17
huawei,-56,226053539641146,40760758872,2024-09-04 06-40-41,231.90.14.53,-2088795467,ims,8.96.206.54,1891406071,-1290038951,32391,88
huawei,10,226053247269592,40788251787,2024-09-04 06-41-56,132.102.69.250,-1170742018,ims,110.91.199.11,-1055275109,-1650196989,-14491,46
huawei,-98,226059672812460,40716195089,2024-09-04 06-41-36,27.200.240.235,-150011264,ims,64.210.165.73,373935992,-564838728,-12564,55
huawei,-22,226059685208275,40705473431,2024-09-04 06-42-58,50.137.201.207,1985693750,ims,35.149.59.25,199009839,-49328210,-11679,-89
huawei,10,226059465146698,40716031020,2024-09-04 06-41-04,54.19.186.143,-1941483011,internet,54.67.71.210,1808342430,-1254199173,9500,-7
huawei,-49,226052182225495,40711302645,2024-09-04 06-41-19,139.202.19.130,-1475555410,ims,30.36.99.40,-22291263,-396274970,13686,73
huawei,-79,226051511447219,40795956633,2024-09-04 06-44-07,243.157.121.217,-1089060818,internet,70.26.14.185,1798172769,-952759896,-6547,25
huawei,-66,226058729767046,40759709509,2024-09-04 06-44-54,251.198.207.2,-1794584447,ims,147.173.217.218,1847779763,1056191186,-28522,49
huawei,-104,226053584600116,40718100876,2024-09-04 06-41-42,94.180.203.83,157614829,ims,11.234.179.44,1954297133,1090067068,-26097,119
huawei,-44,226056760256837,40760324380,2024-09-04 06-41-46,82.232.106.141,-162601966,ims,50.223.94.103,748436486,1055428876,5447,125
huawei,-69,226051845343577,40765335660,2024-09-04 06-40-19,123.224.5.164,-1027679193,internet,68.1.0.23,2107571988,-30595569,-4746,113
huawei,-37,226053996169790,40762674920,2024-09-04 06-44-22,127.137.248.151,1805088373,ims,47.11.122.56,1860297711,-1512748479,-22150,-46
huawei,-21,226052541171370,40734851435,2024-09-04 06-41-45,6.117.14.128,345855139,internet,114.231.99.162,-1284358250,2108641941,11322,-83
huawei,-10,226052901022915,40717681257,2024-09-04 06-41-17,105.169.205.76,1720734630,ims,95.94.235.70,-711552928,-506090139,22992,-74
huawei,-125,226054308185992,40719642995,2024-09-04 06-42-56,121.226.129.250,-1300622480,ims,160.231.131.40,1681610372,619374934,23729,111
huawei,77,226057493005900,40726507351,2024-09-04 06-44-46,247.20.136.16,2033518348,ims,166.208.85.98,1987551868,-1615774371,-12692,9
huawei,-80,226059291022324,40775612967,2024-09-04 06-40-03,2.6.170.156,-1476202378,ims,170.51.1.27,1652205312,1152783150,-29860,23
huawei,82,226057674057982,40729381878,2024-09-04 06-43-42,40.51.61.76,391287493,ims,176.94.193.117,-1834354411,-1480044945,17938,-83
huawei,9,226056444884528,40746194333,2024-09-04 06-44-42,219.169.182.38,136672157,ims,195.9.172.53,1084987088,-1732789649,-1351,10
huawei,-90,226054055886767,40725330070,2024-09-04 06-43-44,211.154.128.254,-1995355698,ims,166.95.37.192,2007573756,-737752657,-467,75
huawei,12,226056819722435,40708818887,2024-09-04 06-40-23,59.6.86.121,-858603394,internet,144.67.92.40,-320601592,505053581,16929,34
huawei,20,226058112251567,40729402610,2024-09-04 06-42-09,240.165.159.185,-691895023,ims,55.164.120.67,1223448490,1900472535,32382,-97
huawei,54,226051042915638,40777705071,2024-09-04 06-40-47,16.93.164.56,641376051,ims,157.84.77.203,-1111202813,874145181,-13921,88
huawei,111,226052733157725,40759107496,2024-09-04 06-43-56,253.81.240.41,293788877,ims,90.136.168.33,1119134692,-1251343841,-5681,64
huawei,-82,226050371624857,40756173249,2024-09-04 06-44-14,93.119.53.28,-745559902,internet,118.67.191.179,1902242222,-1565824440,-795,126
huawei,-88,226053289820150,40778169399,2024-09-04 06-40-14,244.229.176.48,883230277,internet,163.130.170.46,-275235842,-1053070433,-25637,50
huawei,-55,226057926869126,40720460490,2024-09-04 06-40-12,42.46.90.111,-715140477,ims,61.33.237.96,-223271267,1344335496,32213,-93
huawei,64,226055174809817,40747694888,2024-09-04 06-41-45,62.0.184.207,955539741,ims,197.105.206.133,-578681052,-633718771,-22212,121
huawei,74,226050559544419,40739718195,2024-09-04 06-42-48,80.174.70.121,-1968097313,internet,162.25.163.175,-572856952,405177591,3389,66
huawei,107,226054148336341,40749211408,2024-09-04 06-43-11,197.177.238.232,1146600928,internet,27.157.234.34,-1071725203,-19146780,-9028,-101
huawei,9,226059310471161,40707238334,2024-09-04 06-44-16,75.193.87.155,868535735,internet,10.239.7.86,-1559672831,680578419,11096,-14
huawei,-81,226051055235899,40778995397,2024-09-04 06-45-00,154.114.121.42,-1386267431,internet,65.238.78.199,-404541786,1301470650,9250,-67
huawei,107,226057632323269,40769645010,2024-09-04 06-40-28,203.79.146.85,-1328631365,internet,73.214.189.219,955218987,-1515892872,-16503,54
huawei,-33,226050428748438,40704516429,2024-09-04 06-42-51,248.96.113.110,-926851689,ims,104.228.48.92,314136011,1260458243,-17241,9
huawei,107,226058275912346,40799414454,2024-09-04 06-40-22,216.225.31.142,-336555687,internet,239.6.91.142,1800368402,479170519,-16453,-17
huawei,125,226054996370618,40791420532,2024-09-04 06-40-20,185.230.31.169,2030179066,internet,236.192.230.64,1589240224,-1878540134,-11105,117
huawei,-90,226054956903634,40789224877,2024-09-04 06-40-46,129.56.245.146,-1265177449,internet,2.152.198.148,-419493962,-956563267,18181,106
huawei,118,226055720248058,40770197132,2024-09-04 06-43-27,149.251.200.40,1093666027,ims,28.222.174.149,43054035,1499407611,2779,-38
huawei,58,226055228550783,40727962395,2024-09-04 06-42-21,26.55.38.87,1233652224,internet,6.139.8.210,-1131726477,61919981,18928,77
huawei,40,226055670691034,40790631125,2024-09-04 06-41-51,84.218.51.219,-299526505,internet,67.189.174.212,1080119872,842887123,2453,-83
huawei,-94,226051661768017,40794628450,2024-09-04 06-40-54,86.148.224.122,2114720746,ims,64.58.253.255,-1521356440,41155428,27813,-1
huawei,73,226053616819389,40712767461,2024-09-04 06-40-03,11.219.40.104,864581721,internet,8.88.52.81,605884832,-49726530,9442,-71
huawei,-102,226050982834273,40704130605,2024-09-04 06-41-30,189.238.104.81,836510062,internet,19.104.102.254,1898679996,511009046,-20247,107
huawei,-91,226057192086589,40737952995,2024-09-04 06-40-11,52.185.64.73,1293085663,internet,246.35.87.60,144909010,2034361496,28376,93
huawei,48,226055040267390,40788218438,2024-09-04 06-40-43,49.220.149.73,1455969271,internet,36.110.172.155,290731793,-389635274,-8840,-106
huawei,97,226050351102495,40772799100,2024-09-04 06-43-06,80.137.29.184,1444907519,internet,29.34.203.237,292566250,413772900,-18640,59
huawei,72,226055621489652,40738789644,2024-09-04 06-42-47,182.76.186.188,666728423,internet,171.105.233.137,333115221,-1380122426,-21397,-76
huawei,85,226059772223163,40784660255,2024-09-04 06-40-49,158.185.100.164,1555508293,internet,124.44.55.224,-531805763,1993169213,13254,-109
huawei,105,226051333223850,40759048628,2024-09-04 06-43-16,245.64.36.188,-1413411829,ims,105.94.1.110,-1629618820,2007387390,22593,-126
huawei,12,226056458972100,40763032144,2024-09-04 06-43-52,127.125.76.143,-550013405,ims,40.252.173.214,1646693414,2057422294,7420,-85
huawei,-83,226057116894293,40797449029,2024-09-04 06-44-36,245.141.123.67,-315786039,internet,198.176.145.143,-1134409971,-893320412,-5253,-40
huawei,-82,226059234888552,40704064546,2024-09-04 06-40-06,236.218.238.204,1940002823,ims,37.134.182.162,315393407,1017522329,-23824,-84
huawei,-71,226056773232389,40743867665,2024-09-04 06-40-53,254.111.161.209,2112950313,ims,215.55.41.166,1593522093,-808588632,-11026,-15
huawei,-9,226058140139858,40798768362,2024-09-04 06-42-09,63.71.11.192,-873749562,internet,239.147.187.79,281561101,-943517781,-30158,66
huawei,21,226050751084289,40771408308,2024-09-04 06-41-29,200.135.95.30,865198004,internet,48.84.174.84,990513324,2033866683,15520,-128
huawei,6,226059238972976,40720222892,2024-09-04 06-40-16,193.51.45.183,1477988053,ims,29.126.91.121,1429820829,167760011,14179,-80
huawei,69,226057796724409,40787281861,2024-09-04 06-42-38,188.93.255.127,-2082770093,internet,246.48.229.45,-1348565530,-2120040460,-25049,-71
huawei,-96,226055077107565,40725047472,2024-09-04 06-41-09,123.93.144.169,1242722912,ims,27.107.29.55,678010000,62778314,11429,-102
huawei,72,226058864074902,40792631562,2024-09-04 06-40-02,243.150.137.224,-734306724,internet,55.120.39.220,-1133665801,263158002,-15971,70
huawei,44,226057604968799,40787527182,2024-09-04 06-42-17,175.196.97.217,-1342651369,ims,99.141.2.109,-541366466,150310961,2043,18
huawei,28,226057345792432,40744575494,2024-09-04 06-43-34,142.137.132.104,-484393152,ims,234.15.76.2,-90046594,815016874,28619,-121
huawei,-51,226055055614324,40771653572,2024-09-04 06-44-02,63.137.145.219,-65229376,internet,92.129.77.132,-749444048,1727509488,-32124,-67
huawei,38,226052934370066,40720705275,2024-09-04 06-41-39,226.62.53.163,-945387418,ims,26.218.183.179,1574093789,-1182040399,-2285,-71
huawei,-127,226056187978848,40776728717,2024-09-04 06-43-40,251.194.185.105,267432897,internet,163.198.68.254,-1866484566,-1933524951,22331,-117
huawei,32,226052872352606,40725155000,2024-09-04 06-43-44,222.192.142.105,-147324598,ims,60.206.92.217,-1484854919,26168224,2301,47
huawei,-91,226053949259687,40706372049,2024-09-04 06-43-54,161.118.91.179,1225164653,ims,117.132.231.152,1402691291,817768650,15390,-87
huawei,-108,226051328042856,40786497198,2024-09-04 06-44-10,223.40.136.146,619327322,internet,14.83.67.78,-29857615,1188991202,20711,9
huawei,-79,226059773077099,40790439328,2024-09-04 06-44-01,70.68.65.21,-1020860658,internet,164.166.150.31,-1829521436,-233080606,25559,-105
huawei,-25,226054654840678,40766796320,2024-09-04 06-41-56,184.156.71.115,-756950047,ims,239.168.81.86,962786365,-1949802632,14554,-119
huawei,101,226057545221635,40726435545,2024-09-04 06-42-59,228.227.179.143,253241784,internet,187.238.45.206,-1738405152,791420950,20408,-116
huawei,-24,226057987607896,40740701422,2024-09-04 06-42-06,33.101.181.177,384396413,internet,15.213.175.79,-1819613941,1584123337,-2253,-58
huawei,-55,226050149335154,40737441466,2024-09-04 06-40-55,238.201.253.145,-1497857818,ims,76.254.133.119,-1131598307,1357819781,-11172,-73
huawei,-23,226054250687219,40764661192,2024-09-04 06-43-57,129.138.51.216,1861489336,internet,87.117.89.86,-477830822,1924076894,-20124,-109
huawei,-112,226054024069485,40725432699,2024-09-04 06-40-55,185.227.182.81,-820715710,ims,90.32.47.113,1822855453,488065989,11679,98
huawei,113,226052373918039,40789027047,2024-09-04 06-43-42,18.33.47.202,440064245,internet,12.98.188.55,675564327,-1614349824,-29676,-98
huawei,-42,226053036450507,40796426319,2024-09-04 06-42-33,105.214.197.99,-1123408921,ims,159.47.155.161,1177171375,2132153682,27422,-79
huawei,-81,226051000082256,40739600641,2024-09-04 06-44-17,148.100.54.214,685476690,internet,88.7.51.184,368839097,1289574027,11716,-108
huawei,54,226051361743115,40770850443,2024-09-04 06-40-33,58.122.237.168,2011124827,ims,228.29.222.239,-1237594820,-1528292101,-27217,-28
huawei,-23,226056736815217,40779821362,2024-09-04 06-44-22,58.224.176.213,1777225350,internet,121.50.210.26,1822215442,529351681,-7357,-118
huawei,-111,226057518859231,40746009784,2024-09-04 06-43-56,44.83.201.40,1154743922,internet,162.201.153.154,285936089,1406385233,-5192,-68
huawei,-77,226058906859705,40724258198,2024-09-04 06-44-46,225.102.171.17,-19894791,internet,23.11.73.89,1553684260,-364594290,2376,-74
huawei,72,226059351667215,40719288251,2024-09-04 06-42-59,190.99.0.210,-636321062,ims,74.92.49.177,1597896728,-703705036,8164,-67
huawei,44,226057678535122,40710581965,2024-09-04 06-44-29,120.159.230.203,-1792126850,ims,224.183.204.18,-698839792,126933725,-533,-94
huawei,-100,226058228493161,40749222080,2024-09-04 06-42-29,130.91.131.151,2055386035,ims,183.157.3.185,686073340,2000603653,32247,108
huawei,-67,226051523827490,40707323218,2024-09-04 06-41-10,165.92.243.75,1569470497,internet,208.175.182.76,-352630557,-1582875649,11930,-58
huawei,66,226055608359875,40701549379,2024-09-04 06-41-39,205.161.110.230,851730458,internet,175.120.211.159,627472530,1464578282,-14962,94
huawei,11,226052766078889,40715828478,2024-09-04 06-42-01,82.5.84.77,-775608547,ims,39.79.13.91,206005268,-179445360,31751,23
huawei,-40,226052681966800,40716523255,2024-09-04 06-42-24,166.36.87.233,1856601455,ims,235.45.16.208,-1833601251,1239610455,24952,-9
huawei,-122,226059163988364,40784094408,2024-09-04 06-40-19,101.118.158.2,-343477740,ims,11.189.199.14,-1364822774,-941221392,4448,96
huawei,-93,226051280923530,40737097165,2024-09-04 06-44-07,105.213.223.15,110560646,ims,206.243.240.60,1165609203,-685005893,-16546,47
huawei,18,226050847705877,40764946839,2024-09-04 06-42-32,111.226.4.88,39588991,ims,192.9.168.14,-1743369900,-1952385560,6094,-124
huawei,22,226056303756559,40796563690,2024-09-04 06-40-18,227.3.253.242,1280741476,internet,47.235.79.15,-692175561,-1910836013,-6846,-21
huawei,120,226058919553261,40794021183,2024-09-04 06-42-07,142.120.114.166,1413195581,ims,124.28.208.90,-811446427,589979367,-30040,86
huawei,-26,226058708210184,40757355141,2024-09-04 06-41-38,103.110.203.99,2002313916,internet,90.227.160.31,-1287599128,1118412991,-31715,-91
huawei,-58,226051606580081,40764325411,2024-09-04 06-43-46,172.2.46.200,610020169,ims,209.29.160.176,-819178070,1704636806,11704,114
huawei,127,226056708653487,40743386870,2024-09-04 06-41-50,170.61.4.128,1441378913,ims,158.147.34.34,-377661960,87598770,23899,-47
huawei,3,226056643411648,40727428051,2024-09-04 06-42-36,247.96.172.120,2074134601,internet,44.130.51.75,-1475728652,1803621527,31617,76
huawei,-74,226054683938564,40732314218,2024-09-04 06-42-22,187.62.171.242,-1733821766,internet,184.231.99.189,-1139768156,-2048207310,19650,92
huawei,-20,226056237646354,40779611863,2024-09-04 06-44-47,12.0.222.212,-741719788,internet,233.181.150.197,-864452945,880302697,31678,25
huawei,97,226054544500833,40788031472,2024-09-04 06-40-48,246.73.18.216,2019508720,internet,37.198.255.233,2043678910,-945845270,-15551,-31
huawei,81,226054316290330,40761292701,2024-09-04 06-44-16,118.165.83.204,-1586373073,ims,242.175.254.177,1887598113,956937053,-25659,-105
huawei,18,226054903650687,40769435621,2024-09-04 06-44-28,56.77.231.166,368275939,ims,212.46.174.138,1304026772,360917518,6227,-44
huawei,-13,226058752428854,40781076274,2024-09-04 06-40-41,152.208.39.241,1110321330,internet,68.158.92.146,-1825378991,-1450824347,1134,91
huawei,-76,226058053374918,40738912831,2024-09-04 06-41-09,108.216.144.21,1729147266,internet,165.43.57.219,1390988771,-1139374995,7501,47
huawei,99,226053624374206,40722052063,2024-09-04 06-44-34,39.207.99.62,-1719315914,internet,106.246.114.188,138384990,-1140051896,-30733,87
huawei,-78,226059631900980,40768220512,2024-09-04 06-41-01,61.47.158.187,-474626926,ims,204.82.226.59,1328654031,-1374140883,-21239,78
huawei,55,226052362240091,40730312849,2024-09-04 06-44-18,151.82.148.111,311648697,internet,250.246.68.46,-178285157,-1073768096,12480,-109
huawei,55,226053270592444,40770153174,2024-09-04 06-43-26,26.241.109.208,-151653747,internet,99.48.62.173,318972648,1181042752,-23637,19
huawei,-47,226053822804322,40792393406,2024-09-04 06-41-49,187.40.72.239,1354065072,internet,62.186.33.52,1566249488,-318888926,3994,-26
huawei,121,226054221635838,40701958001,2024-09-04 06-44-29,246.132.239.219,-444888491,ims,231.24.176.76,1616999913,-515259237,-32382,80
huawei,47,226054051403936,40787760849,2024-09-04 06-43-08,217.53.216.42,1944529713,ims,129.35.125.39,-949054089,-1200078443,-19386,94
huawei,56,226054688671664,40756992422,2024-09-04 06-44-48,54.252.151.147,-447457290,ims,105.161.145.221,1298896062,-1348358690,-18021,110
huawei,-91,226051055211176,40790218635,2024-09-04 06-42-00,35.31.6.177,-158795311,internet,128.84.247.72,-2007824311,535768665,-9381,8
huawei,98,226059962787231,40701147795,2024-09-04 06-42-46,67.124.210.151,1055579635,internet,3.240.177.130,-1983761116,1962685316,4044,-52
huawei,-75,226054960152315,40742245711,2024-09-04 06-40-40,166.92.162.246,-87642927,ims,52.110.206.54,-1678676438,-1294810340,20547,12
huawei,84,226051086451143,40776628410,2024-09-04 06-44-56,9.45.246.120,-372058337,internet,240.70.103.45,109606430,-1818458042,-28170,101
huawei,-44,226059762711309,40716556322,2024-09-04 06-45-01,31.3.111.239,884682493,ims,114.225.137.221,-719660466,-1763388082,1009,16
huawei,111,226053672437571,40734290658,2024-09-04 06-42-20,176.121.70.91,1456488596,internet,128.25.213.20,-1617853091,-729615235,-9414,56
huawei,90,226053951342899,40728048332,2024-09-04 06-41-36,40.188.46.39,-444109205,ims,121.249.168.94,-1685428779,-793628005,3123,102
huawei,-89,226050644421382,40783961933,2024-09-04 06-40-54,68.212.20.43,1911749371,ims,163.251.70.48,623849320,-188403913,-24334,-72
huawei,118,226057968607985,40713179483,2024-09-04 06-41-16,123.231.193.47,1922094099,internet,123.243.108.176,-1241913188,-234338765,21302,24
huawei,-31,226057879249371,40762993332,2024-09-04 06-40-47,98.71.120.52,-1086000971,ims,188.238.230.11,541732556,330695217,-32182,101
huawei,40,226055953614085,40742420170,2024-09-04 06-41-32,41.48.6.26,-88392456,internet,46.97.216.183,5487312,-503165544,-11322,0
huawei,107,226058252566544,40711815657,2024-09-04 06-40-37,47.72.195.195,-55945679,internet,75.225.194.153,-1910437211,-70566298,-31798,36
huawei,-119,226050495187319,40776155245,2024-09-04 06-41-42,111.186.234.27,-847974401,ims,152.205.253.100,690136040,-664786032,-28626,-3
huawei,86,226057098201011,40755953858,2024-09-04 06-42-57,70.146.137.212,-187589108,ims,165.249.11.64,590148051,-908974226,11410,107
huawei,-8,226052985409784,40707821430,2024-09-04 06-42-11,56.137.107.245,1628319971,ims,243.184.215.140,2046699874,1847314488,-13697,48
huawei,-52,226057223590162,40754339178,2024-09-04 06-44-09,118.231.106.61,1613140147,internet,74.11.22.222,-145317589,-1953436530,24442,-97
huawei,14,226057665476808,40755415599,2024-09-04 06-44-56,136.138.151.190,-269145866,ims,57.64.56.67,919601362,-1322152314,31291,98
huawei,-30,226052754319128,40779020895,2024-09-04 06-43-17,202.223.8.25,1698218033,ims,95.92.98.1,793203441,-663053585,-26188,-39
huawei,72,226058693730776,40784099065,2024-09-04 06-44-58,67.184.224.225,-111120281,internet,109.230.89.251,-577549684,313285634,-25136,-96
huawei,28,226052997128674,40739952388,2024-09-04 06-42-38,155.27.211.130,-1271905502,internet,73.250.172.139,-2108242593,-1828793509,4032,9
huawei,120,226051389285533,40797537063,2024-09-04 06-43-37,80.254.162.197,-562020662,ims,237.237.49.69,-1019846536,1869185497,4357,-122
huawei,81,226058526700152,40714792339,2024-09-04 06-43-23,2.142.202.243,1640587358,internet,67.69.127.96,-1467631395,1018306129,12634,-86
huawei,82,226057805440083,40721672410,2024-09-04 06-41-15,126.122.36.146,147092472,internet,10.175.15.159,1068011621,1300923431,24340,-46
huawei,121,226058444232943,40750097421,2024-09-04 06-40-34,29.95.254.102,-1681559488,internet,249.195.33.84,-1939434516,-706316278,-29160,112
huawei,105,226058623493527,40737310363,2024-09-04 06-43-03,243.17.239.90,-1362655645,ims,127.102.149.43,-161699647,1444632927,12898,34
huawei,-108,226058349178456,40742868858,2024-09-04 06-43-44,18.177.35.19,1636576543,internet,174.146.77.236,-1579251397,-2059505703,27508,-125
huawei,85,226057788307915,40770430870,2024-09-04 06-44-39,3.7.48.23,483307235,internet,246.75.99.116,-34904039,1191859969,-5259,70
huawei,-39,226056273052428,40723755556,2024-09-04 06-42-25,89.18.207.17,-1753046985,internet,221.247.243.117,-78893331,-2095908258,3686,48
huawei,-108,226059383806002,40702623575,2024-09-04 06-42-02,134.41.191.90,1631148303,ims,22.67.179.249,-2123853582,-1473132641,-28284,10
huawei,0,226054689335954,40743043476,2024-09-04 06-44-31,58.127.241.232,-1345380156,ims,200.150.189.79,439447809,1040253261,-7301,127
huawei,-35,226054848280207,40768587929,2024-09-04 06-43-40,26.85.169.80,-139698576,ims,159.31.15.234,876636514,-759855992,-27989,-111
huawei,68,226052802746718,40715149211,2024-09-04 06-41-55,80.162.218.210,435058328,internet,180.131.180.9,968950296,454766165,10800,-78
huawei,62,226058296372815,40710919160,2024-09-04 06-43-08,79.170.221.130,-1670525816,ims,9.113.229.114,250873567,374915454,6742,72
huawei,69,226055825222743,40733153512,2024-09-04 06-40-09,226.112.31.144,2011725756,internet,55.201.74.93,1610151920,-1937379200,25231,-125
huawei,-80,226052127512164,40714817169,2024-09-04 06-41-29,133.201.165.24,-342943311,ims,15.252.47.137,-977854952,-1496557997,27189,79
huawei,-98,226056490279797,40791331707,2024-09-04 06-42-28,230.109.159.135,41814015,ims,175.245.201.66,690427151,-1476416155,-30174,-92
huawei,-26,226050102222867,40793979501,2024-09-04 06-41-58,3.212.144.221,2146382127,internet,101.121.70.188,-1240279768,1502276670,25277,-98
huawei,-10,226050406944739,40702725662,2024-09-04 06-41-58,49.170.127.17,-564091914,internet,54.90.15.72,395064088,1335233574,-20465,113
huawei,-92,226054098485937,40715356290,2024-09-04 06-43-13,207.170.66.98,-2133860707,ims,31.174.138.212,-337389413,-432727941,18385,-87
huawei,87,226059861783871,40780705340,2024-09-04 06-40-27,110.59.117.21,1447677578,ims,30.213.2.26,-1333828439,-1636396673,16263,-125
huawei,31,226058561037336,40783956824,2024-09-04 06-43-17,58.107.167.125,471836013,ims,160.122.28.99,2060930104,341700371,1591,29
huawei,99,226052243559936,40762352699,2024-09-04 06-40-18,193.234.108.195,-489707913,ims,131.109.140.247,367892449,-44575807,20908,93
huawei,-36,226053175067572,40740881484,2024-09-04 06-43-23,136.190.78.96,-622537357,internet,185.85.185.45,652480025,-108557918,12011,104
huawei,39,226056528046957,40776027749,2024-09-04 06-42-26,167.12.145.233,-366443265,internet,154.216.54.204,1334477295,600892438,-21432,-88
huawei,-125,226052294083482,40765219300,2024-09-04 06-42-48,29.148.195.254,-1453155836,ims,35.40.143.21,-1002212877,940004378,30459,-87
huawei,-101,226059225335473,40736201247,2024-09-04 06-42-42,124.86.249.176,-1600353836,internet,139.248.194.103,1262633662,1276544583,-13740,-66
huawei,-50,226057040140267,40749394689,2024-09-04 06-44-07,121.51.41.181,-1939619381,ims,169.182.12.20,-59153442,-792379279,18694,-78
huawei,-44,226052885386708,40702611392,2024-09-04 06-44-26,106.124.241.176,2096259753,internet,123.36.68.192,-416258219,1926538639,10346,-61
huawei,50,226056920520679,40728258883,2024-09-04 06-41-57,34.36.149.122,-1705820267,ims,219.175.138.238,-1581035159,-1597019325,-28099,-78
huawei,82,226059611676028,40745998555,2024-09-04 06-44-06,106.18.215.75,-742395674,ims,14.78.182.119,-953684884,1143482875,-8087,-4
huawei,-75,226055277475717,40709499879,2024-09-04 06-40-16,199.40.2.227,-158596329,internet,85.59.201.110,-281689352,-1601398423,-18735,6
huawei,52,226056457885051,40794994183,2024-09-04 06-41-09,192.11.33.126,1855764175,internet,36.149.6.253,-1515645631,-1039433155,14567,13
huawei,-80,226055582937876,40796812923,2024-09-04 06-44-52,207.136.192.128,-426304510,internet,36.253.60.49,1578188382,1418022965,-32212,69
huawei,-23,226054289504500,40767982839,2024-09-04 06-43-37,62.101.81.60,1765091416,internet,145.207.47.17,-911436841,-1690494308,-31324,-87
huawei,-45,226053297910934,40744591554,2024-09-04 06-44-22,143.175.87.71,-1417563326,ims,97.73.84.168,1613805713,-1092614735,8742,118
huawei,72,226059053064220,40764713752,2024-09-04 06-42-56,90.179.46.186,-1047717110,internet,126.22.71.161,-890392570,1048287343,-11855,-95
huawei,99,226059999536953,40748892872,2024-09-04 06-40-20,193.127.103.226,1081141563,ims,29.16.184.232,-469551820,-2041335072,-1781,81
huawei,42,226056315770933,40712933733,2024-09-04 06-43-49,141.251.174.101,188654333,internet,145.22.200.183,-625058956,-392307319,25899,-59
huawei,55,226059326620093,40718602786,2024-09-04 06-42-31,234.201.96.101,884298460,ims,103.37.255.1,-1517859508,-1795943901,-24702,99
huawei,-15,226055854338626,40798831456,2024-09-04 06-44-29,214.82.249.133,1272294390,internet,30.108.86.138,-565806239,-609991158,19220,-24
huawei,-76,226057608059389,40761093287,2024-09-04 06-43-56,74.219.52.137,1435294095,internet,173.217.139.17,821780325,-529091609,-16283,-86
huawei,-30,226058134384342,40712027982,2024-09-04 06-43-28,44.79.216.80,-1303353157,internet,41.89.200.184,-658470861,1815744194,25716,29
huawei,-97,226054671724616,40765995105,2024-09-04 06-44-34,236.139.243.57,657276504,ims,64.138.77.65,-370389009,1633215687,-22034,-65
huawei,60,226052789096010,40770989555,2024-09-04 06-42-29,191.37.77.96,1430711990,ims,138.104.49.241,-959641750,-930864176,24380,-21
huawei,-23,226054480736232,40778159378,2024-09-04 06-44-57,10.250.111.183,-1366721531,internet,194.65.244.135,1410217173,267189195,-21554,-86
huawei,-32,226055428495034,40793838806,2024-09-04 06-43-04,42.134.21.82,-1039438592,ims,221.218.104.120,1062217475,851292856,26275,-25
huawei,-127,226050986740427,40733582594,2024-09-04 06-42-08,26.82.210.11,365756509,ims,177.115.4.240,2095076914,1082290277,8355,-34
huawei,-86,226058985643789,40708208192,2024-09-04 06-40-06,230.78.75.71,-1061393255,internet,55.38.163.136,1373287421,943609004,1887,-127
huawei,58,226052873432744,40765745116,2024-09-04 06-44-59,136.189.156.31,2061007005,ims,6.117.8.47,-1996235628,-783164898,-7826,81
huawei,73,226058604530910,40761822417,2024-09-04 06-40-13,235.146.243.28,393357824,internet,197.122.72.87,1096216947,-304843633,-3136,-37
huawei,-46,226052524741639,40725364904,2024-09-04 06-41-40,151.145.206.145,681404064,internet,253.240.28.27,1864317653,338621202,26512,-62
huawei,-74,226056263396613,40707601889,2024-09-04 06-41-13,233.78.127.9,1497529549,internet,102.21.252.246,795719877,-91100944,10428,-67
huawei,113,226056912391513,40735647265,2024-09-04 06-40-30,76.160.229.66,-160552979,internet,6.55.45.92,-1653492411,1578520562,27809,72
huawei,0,226052142709580,40783580947,2024-09-04 06-43-40,34.212.191.112,1347408743,internet,57.68.115.25,-631173150,1358304855,705,-69
huawei,54,226054619590825,40727132840,2024-09-04 06-43-02,237.247.214.183,1021838011,ims,65.33.112.126,-971679852,1219736475,-9280,7
huawei,-99,226050976636920,40749816130,2024-09-04 06-41-14,242.103.231.110,288921790,ims,30.206.124.101,-806782575,-1944235743,5293,96
huawei,-64,226055780872136,40719857734,2024-09-04 06-41-50,104.27.127.148,1714001272,internet,40.241.56.27,1838929230,-843890392,8998,-85
huawei,-81,226054718821940,40761875685,2024-09-04 06-43-12,230.60.94.57,-270176867,ims,222.234.36.47,874893934,526337104,-31622,75
huawei,-20,226051156536214,40781304870,2024-09-04 06-40-51,63.176.224.163,-1155130601,internet,248.76.127.24,-1094699826,-886177269,31158,-117
huawei,-12,226054453874591,40706727666,2024-09-04 06-41-18,183.114.92.72,-2044111082,internet,58.44.214.51,153056052,-544541064,-1505,-67
huawei,-15,226058506169634,40707404012,2024-09-04 06-40-23,136.104.149.29,-210196761,internet,245.175.71.158,638696351,368818876,-2613,68
huawei,-114,226059395008905,40762853016,2024-09-04 06-43-51,86.31.33.57,2100738208,internet,70.187.186.214,452317594,-1921783558,-14496,-6
huawei,-23,226057212873657,40731393314,2024-09-04 06-44-47,174.218.109.119,1212639666,internet,103.59.81.223,1382319158,738886700,-29576,127
huawei,-85,226054500655692,40722532767,2024-09-04 06-41-59,27.211.237.172,-1862875822,internet,1.7.5.119,-2130368379,1342292101,22177,8
huawei,-23,226052630594249,40724002662,2024-09-04 06-43-25,209.144.78.203,-1926387957,ims,19.255.222.34,-834607656,-702719588,30066,-52
huawei,46,226050136481063,40708186983,2024-09-04 06-43-56,63.245.249.125,-742629282,internet,15.7.37.101,2002339293,1497231809,27875,-121
huawei,-99,226059771808980,40707241960,2024-09-04 06-40-32,104.170.18.67,1945283856,ims,52.0.9.30,-762478313,2009842414,3394,-52
huawei,-98,226054461722042,40755192745,2024-09-04 06-40-08,214.248.237.157,-1997544923,ims,166.213.229.50,-1429458099,340494267,-9171,87
huawei,29,226053175576645,40744605564,2024-09-04 06-40-47,215.119.48.237,1637870640,internet,32.14.128.238,-1109232922,-1080560432,-20054,20
huawei,8,226052350647514,40706197147,2024-09-04 06-42-06,247.105.65.37,-1069608423,internet,106.132.21.117,978040347,600486483,-1136,-87
huawei,58,226055729251863,40792602344,2024-09-04 06-44-33,154.42.242.34,-261977795,internet,148.138.219.139,583474566,1894139971,-25161,-101
huawei,123,226052317321956,40792115090,2024-09-04 06-40-51,61.17.224.67,616059405,internet,219.154.53.121,-153887181,-1523288045,18565,93
huawei,122,226056703334255,40799680748,2024-09-04 06-41-02,160.97.125.57,176800313,ims,111.71.240.95,-506124485,1046101883,-5109,81
huawei,90,226052860473316,40714226488,2024-09-04 06-40-53,47.82.102.65,-1095651938,ims,9.152.148.69,-276900404,1514883158,-10304,113
huawei,24,226055479867394,40722601147,2024-09-04 06-42-24,200.73.45.147,-2016997182,internet,39.251.117.111,-1958611184,-2044337322,13241,8
huawei,-42,226058291146313,40789354272,2024-09-04 06-41-04,125.53.250.48,256082115,internet,70.48.11.59,1427468456,1427672929,2209,-10
huawei,107,226057173071827,40760472684,2024-09-04 06-42-26,3.241.0.155,-1785757710,internet,207.10.219.74,-1769846962,-433652717,28727,-97
huawei,-53,226050274253985,40737577878,2024-09-04 06-43-17,168.8.199.249,1244231045,ims,21.233.104.231,1164549390,1497991,-278,-75
huawei,81,226051099724688,40715341006,2024-09-04 06-43-34,213.35.71.58,-940294431,internet,147.182.209.246,1844253019,696749664,-32351,36
huawei,35,226055104769843,40737450775,2024-09-04 06-44-23,225.82.112.249,-1837495543,internet,17.226.250.87,-2073684274,-2090226479,21777,-67
huawei,-47,226052844901011,40738260648,2024-09-04 06-42-36,185.20.107.170,-1881721206,ims,73.158.110.223,-1520093003,-1454871685,-21619,-47
huawei,-19,226055184863755,40738860168,2024-09-04 06-41-05,24.170.225.165,-523077543,ims,18.94.172.171,1394658811,1960724129,-3212,118
huawei,-66,226055442889610,40769479549,2024-09-04 06-40-27,99.190.57.145,545871919,internet,10.172.8.164,-2069429138,-1892732203,-31977,-70
huawei,60,226056451141136,40760241515,2024-09-04 06-41-38,3.185.129.63,1283064453,ims,5.181.201.92,249595666,-1202332199,-27964,33
huawei,35,226056865073382,40781288983,2024-09-04 06-41-38,125.198.142.4,-1616283863,internet,74.214.156.72,-1295071291,-1711518533,1025,-1
huawei,-68,226055304760155,40718076404,2024-09-04 06-44-38,253.78.211.9,831654990,internet,224.33.83.63,-1624452400,-1687448305,4879,76
huawei,-120,226051763466861,40701635895,2024-09-04 06-44-32,214.28.171.233,-1806624042,ims,158.122.35.28,1145296139,-739637715,-2391,80
huawei,-116,226053179469173,40750916644,2024-09-04 06-42-41,193.30.251.163,180171113,ims,0.186.183.58,-1137969588,-2052912858,-29322,112
huawei,79,226052773325796,40787937681,2024-09-04 06-41-48,31.127.232.44,-138425939,internet,219.67.247.238,-760013046,-602960121,-26680,9
huawei,106,226057851743439,40794440894,2024-09-04 06-40-08,140.1.26.105,-2036143809,ims,58.228.104.92,-2035060074,453916306,25059,-45
huawei,-50,226053694643946,40746714042,2024-09-04 06-42-54,148.29.243.117,-921181792,ims,204.77.162.245,825994034,-779359479,6008,-17
huawei,-41,226055171499015,40763589766,2024-09-04 06-40-21,244.235.79.71,14389195,ims,36.171.101.81,430654045,-1293249637,-30852,-105
huawei,-108,226058103019865,40784475036,2024-09-04 06-40-19,183.73.59.81,1446755485,ims,52.255.247.159,-140510548,787408399,-18517,125
huawei,-90,226058963944535,40740053934,2024-09-04 06-44-42,41.173.27.98,1403878781,ims,158.231.14.233,314941024,1690642060,-9972,32
huawei,26,226059386840786,40717936799,2024-09-04 06-42-47,41.251.21.23,743295045,internet,182.103.205.161,-1793379248,1314771816,-2848,-53
huawei,78,226051881353992,40797171704,2024-09-04 06-44-01,96.172.242.240,-598452643,internet,9.226.97.125,2080685234,-728502010,-24566,-61
huawei,106,226054878195033,40707616410,2024-09-04 06-41-32,29.215.15.38,-2040649455,internet,234.184.0.18,279123000,955295162,23508,122
huawei,-71,226054569642323,40749543554,2024-09-04 06-44-12,79.9.156.25,616275426,internet,118.13.97.78,-794634411,-1919569601,-24908,67
huawei,-51,226053445161917,40747407083,2024-09-04 06-40-16,105.100.37.13,-595573990,ims,27.231.58.151,2129299160,-576381703,-15042,67
huawei,-71,226054548052393,40743359710,2024-09-04 06-44-44,122.15.139.111,1616504099,ims,115.89.59.127,189951900,1240308244,-27052,34
huawei,88,226053633682068,40782325662,2024-09-04 06-40-31,38.246.42.96,609283347,ims,29.185.26.156,1469267859,-813715399,-1376,116
huawei,71,226050378596293,40703373262,2024-09-04 06-42-21,125.100.24.55,-1883917033,internet,224.15.254.162,-2001548358,1816451167,-29677,106
huawei,-88,226057610350028,40738217151,2024-09-04 06-41-46,137.172.42.66,1739428399,internet,86.40.171.98,-956069034,350403370,4947,-58
huawei,-60,226056764064192,40770347730,2024-09-04 06-44-58,114.47.205.23,246490024,internet,68.255.134.197,-2070570598,-363229387,27473,59
huawei,-113,226057493799103,40789979341,2024-09-04 06-44-51,70.15.188.154,402652400,ims,147.167.89.125,967093927,1308319396,21071,120
huawei,-89,226056624653635,40771489093,2024-09-04 06-43-33,0.11.104.36,1042680599,ims,202.108.145.9,709946558,-1824063527,8073,62
huawei,-37,226053652725245,40763238879,2024-09-04 06-44-52,246.32.235.202,-2146445770,internet,126.212.161.119,1858190807,-175873637,-13415,20
huawei,11,226059760108486,40791891582,2024-09-04 06-42-26,77.107.151.172,2090127334,ims,141.60.66.144,1961446713,-520299007,17049,-28
huawei,-31,226059046088467,40797755111,2024-09-04 06-42-17,195.226.103.95,273327875,internet,185.223.168.228,1006838583,-188311453,12260,77
huawei,51,226055989239913,40775767320,2024-09-04 06-43-15,182.93.255.139,21215364,internet,149.35.134.2,1549447162,-652298931,-18234,-96
huawei,12,226051647432168,40717125400,2024-09-04 06-43-12,212.103.183.78,-715726759,internet,24.53.183.64,-306054758,706123003,-14688,10
huawei,-39,226053597744862,40772735746,2024-09-04 06-44-03,36.93.48.15,-1495225689,internet,124.221.101.206,629106378,-414137517,-5667,-84
huawei,-102,226057373708350,40755977371,2024-09-04 06-41-42,104.170.84.102,-476884599,internet,177.159.39.65,831576097,-930812676,11600,97
huawei,89,226058104717258,40714081486,2024-09-04 06-42-12,28.60.240.100,-1241016358,ims,179.228.59.202,793901945,-1139345608,-30944,37
huawei,45,226057884467259,40737479753,2024-09-04 06-42-08,6.153.114.154,1250029291,internet,124.201.3.47,-743447300,-2046641348,-11129,-54
huawei,-45,226052310439035,40744462547,2024-09-04 06-40-09,156.26.156.155,365039818,internet,12.198.36.239,1139666862,9191807,16807,-90
huawei,45,226053290981324,40780894321,2024-09-04 06-44-03,69.196.56.190,-183320253,ims,233.43.48.64,1632243213,-1543842076,-17986,-117
huawei,56,226056252197998,40794559605,2024-09-04 06-42-36,157.212.75.139,-1873260953,ims,77.193.145.89,-150633526,-1801862790,-19567,71
huawei,-85,226055783964306,40736878560,2024-09-04 06-42-10,237.119.45.80,1598024288,ims,110.175.139.78,483418212,-1897784478,28221,-107
huawei,-61,226058301771198,40717307333,2024-09-04 06-40-33,19.59.112.246,647861018,internet,234.195.248.13,-866464938,1977222725,25609,35
huawei,8,226056303203512,40731371830,2024-09-04 06-40-07,253.139.194.196,1547570940,ims,233.59.209.206,-1391486123,-579580347,9596,87
huawei,116,226058556190776,40707428363,2024-09-04 06-42-20,227.59.85.119,-1196940136,internet,132.244.149.203,455660712,1036263780,9643,-16
huawei,49,226050384317417,40712020809,2024-09-04 06-41-50,119.13.229.131,1421023698,internet,85.201.10.192,230305078,308812026,-7101,-42
huawei,66,226052935667864,40744075863,2024-09-04 06-40-26,189.75.164.70,1607881765,internet,77.75.26.226,767199246,-1168376587,6953,76
huawei,-87,226053232685750,40713447874,2024-09-04 06-42-14,53.185.207.184,-684086187,internet,17.196.48.253,1019437383,-1999483450,18804,-35
huawei,34,226055370571695,40744263057,2024-09-04 06-43-09,182.203.83.202,480250929,ims,212.222.128.143,-830813033,79125094,-9945,83
huawei,79,226057844783853,40707658341,2024-09-04 06-42-29,3.61.144.179,-488446128,ims,198.173.189.175,-1199663740,2007522898,2427,81
huawei,-117,226050803146167,40773272667,2024-09-04 06-40-52,149.211.92.231,-1816635344,ims,221.15.187.6,355633364,-401257402,30583,63
huawei,-6,226055222832677,40705781788,2024-09-04 06-40-10,209.234.4.242,332394387,ims,30.84.224.9,1850828497,952683259,-27680,59
huawei,89,226055133548359,40722815429,2024-09-04 06-42-47,54.199.109.210,116329532,ims,107.50.10.201,-1478446837,1024165152,-28639,-27
huawei,106,226053912547442,40776875902,2024-09-04 06-40-49,203.135.127.71,-483134684,ims,102.138.154.81,-857400454,-855663427,8875,80
huawei,0,226056453542692,40775487551,2024-09-04 06-41-16,110.36.5.95,1411687884,internet,16.184.68.14,-1323729708,-942855547,20290,53
huawei,-11,226056484905299,40796528113,2024-09-04 06-41-49,224.214.79.73,1367954453,ims,202.179.173.70,2138231021,-2071129129,28875,-26
huawei,15,226058716085539,40740357466,2024-09-04 06-40-29,187.82.164.10,307151797,internet,151.198.78.15,1513754909,185984163,-14127,39
huawei,78,226056616455029,40724615570,2024-09-04 06-44-53,214.114.57.206,1895143572,ims,48.4.78.210,1121378715,275311633,26850,-80
huawei,50,226059014180061,40760557335,2024-09-04 06-42-11,162.61.205.160,371841649,internet,157.252.89.225,-264385558,1924166130,28259,47
huawei,-82,226052913090813,40722966101,2024-09-04 06-40-47,38.58.117.31,-206962976,internet,150.234.166.160,-345397827,969275041,-12960,25
huawei,-102,226054745635096,40777025221,2024-09-04 06-40-07,26.70.129.42,1480908440,internet,5.135.23.143,-284574740,-1120979839,9074,115
huawei,-8,226050342858483,40700914172,2024-09-04 06-43-23,83.32.97.106,-2116910180,ims,140.59.117.208,1784433932,-195094123,-4767,-117
huawei,80,226059381614238,40738979851,2024-09-04 06-40-18,244.66.51.76,-1859974767,ims,194.51.51.203,-1950048947,-811271893,8392,22
huawei,-106,226058208564569,40729934255,2024-09-04 06-43-00,192.53.104.35,-299977100,internet,55.36.240.89,-543921382,-2031005753,4388,122
huawei,-13,226057767130675,40748358376,2024-09-04 06-40-32,219.65.23.159,-1932521153,ims,183.39.192.153,-965741677,-1397156370,-13333,63
huawei,-62,226056477019329,40753868121,2024-09-04 06-41-57,227.204.21.110,395925388,internet,102.92.205.218,542104308,52328578,1933,118
huawei,-15,226055554037242,40756428400,2024-09-04 06-44-50,239.29.20.140,-864684868,internet,125.233.39.48,-1879234734,-1579315219,-26407,-27
huawei,-37,226056671607711,40709519913,2024-09-04 06-41-53,59.140.67.11,-518956701,internet,42.86.114.145,1932839069,-1557999627,3873,-68
huawei,-46,226054024968495,40713988329,2024-09-04 06-41-43,123.20.149.209,1579308919,internet,49.148.210.179,-1082797035,-489834915,-11176,-74
huawei,7,226057713397472,40717463175,2024-09-04 06-42-30,61.20.88.11,-2034489324,ims,28.34.119.21,-640892773,549932803,25809,40
huawei,123,226054759695205,40773028341,2024-09-04 06-43-15,158.192.55.75,-225904163,internet,216.48.63.42,1318600261,-1570047724,15046,9
huawei,-15,226054100130713,40741890248,2024-09-04 06-40-05,178.212.64.248,1693897633,ims,123.203.62.96,5731433,1660885261,16178,-11
huawei,-22,226052026770094,40771305840,2024-09-04 06-44-00,24.49.83.163,-722542955,internet,79.102.37.86,-376507314,2025823847,-17321,-36
huawei,96,226059195587882,40758182825,2024-09-04 06-43-07,203.67.10.152,1512779372,internet,101.163.250.237,40859574,2090949205,24941,83
huawei,-77,226058553887986,40769395254,2024-09-04 06-40-25,20.80.220.48,-1422804785,ims,116.53.15.74,2099800496,2124024215,-1162,71
huawei,124,226057275228598,40771813520,2024-09-04 06-44-21,132.34.8.123,1442224896,ims,88.106.111.97,1022798621,1663915704,-19708,29
huawei,8,226054314754906,40702157125,2024-09-04 06-42-06,84.121.104.198,1511201298,ims,209.183.97.114,-168127866,1569416884,26592,-42
huawei,106,226059109134932,40788253369,2024-09-04 06-43-20,215.25.46.41,1849363491,internet,208.132.111.99,-318884628,2064302231,-28730,78
huawei,-32,226058370739445,40728286419,2024-09-04 06-41-02,58.99.140.192,670267913,ims,211.90.173.90,346117073,1811665233,9277,74
huawei,-77,226054688023062,40774185787,2024-09-04 06-43-07,177.246.7.183,-1741375794,internet,182.179.239.177,1795903864,18467714,22237,27
huawei,66,226057350837112,40774677332,2024-09-04 06-44-33,214.140.220.62,-2056668441,ims,14.15.93.56,681633858,-1895562117,31656,-111
huawei,-8,226054358453866,40764318203,2024-09-04 06-43-14,112.229.17.90,1658082321,ims,91.221.110.34,-827603361,1700798312,26134,22
huawei,-59,226053869836055,40769039418,2024-09-04 06-43-32,126.154.118.218,2146869634,ims,210.29.115.187,-53092967,-966364811,5988,41
huawei,-60,226054729889084,40722988271,2024-09-04 06-43-16,74.114.201.97,722859306,ims,35.95.117.207,725349099,1094661158,-20494,-63
huawei,-92,226055103419350,40727322423,2024-09-04 06-40-40,7.30.38.194,235845863,internet,172.6.15.226,-998408817,-767038656,26870,-105
huawei,-81,226052686391842,40778165675,2024-09-04 06-41-08,171.215.202.111,355319409,internet,38.131.109.9,150416398,-1718622533,-12997,-64
huawei,109,226050159832622,40746034346,2024-09-04 06-44-35,120.203.66.113,-990627115,internet,145.186.216.218,1993786463,-1939180759,26879,119
huawei,-45,226052560110512,40713969929,2024-09-04 06-41-43,117.199.155.146,979104655,internet,143.204.187.113,221188865,-43722599,1702,39
huawei,-79,226052420284126,40731658362,2024-09-04 06-44-50,158.92.75.161,225867701,ims,126.92.251.101,2096275116,-609456359,-6730,-93
huawei,9,226057643749506,40775539196,2024-09-04 06-42-44,157.246.34.251,115661676,ims,165.67.46.14,2051907005,-162795225,-2427,-75
huawei,-86,226059721614209,40756882809,2024-09-04 06-44-31,251.187.247.179,1474895551,ims,71.193.39.147,-311052415,-466604405,-17707,-37
huawei,-108,226059407662906,40790551410,2024-09-04 06-44-25,197.184.209.98,-991784071,ims,59.40.9.142,362243669,-303809781,-16766,-13
huawei,25,226057742699378,40725178838,2024-09-04 06-40-25,120.226.47.215,-484164654,internet,55.63.217.230,-1876026226,-743209457,16468,-79
huawei,-16,226051479347835,40712152108,2024-09-04 06-40-54,80.201.88.104,-848299267,internet,140.106.116.147,-1962954014,998424197,-15745,-30
huawei,-83,226050667503170,40711639089,2024-09-04 06-43-55,248.142.130.83,171353693,ims,243.199.203.207,-826174467,662448545,32256,-95
huawei,21,226055797559327,40794474261,2024-09-04 06-42-32,137.101.34.206,-1037524833,internet,78.231.197.62,1849256080,998788972,-19977,8
huawei,-63,226051461934100,40757602204,2024-09-04 06-42-42,217.200.212.43,-917396142,ims,24.217.161.76,1711289321,-35318754,27016,32
huawei,-15,226054790359326,40799107648,2024-09-04 06-42-02,35.67.91.136,280770888,ims,170.206.99.38,-2022252026,-1476439499,12379,-42
huawei,110,226057062579511,40764598080,2024-09-04 06-43-59,38.99.74.138,940122636,ims,199.151.199.13,-1134724099,-877274856,21619,-29
huawei,32,226056349810178,40792997099,2024-09-04 06-44-50,179.137.47.63,-1443698891,internet,255.164.113.175,1545504761,-600011868,-8232,21
huawei,43,226057725701296,40781770853,2024-09-04 06-44-17,30.58.230.224,-1558505681,internet,6.191.72.144,1964691061,-223666511,-2795,-15
huawei,-14,226057221878274,40787529370,2024-09-04 06-42-51,240.116.67.79,1707790893,internet,214.141.193.12,-1542000431,-788170728,-1945,-126
huawei,46,226059654203441,40742976934,2024-09-04 06-42-34,22.136.131.232,825408862,ims,208.81.31.19,1976329428,-1556080761,10681,-86
huawei,-113,226059383351677,40752842380,2024-09-04 06-44-48,103.9.156.90,366485369,ims,88.35.68.168,312971511,1167215684,9231,-57
huawei,49,226053802614624,40797628106,2024-09-04 06-44-56,168.255.61.138,-1405397545,ims,153.146.138.30,-2010763509,1573244329,18488,-27
huawei,-63,226059658910825,40759803062,2024-09-04 06-42-51,159.5.62.79,-313451175,ims,220.232.157.201,-103023069,1968004534,14636,-128
huawei,84,226052858978769,40741957162,2024-09-04 06-41-42,152.126.96.214,-1900497781,ims,170.169.211.70,2037540843,-1858075550,28595,-86
huawei,-110,226053463214134,40767791027,2024-09-04 06-42-43,73.237.19.79,1107431599,ims,36.227.42.100,-1990399079,-634875269,-993,-8
huawei,115,226050903399209,40792295986,2024-09-04 06-42-52,244.76.191.43,2062328474,ims,175.239.165.40,-2006919627,-994141618,-31945,-91
huawei,18,226052404715926,40757785022,2024-09-04 06-42-55,73.53.146.161,544878651,internet,142.53.220.156,-922051757,-2078938970,-9293,-29
huawei,7,226056252711480,40781172868,2024-09-04 06-44-45,182.210.113.193,1971849802,ims,131.236.50.131,-1912842226,-1978830659,-7214,97
huawei,121,226056013183348,40739141140,2024-09-04 06-42-24,200.72.98.180,-179079693,internet,255.214.164.123,-999977912,611745373,1290,-53
huawei,114,226053589110510,40780649554,2024-09-04 06-42-55,190.126.169.30,-1288819268,internet,170.151.53.206,1413148456,821367462,427,104
huawei,-20,226054611459128,40707988543,2024-09-04 06-40-23,30.60.176.137,-919410065,internet,109.158.174.194,1426620188,-399239147,-5093,-66
huawei,-20,226058415332236,40726810304,2024-09-04 06-43-30,18.195.252.126,-1418549198,ims,198.196.224.47,-1535459649,81318234,-14696,9
huawei,-8,226055741448105,40730687798,2024-09-04 06-44-36,71.4.46.123,195171114,ims,119.240.141.252,-1832855985,554249461,-15660,-64
huawei,-11,226055380009105,40792834612,2024-09-04 06-43-01,188.201.213.104,-1194469711,internet,220.63.21.251,-1151618577,-1024473626,-4537,-107
huawei,-17,226058303946518,40715084102,2024-09-04 06-40-45,146.20.197.145,487960943,ims,68.198.208.73,-60898575,661864784,5165,6
huawei,-102,226050058731561,40750419038,2024-09-04 06-44-34,245.199.14.104,-1117810925,ims,165.134.218.217,160592438,-1582695826,11710,80
huawei,42,226052131677819,40721638075,2024-09-04 06-44-24,169.102.220.237,2047260192,internet,58.213.249.4,118514758,1999933843,10870,-15
huawei,80,226058343483050,40734975088,2024-09-04 06-41-59,80.177.160.175,331292784,internet,114.116.116.159,-484212562,-1046601525,-18025,111
huawei,79,226057291109898,40736758773,2024-09-04 06-42-38,142.43.93.204,1965160414,internet,179.234.200.128,796518024,1611448566,12722,101
huawei,-63,226050770565011,40772704014,2024-09-04 06-42-53,34.240.230.71,615395972,internet,158.110.249.97,-73013682,1982116283,15826,-102
huawei,-5,226059283975624,40731752392,2024-09-04 06-42-37,114.23.157.121,-1392871583,ims,106.143.20.176,-1317264031,868688528,-2153,86
huawei,31,226050602976462,40794559079,2024-09-04 06-42-59,252.212.57.225,673003578,ims,129.58.59.9,629860577,2065904675,16665,-8
huawei,66,226053597154711,40716474492,2024-09-04 06-41-35,172.92.111.97,-1685923952,internet,34.142.155.20,645374925,1248595646,6513,-93
huawei,-111,226055468079510,40788343803,2024-09-04 06-41-17,28.176.187.134,744103480,internet,49.157.94.146,1421465923,779239973,-17951,-39
huawei,-31,226052278030265,40737233350,2024-09-04 06-43-41,11.117.195.185,810632925,internet,99.189.118.56,1507578762,132848921,14723,70
huawei,126,226059875797354,40741246157,2024-09-04 06-42-27,252.39.125.194,1587632993,ims,149.180.229.103,389663667,-950815253,-16918,82
huawei,17,226052107048935,40706731129,2024-09-04 06-41-35,133.161.152.110,916063302,internet,213.133.177.9,-1046336067,1942673027,-8257,8
huawei,113,226053204571754,40762405399,2024-09-04 06-42-20,117.63.114.102,-343328976,internet,179.70.131.19,-1318513843,-544357373,-29965,53
huawei,80,226053166456688,40781759952,2024-09-04 06-44-33,202.179.205.145,-1628372250,ims,10.33.105.194,-998149487,-82350347,-31143,-84
huawei,83,226059283954980,40784100008,2024-09-04 06-43-46,24.78.167.59,-764050260,internet,6.250.108.122,-938981510,96177371,-13182,73
huawei,-63,226050204288418,40729929595,2024-09-04 06-42-29,107.90.101.106,-1149624592,ims,16.24.132.24,696007473,1829938369,-22230,-112
huawei,-126,226054512932803,40732706867,2024-09-04 06-42-15,50.94.80.41,821965844,internet,200.91.224.163,-1129903321,963584960,-16944,-26
huawei,69,226053148662772,40798012751,2024-09-04 06-42-04,109.54.62.244,-283068651,ims,6.112.44.186,-1585971661,-1027133455,6324,-51
huawei,-128,226051012013411,40783809596,2024-09-04 06-40-14,233.98.184.46,-139831191,internet,177.27.244.77,469750708,281395131,10155,103
huawei,18,226058963948471,40798549199,2024-09-04 06-44-39,211.136.18.41,-1018696562,ims,151.101.112.110,-1725054966,-1680567610,-4035,115
huawei,70,226058543702447,40744575765,2024-09-04 06-40-56,239.17.127.62,1454306523,internet,90.51.255.191,-1143685706,467697963,32372,-44
huawei,98,226051781360940,40721137007,2024-09-04 06-41-39,130.8.230.70,-773768957,ims,17.93.84.210,1712581131,1373722960,-9916,44
huawei,13,226051341523484,40710167056,2024-09-04 06-41-09,85.52.108.231,961079806,internet,75.26.124.225,1533486070,-1468363443,-29785,-14
huawei,-18,226059804739075,40795408990,2024-09-04 06-43-17,204.129.208.217,1132692768,ims,188.12.161.67,1391825214,562987380,-22021,-68
huawei,62,226054128601634,40790642573,2024-09-04 06-42-52,7.126.56.214,746036194,internet,38.202.5.218,2144586826,-654967649,10822,123
huawei,-79,226053809956344,40710547274,2024-09-04 06-44-59,205.7.73.23,1214377912,ims,109.213.130.0,-1501010199,-495715768,23002,-31
huawei,-72,226053516615676,40741257315,2024-09-04 06-44-27,201.52.21.82,-297556725,ims,229.140.65.106,-1801423301,247309769,13219,-9
huawei,16,226050956255065,40749738911,2024-09-04 06-40-55,22.107.104.210,109440010,internet,33.141.26.64,982669553,-896742673,24022,115
huawei,21,226051609606174,40738669105,2024-09-04 06-41-19,129.229.209.227,1032695278,internet,133.4.161.54,-1212429556,13475144,7750,-127
huawei,-4,226054952332128,40719770350,2024-09-04 06-44-48,132.204.114.166,-1554952004,ims,199.99.197.138,779351227,1762487637,2589,14
huawei,-116,226050023958631,40707970315,2024-09-04 06-42-34,77.64.118.222,449694786,internet,65.30.212.47,353471321,1372856720,-4230,61
huawei,-36,226057473483793,40751234388,2024-09-04 06-43-44,231.28.162.229,1990262510,internet,30.107.233.150,936385695,876946374,-19539,54
huawei,-33,226059748508586,40764804629,2024-09-04 06-42-09,96.240.5.128,-223472379,ims,246.82.66.96,1350378349,1161950268,-14474,-121
huawei,89,226053255083911,40773930860,2024-09-04 06-42-37,231.151.224.43,-908742458,internet,0.18.118.103,535220468,240715225,28475,7
huawei,-116,226054142649020,40766485996,2024-09-04 06-44-35,53.80.28.175,-142400093,internet,125.147.211.252,205968260,-1416681372,-32741,27
huawei,41,226058969924422,40762491381,2024-09-04 06-43-44,145.152.41.16,1564345087,ims,205.179.209.89,-1638546600,251413925,-30887,127
huawei,59,226054052040314,40711211937,2024-09-04 06-41-50,137.4.245.89,-2104199005,internet,204.175.186.188,-291084198,1594443831,14131,20
huawei,14,226055908513342,40714535980,2024-09-04 06-41-22,77.102.62.122,1782090705,ims,211.214.18.174,-1057661544,-1042441439,-1117,60
huawei,-23,226050986869220,40772925503,2024-09-04 06-41-17,71.235.43.65,2074767760,ims,212.205.250.236,-1622290295,-617234127,29894,-69
huawei,78,226058319176867,40708600525,2024-09-04 06-41-14,147.28.240.60,1950498223,internet,184.154.153.114,-951036726,-1630582131,-22091,53
huawei,-32,226058908082727,40783108165,2024-09-04 06-41-25,239.88.62.171,593313215,ims,216.57.148.228,-1022781824,566922485,-28402,-111
huawei,23,226058900173649,40774691679,2024-09-04 06-41-12,100.64.3.81,1360053376,internet,48.28.231.187,-365870091,204422497,-20070,-8
huawei,-116,226058958123376,40773226747,2024-09-04 06-40-24,200.218.194.59,-1367973130,internet,178.129.80.79,1246541983,515497460,17633,118
huawei,-102,226050213120918,40773708076,2024-09-04 06-43-51,135.119.234.79,1155579147,internet,111.117.109.43,-952326482,1299840778,909,124
huawei,48,226058173907710,40775611807,2024-09-04 06-42-24,108.87.110.107,-2010312034,internet,96.71.33.45,125433953,125888169,8515,43
huawei,-71,226059853223988,40765389491,2024-09-04 06-42-51,236.92.253.229,518915944,internet,181.87.235.89,1427518244,-1207869757,30068,89
huawei,-92,226057861046202,40794833874,2024-09-04 06-43-30,55.65.80.65,242327975,internet,143.115.12.17,-1268210608,800108354,-335,3
huawei,-121,226058442234592,40774285552,2024-09-04 06-40-32,100.131.108.62,545184297,internet,129.71.242.96,-1522085507,-2054129115,-11836,-123
huawei,44,226050288308047,40739064802,2024-09-04 06-40-10,120.149.227.154,-576037681,internet,79.152.25.219,-692753245,-764679905,17268,113
huawei,122,226059700646105,40764720443,2024-09-04 06-42-21,144.150.44.57,747773440,ims,190.234.88.130,1037151704,-1961391828,-19012,-95
huawei,97,226052310856994,40723057065,2024-09-04 06-42-54,122.210.1.101,-856657009,ims,1.35.40.73,53881209,-1436300263,21283,-45
huawei,-22,226052413300340,40772431841,2024-09-04 06-41-11,52.127.187.103,907619477,internet,116.237.215.135,-1410507887,1878207018,6972,-33
huawei,77,226055906432555,40709581835,2024-09-04 06-40-29,137.159.16.148,2060265208,ims,173.68.91.248,1766101267,774380707,4686,24
huawei,109,226051959370792,40795358651,2024-09-04 06-44-58,202.84.192.26,862503638,ims,38.95.53.103,-61148823,-952257705,21311,79
huawei,70,226054041668783,40778590141,2024-09-04 06-41-16,154.239.124.118,-137747728,internet,188.36.6.119,422994867,1680283417,8672,-64
huawei,84,226053202103035,40700414271,2024-09-04 06-42-09,54.72.59.205,-783580941,internet,109.20.239.125,1624102006,-2081766800,-26719,89
huawei,57,226054127563361,40745715339,2024-09-04 06-43-24,63.96.165.34,-1104351088,internet,116.111.239.157,-1305213171,-1189880426,22734,-83
huawei,-9,226055145888231,40743599225,2024-09-04 06-44-39,184.182.10.102,778857372,ims,238.114.73.251,686420365,-1489837749,1607,-38
huawei,-93,226053971981351,40725681525,2024-09-04 06-41-47,102.57.199.193,1031195999,ims,66.199.106.158,479007835,-1471027192,11580,90
huawei,118,226055003543592,40734123726,2024-09-04 06-42-49,181.103.231.227,-1641987904,internet,98.194.173.203,-330875480,1460769431,-16921,-90
huawei,26,226056764578266,40758796284,2024-09-04 06-42-14,102.107.237.204,-900932478,internet,134.210.148.170,-1281637276,1622242011,23737,-111
huawei,23,226053322945056,40788053595,2024-09-04 06-41-37,57.59.120.247,-1560148079,ims,103.47.235.239,-291824938,1773284254,28862,-104
huawei,-33,226055236701216,40732355919,2024-09-04 06-40-11,184.155.249.240,435800576,ims,165.251.102.59,-288759641,-1869522364,-7281,-72
huawei,-123,226051721380688,40769210431,2024-09-04 06-41-15,87.107.250.98,-783180425,internet,2.210.13.22,-460528575,1919102112,19992,-1
huawei,87,226055192643302,40722783525,2024-09-04 06-41-53,109.121.240.21,-475282543,ims,203.141.235.227,-2055740922,585209207,-3563,34
huawei,-117,226057867762317,40714345388,2024-09-04 06-43-01,4.228.113.94,-1752913146,ims,138.160.156.163,-784883847,1317712863,-11198,-37
huawei,60,226052624012803,40722520173,2024-09-04 06-40-59,153.175.38.65,-857376205,internet,50.164.4.58,1788669424,1920090725,3250,-101
huawei,30,226059480879638,40761116564,2024-09-04 06-40-19,16.179.77.191,-569316919,ims,225.144.69.92,1483712188,-78469189,-19548,46
huawei,-113,226051570640581,40778143937,2024-09-04 06-42-22,106.65.182.154,1447897139,ims,253.111.214.147,-1714023775,-637562646,21290,10
huawei,42,226055175547687,40727801445,2024-09-04 06-41-56,229.245.229.246,-1771222309,internet,2.66.59.216,1494212214,-1827385724,18457,71
huawei,-128,226053994821198,40756986996,2024-09-04 06-44-53,166.113.234.114,520812142,ims,36.183.7.48,139218679,261118047,14887,103
huawei,-15,226051871933511,40784651784,2024-09-04 06-42-19,124.199.240.9,-940677180,ims,129.9.234.94,1132510471,522397639,25697,36
huawei,98,226052787417444,40776496220,2024-09-04 06-40-17,15.110.34.4,950731423,ims,205.19.46.193,-2074237131,1469566924,-4246,94
huawei,60,226051397728599,40778805018,2024-09-04 06-42-36,215.127.109.34,-73894086,ims,205.36.184.98,483933310,2092423368,-11413,52
huawei,94,226057136249665,40703357377,2024-09-04 06-43-41,211.121.116.136,-306023540,ims,249.9.16.139,966741938,1369714223,-32419,13
huawei,-66,226052320246153,40767438154,2024-09-04 06-40-43,156.187.17.162,494738096,internet,221.40.94.206,-937125855,1323315643,20256,11
huawei,-22,226050912406467,40706083349,2024-09-04 06-41-28,68.242.40.200,1480759452,internet,1.143.252.41,2078766251,383463267,30682,-107
huawei,-60,226056598043315,40789548655,2024-09-04 06-40-08,46.156.21.125,1266800768,ims,45.211.127.93,1608786371,932446994,-12140,-92
huawei,-32,226052297214198,40775718217,2024-09-04 06-40-02,33.65.237.17,-1623516373,internet,33.27.140.190,1710786093,-1658096269,-17494,88
huawei,23,226058272350488,40788343005,2024-09-04 06-42-33,236.214.204.197,-377449049,ims,120.94.218.60,311686276,-1893891051,-23402,-87
huawei,127,226052057888485,40704774202,2024-09-04 06-42-19,83.165.109.56,-1189963340,internet,202.222.116.46,383576806,1652519082,20998,123
huawei,-75,226050107082921,40742715479,2024-09-04 06-40-59,216.253.33.208,-1945248148,internet,192.37.142.24,177484533,1475405352,30322,76
huawei,-107,226053911035941,40723083376,2024-09-04 06-42-48,147.157.16.126,103476541,internet,88.72.178.245,339096352,-475702744,-12076,125
huawei,-44,226058215488327,40733708114,2024-09-04 06-44-37,201.140.157.49,846745220,internet,19.89.88.137,-110359721,649712135,-20603,-71
huawei,-120,226050883954851,40712545097,2024-09-04 06-43-47,237.200.231.248,-964576500,internet,91.219.250.213,927162294,225167735,11651,-55
huawei,53,226051854486802,40775237439,2024-09-04 06-41-45,121.214.213.24,-1709337495,internet,123.245.170.216,-386419151,-190769368,-18999,-63
huawei,104,226053064311255,40765193000,2024-09-04 06-40-51,178.134.14.58,1569304414,internet,244.164.69.249,-1364474169,577249980,-23570,-39
huawei,89,226056581644937,40776572364,2024-09-04 06-42-00,246.231.158.217,-1313708362,ims,55.170.64.146,584930936,920875006,-25887,14
huawei,127,226055768428818,40787005190,2024-09-04 06-41-50,87.223.188.132,-1763791022,ims,121.244.179.10,706969827,1108655300,13265,77
huawei,-18,226050515483785,40753732341,2024-09-04 06-40-29,117.254.97.78,-469157586,internet,67.9.70.187,-407197953,1183562889,-10374,44
huawei,-30,226059714899798,40726075806,2024-09-04 06-41-38,118.36.31.60,-1553701376,internet,232.15.239.96,1365319003,-526214577,17997,92
huawei,36,226058165382692,40750319116,2024-09-04 06-40-55,56.232.44.160,533173936,internet,7.222.85.241,-272686719,-2140264670,21683,-47
huawei,-10,226054010224329,40742317993,2024-09-04 06-42-46,24.98.186.85,-1028984276,ims,193.97.197.217,-1171323049,808279112,-32529,97
huawei,-71,226055078439143,40774748203,2024-09-04 06-41-35,210.138.188.95,310499370,ims,158.233.154.34,422394581,1960756850,-23864,74
huawei,-50,226054919546544,40715552750,2024-09-04 06-41-12,121.6.173.62,-1019427386,ims,165.123.132.153,-2068260606,-227410910,-2608,75
huawei,16,226053985182180,40729858866,2024-09-04 06-41-08,64.217.254.189,-1542262279,internet,194.101.140.32,-694976404,599304312,3280,-81
huawei,15,226055520042701,40794287262,2024-09-04 06-42-50,88.242.46.223,1430608351,ims,92.7.56.178,1082845273,624905413,6133,-104
huawei,36,226051690694020,40715498484,2024-09-04 06-43-31,211.74.55.174,-1119291455,internet,144.67.213.87,506819992,-1304157235,24412,-8
huawei,54,226054934942098,40772476985,2024-09-04 06-41-07,178.53.220.242,-674524061,ims,37.199.26.44,-1930227706,1553192884,-948,106
huawei,-77,226059337190636,40745795724,2024-09-04 06-44-54,191.43.58.219,-58924016,ims,208.59.226.82,1468129491,-1613359708,-31996,-98
huawei,69,226051356286392,40763996688,2024-09-04 06-43-09,144.193.111.142,298386697,internet,50.216.235.86,745815925,-1794300402,-20410,81
huawei,-100,226051675497642,40794128615,2024-09-04 06-43-01,118.74.92.109,-1237371532,ims,98.210.235.243,1557550044,1113257944,23048,109
huawei,-4,226054004169364,40753201580,2024-09-04 06-40-48,83.137.70.92,1846692240,internet,106.54.30.27,2011881861,-1007727325,-1667,124
huawei,-42,226057988982815,40724441161,2024-09-04 06-44-23,61.21.101.206,478973612,internet,161.213.171.130,633945755,43249347,-23951,94
huawei,60,226054222526858,40796619688,2024-09-04 06-44-07,86.175.185.16,2019823947,ims,181.37.75.64,-2073344925,1161368104,28189,-94
huawei,114,226050553172894,40705784539,2024-09-04 06-42-51,202.128.13.53,1198023168,ims,22.220.26.186,497674928,1615497890,-5983,-65
huawei,103,226052904825193,40708542328,2024-09-04 06-40-02,35.122.121.163,1846946291,internet,190.83.249.254,1925543163,806427651,14335,-110
huawei,6,226059317276169,40718548216,2024-09-04 06-40-42,81.30.101.34,1687662044,internet,201.152.125.156,-1499250816,-161218336,25105,-50
huawei,-15,226057006881205,40760747177,2024-09-04 06-41-00,89.191.229.182,1155122917,ims,155.92.250.153,1391412602,303352296,-8797,98
huawei,-33,226059748294332,40722510416,2024-09-04 06-42-19,217.69.232.149,46182965,ims,26.157.179.183,183100797,-1169511873,12339,24
huawei,-32,226059551479009,40740021320,2024-09-04 06-41-40,75.233.148.6,1259793746,ims,215.84.183.137,-57021874,-845870586,8589,96
huawei,-98,226059360489026,40796893019,2024-09-04 06-41-23,162.164.253.101,1852442102,ims,130.145.198.102,595844378,-1172049350,29355,-81
huawei,-43,226056524611227,40768914742,2024-09-04 06-43-40,150.86.248.0,-598135561,ims,102.248.216.115,-991929775,-217702488,-21540,-31
huawei,94,226059719708719,40796022076,2024-09-04 06-43-19,39.170.84.217,-157496901,ims,36.8.234.76,-750114623,41560874,30397,98
huawei,105,226057189740572,40747741862,2024-09-04 06-42-20,139.234.235.231,-1283034800,ims,13.66.37.62,1358884880,69224755,-15534,27
huawei,79,226059298191891,40794567152,2024-09-04 06-41-25,225.81.10.106,-304633248,internet,218.180.240.209,502837610,-660253368,5647,48
huawei,-101,226056940309285,40715219519,2024-09-04 06-40-57,35.204.47.98,757379058,ims,173.76.143.4,1510039454,-734578994,7994,77
huawei,-56,226051336020322,40727916474,2024-09-04 06-41-39,168.20.207.159,303832283,ims,12.104.1.163,1070779377,93959004,30179,-49
huawei,103,226050678288255,40753346268,2024-09-04 06-40-55,236.178.63.222,1737510168,ims,132.68.204.210,1819086630,65806257,1194,-48
huawei,-28,226051860313129,40719772582,2024-09-04 06-44-48,55.198.87.45,-848558745,internet,9.165.252.43,1224769487,471122288,-9089,-5
huawei,74,226050414775001,40755060293,2024-09-04 06-43-13,111.204.187.124,-142595740,ims,124.207.18.99,1074691110,1833835830,-20208,52
huawei,-18,226050835111419,40779799104,2024-09-04 06-44-49,7.83.38.246,599007237,internet,170.63.123.208,-2006998662,1761379668,-16822,-96
huawei,-83,226054444576052,40762493586,2024-09-04 06-41-46,74.135.121.108,-1643038368,internet,111.251.147.202,-170020768,-1386386194,30794,-117
huawei,49,226058785934937,40716801986,2024-09-04 06-41-24,218.5.122.4,438514439,ims,225.92.100.3,-506531174,166429741,-6532,0
huawei,36,226057653739712,40791153648,2024-09-04 06-42-15,248.201.145.157,-1634942080,internet,158.57.248.131,1805068869,-1224341447,9218,-10
huawei,-119,226057425092060,40798328265,2024-09-04 06-42-06,111.65.102.75,-1259517348,internet,67.90.182.195,901355180,333638699,-15794,-47
huawei,-113,226052492832115,40740706635,2024-09-04 06-42-45,161.32.206.45,2040902090,internet,51.27.20.14,-349915624,509814052,-21821,-95
huawei,103,226055264120692,40733588582,2024-09-04 06-43-25,1.131.228.55,-6700554,ims,255.236.184.228,1679898952,1115052566,16467,15
huawei,60,226054630652300,40754943683,2024-09-04 06-40-13,204.95.128.202,250915377,internet,201.197.208.221,-1479552301,55565943,-17280,-3
huawei,-83,226050018172467,40761855084,2024-09-04 06-44-47,161.227.117.152,-1370814389,ims,30.3.197.58,-1995176474,-469130735,3836,126
huawei,19,226057837776988,40794498970,2024-09-04 06-40-57,236.38.198.200,1040889592,internet,218.65.48.203,1389639146,-363301481,10408,1
huawei,16,226051064748855,40763240613,2024-09-04 06-40-34,49.111.8.16,289171066,internet,246.145.98.213,-1176044074,1308139576,11319,74
huawei,108,226051025405358,40769579365,2024-09-04 06-40-50,162.25.239.205,1184915407,internet,175.210.20.98,466306950,1538225506,3990,-118
huawei,-119,226051065514965,40736034476,2024-09-04 06-42-41,49.137.38.139,1550443037,internet,31.158.189.175,141153996,-105928035,-25503,73
huawei,-90,226055513436142,40769566140,2024-09-04 06-43-39,209.212.192.250,-1215863274,internet,129.239.35.8,485013475,1387161873,-24135,-2
huawei,-42,226054420762520,40739645541,2024-09-04 06-42-56,83.179.196.235,-510719725,internet,218.219.171.109,1650501804,1940646436,7423,-109
huawei,65,226058705117125,40798855994,2024-09-04 06-42-10,185.174.7.124,-1446818847,internet,210.210.61.197,-1534282041,1221200925,2310,14
huawei,115,226055935635434,40767643352,2024-09-04 06-43-56,73.37.37.49,-2083015235,ims,31.237.13.170,-564576407,-1891175010,17297,-72
huawei,51,226053322053046,40784353511,2024-09-04 06-43-00,22.50.214.170,-1229439788,internet,201.235.175.89,-1423100433,1021982342,28607,-17
huawei,-97,226051833203110,40772005936,2024-09-04 06-44-46,223.182.140.221,-10044650,ims,75.177.238.191,1442966183,134295711,-19471,91
huawei,-55,226059454954400,40782903659,2024-09-04 06-42-01,174.219.149.25,-14715490,internet,168.110.251.189,2134787100,-703909718,19816,-37
huawei,76,226050376570241,40708671652,2024-09-04 06-41-51,196.226.113.214,688780041,ims,23.51.43.250,610411705,-1080073260,-828,37
huawei,-77,226051749038825,40788696577,2024-09-04 06-40-39,197.250.98.159,-1086455453,internet,11.200.234.95,-734258283,77344884,-29201,-83
huawei,-14,226058992104326,40781149555,2024-09-04 06-40-25,117.181.182.230,-1342162580,internet,247.230.138.202,701781468,1134866671,-7184,-28
huawei,-19,226052422379560,40773054521,2024-09-04 06-43-32,100.245.47.224,-3599445,internet,117.193.215.37,987056692,-1894425701,-22111,25
huawei,-21,226054073887964,40799550998,2024-09-04 06-44-47,174.186.182.125,-1537708697,internet,94.134.159.4,1163739886,538793992,28456,29
huawei,-34,226054813660767,40728121973,2024-09-04 06-43-04,225.219.249.164,-213530265,internet,74.7.81.173,-833955322,-1250487965,-32319,-15
huawei,22,226057953882489,40779181899,2024-09-04 06-42-55,180.30.73.124,1696539029,ims,241.238.9.118,-1223432579,1555792527,1905,-68
huawei,-38,226051928301071,40747399844,2024-09-04 06-41-21,130.23.100.50,246581159,internet,131.170.195.87,1550379014,-1165179527,5074,12
huawei,13,226059505415078,40757795120,2024-09-04 06-43-01,128.211.140.186,-1336127847,internet,49.209.147.133,1057092565,184566307,-28841,67
huawei,110,226050893669935,40732372073,2024-09-04 06-43-14,249.26.221.192,-572005325,internet,31.239.180.180,-1957909687,513435639,-26747,106
huawei,-22,226056166444944,40718233920,2024-09-04 06-44-50,242.67.24.59,-37009867,ims,43.118.224.229,-690913113,2094920748,-9185,-36
huawei,63,226059275177329,40704822995,2024-09-04 06-40-02,21.46.0.109,1551258782,ims,174.102.171.8,-877470902,1219242799,20834,-90
huawei,42,226058771832267,40715395073,2024-09-04 06-44-59,82.6.129.203,-39086332,internet,142.225.212.142,1636639674,736762997,-8720,0
huawei,27,226053863647285,40702374193,2024-09-04 06-40-25,119.200.60.100,1176055175,ims,132.80.66.216,979015421,1350611781,24565,85
huawei,100,226054677166943,40700087010,2024-09-04 06-40-23,21.72.65.197,553433953,ims,8.103.227.83,-1041774583,1417954062,4330,90
huawei,-15,226050266191093,40749883593,2024-09-04 06-44-39,169.234.12.91,-799875243,ims,188.53.78.211,1824809750,1591762934,-25806,-75
huawei,78,226055496689415,40718820395,2024-09-04 06-40-29,93.236.126.70,792477174,ims,110.140.219.70,1312870365,-265912436,17012,-27
huawei,28,226054582430249,40703934180,2024-09-04 06-40-06,69.177.197.127,1872887926,internet,106.224.111.24,971712556,1370579174,22646,-29
huawei,-29,226052857692147,40771971095,2024-09-04 06-43-37,110.187.217.39,970959865,ims,198.100.77.242,1862472019,1704148059,-15985,113
huawei,-94,226056497848544,40752956085,2024-09-04 06-42-39,184.175.198.163,359305606,ims,28.246.51.146,-1634050504,1686377298,-19095,-113
huawei,83,226051227002783,40738927410,2024-09-04 06-43-57,92.75.107.93,-943636001,ims,52.156.119.18,587721639,-1384434488,-3819,-19
huawei,92,226056787330012,40797194283,2024-09-04 06-40-36,175.242.198.153,891764967,ims,12.215.184.228,1521900522,1571423361,-12395,-22
huawei,-11,226053331965777,40794552056,2024-09-04 06-41-39,239.254.46.23,-1748497222,ims,69.86.251.216,-1282116789,-2114316906,-21276,123
huawei,104,226052478828417,40765899012,2024-09-04 06-43-45,175.149.202.78,190143517,ims,215.118.252.54,-410809026,805986789,29148,26
huawei,-45,226057246771896,40724349550,2024-09-04 06-40-02,185.170.128.236,-1463826838,ims,15.209.187.111,-1095732188,-1352976872,-29641,-16
huawei,-72,226055514241351,40706593156,2024-09-04 06-40-03,77.129.60.125,-239602042,ims,182.125.36.221,2073170374,-1734857742,24020,-88
huawei,90,226051137955372,40794814063,2024-09-04 06-40-26,180.189.190.77,-8170337,ims,247.33.64.199,-114481286,1569153638,26629,23
huawei,3,226056798498788,40764756498,2024-09-04 06-43-53,177.149.172.246,1116338464,ims,136.76.94.78,808685603,-248743028,19969,-103
huawei,82,226054265546495,40731203473,2024-09-04 06-40-09,73.99.181.40,1534653759,internet,55.93.75.220,-1506185923,-1553270827,-16387,16
huawei,105,226056895848451,40721012636,2024-09-04 06-42-24,1.58.17.171,-2119239794,internet,163.136.200.88,1011106822,-370383908,-14314,114
huawei,41,226059508267610,40706560168,2024-09-04 06-40-03,223.24.95.126,783037316,ims,243.76.82.193,-1744315669,297872572,-4982,85
huawei,5,226056655981538,40727421958,2024-09-04 06-44-31,250.135.213.191,-1600390579,internet,85.162.255.109,-1819829197,1333082167,8084,12
huawei,105,226054856829288,40766603834,2024-09-04 06-43-48,92.112.164.69,-1551273406,internet,167.67.250.192,1873592996,-2044129113,24600,102
huawei,110,226053044271410,40729079915,2024-09-04 06-40-33,227.62.81.195,411680315,ims,115.140.88.175,-1548916857,2049481151,21893,98
huawei,-114,226059379405726,40792530266,2024-09-04 06-42-07,145.147.125.73,436130427,internet,16.147.15.171,1955742803,1842767682,-14173,80
huawei,52,226051526396871,40724689354,2024-09-04 06-44-30,252.217.40.187,-905152932,ims,211.54.110.123,664257841,-813715440,28602,-9
huawei,-87,226057267798492,40706856410,2024-09-04 06-44-18,227.82.23.205,260153431,internet,65.216.165.109,1998891289,1138729695,8070,59
huawei,29,226056240844568,40701301549,2024-09-04 06-44-50,134.86.44.219,1898416187,internet,108.111.132.207,-969143358,-1750121909,-28293,22
huawei,-10,226059065496401,40766015380,2024-09-04 06-40-04,210.71.238.88,609509378,ims,225.118.78.164,-963183870,-807498727,7761,47
huawei,115,226055162099791,40756706691,2024-09-04 06-44-07,33.108.12.30,285618982,internet,186.130.238.60,-1324924286,-1831230207,12336,115
huawei,-2,226052258199163,40753717945,2024-09-04 06-43-36,160.104.62.239,1276738901,internet,50.255.62.217,1986973001,-896351766,-21157,-43
huawei,4,226056565871629,40738038337,2024-09-04 06-40-58,200.52.67.229,-179975929,ims,231.117.52.139,-922471570,-358018478,-16452,-37
huawei,110,226056840694965,40703721878,2024-09-04 06-43-10,33.55.178.200,1642837725,internet,6.191.250.82,1475255591,1879314603,7705,-41
huawei,-77,226055929060761,40720664597,2024-09-04 06-41-50,117.80.114.98,-2067449812,ims,222.77.194.32,451896755,-2041374850,2274,32
huawei,-2,226054522155788,40746108289,2024-09-04 06-43-16,43.173.205.212,725570491,internet,25.177.134.50,-1278350719,1436241890,3015,-51
huawei,-26,226056277054509,40765755469,2024-09-04 06-41-41,76.4.150.228,-85714914,internet,129.30.197.174,-805164803,-237230950,-25633,-111
huawei,-79,226055569658066,40766249535,2024-09-04 06-44-10,70.152.179.73,-1253088692,ims,225.194.202.238,-684469288,969290440,5307,-8
huawei,32,226054541339737,40787170186,2024-09-04 06-40-07,224.115.56.13,152463778,ims,64.159.210.173,2130659032,-1794244908,-1684,-6
huawei,19,226055558296077,40762150439,2024-09-04 06-41-57,210.225.97.113,-1775105968,ims,214.52.227.130,1865188846,1865583179,19957,125
huawei,35,226052875430394,40764634719,2024-09-04 06-43-48,254.170.226.51,-826620126,ims,240.163.41.65,-246313341,1313555063,-3325,102
huawei,71,226055006372149,40775574220,2024-09-04 06-42-25,32.42.171.255,1674573655,ims,12.157.97.176,-361865654,-2021239919,15613,65
huawei,-121,226056172555439,40739734620,2024-09-04 06-42-25,82.72.95.44,1528646697,ims,47.181.79.127,357259389,934539237,-999,-85
huawei,12,226051182156710,40780844581,2024-09-04 06-42-48,98.50.163.131,699864329,internet,12.20.162.206,-341105089,-169777191,-4162,32
huawei,-52,226058295255442,40747804223,2024-09-04 06-44-20,140.230.215.181,634356441,ims,68.33.125.168,1737789842,1003850251,14104,-43
huawei,22,226053244029300,40743657241,2024-09-04 06-44-12,107.54.171.222,360958339,ims,186.161.189.188,622311709,732209091,-22775,-12
huawei,107,226051187757569,40727334041,2024-09-04 06-41-00,12.127.223.136,1179913786,ims,5.154.216.4,-104397987,-2081919035,7933,-38
huawei,-109,226059713460956,40746756033,2024-09-04 06-41-00,90.16.166.247,-1750245883,ims,56.241.12.247,-1283180924,-1949136209,25051,-51
huawei,83,226056864398133,40740915402,2024-09-04 06-40-36,82.138.41.31,934241286,ims,181.184.219.48,545117185,-1498062361,-28202,-19
huawei,-18,226054056827161,40769252452,2024-09-04 06-42-13,41.69.150.208,-342355871,internet,20.6.44.109,-222457083,785492601,-8396,36
huawei,12,226053310506153,40788668073,2024-09-04 06-43-36,0.49.225.253,641418155,internet,21.141.48.52,-980158502,370971633,16929,-60
huawei,-80,226058028077232,40795943219,2024-09-04 06-41-33,140.89.47.114,-51265375,internet,159.136.191.29,2044011319,1369743433,1148,-76
huawei,-17,226050573543768,40731356927,2024-09-04 06-42-37,32.74.234.223,-1385374828,internet,174.149.55.98,1438236792,-1610318797,-24520,-20
huawei,-76,226058320914979,40783729894,2024-09-04 06-41-03,254.189.213.102,1263871144,internet,58.126.116.18,1544613291,1334830411,-13339,110
huawei,-29,226052517058464,40701748080,2024-09-04 06-44-29,6.234.155.190,-1857679336,ims,247.164.7.106,-1783107049,-1462337081,2590,-84
huawei,12,226059529986204,40787945476,2024-09-04 06-41-34,168.215.130.59,-726990723,ims,232.14.215.59,1694469073,-847665957,402,93
huawei,-116,226054690004816,40730867774,2024-09-04 06-41-43,13.1.161.201,1994556853,ims,61.178.248.145,742506407,1809413698,24930,36
huawei,-124,226059076556064,40729895056,2024-09-04 06-43-43,252.250.9.141,777638268,ims,194.52.80.3,-1438045971,1793579662,-24151,90
huawei,-29,226052014572142,40769723538,2024-09-04 06-43-01,207.134.16.162,-1789646424,ims,83.23.225.171,894167453,1326094687,7534,-49
huawei,-128,226052714585360,40716776019,2024-09-04 06-41-34,71.202.20.74,1654230132,ims,162.254.74.41,1283240457,-1386685540,-24331,68
huawei,7,226057159476886,40792643770,2024-09-04 06-44-05,252.31.61.238,-304430186,ims,148.160.250.250,1048378267,-804912686,15022,90
huawei,107,226054185094563,40764558930,2024-09-04 06-40-44,83.237.60.58,-1144041703,internet,38.124.87.115,141347127,1976909726,-10043,-2
huawei,-40,226055874074871,40704776434,2024-09-04 06-41-09,28.75.254.43,1872766697,internet,48.233.137.235,-2041632646,-1210741958,15114,-57
huawei,-121,226050459941638,40765092428,2024-09-04 06-42-02,196.13.55.46,2125243838,ims,84.9.133.130,424659588,-1748087330,-19113,12
huawei,117,226052092057671,40776172216,2024-09-04 06-42-18,59.160.135.35,1564951084,internet,11.42.196.246,-158384933,1820084658,25273,58
huawei,62,226054690859154,40741930721,2024-09-04 06-44-48,98.133.8.88,-507943555,ims,35.206.80.41,604207943,772494039,27150,39
huawei,-27,226056218607263,40777048249,2024-09-04 06-44-12,209.215.54.169,-1211517277,internet,69.191.17.171,-838640834,-561422482,-32558,-108
huawei,36,226054758260978,40749293132,2024-09-04 06-44-50,232.60.203.80,2134855326,ims,236.49.153.102,-1782577451,-130119552,-5109,-30
huawei,88,226052967738270,40776796357,2024-09-04 06-42-32,106.188.29.253,-1302033784,internet,71.199.215.101,1537263961,1299093220,-18965,122
huawei,-123,226051428397555,40727394414,2024-09-04 06-41-48,55.43.230.214,201659764,ims,49.82.55.153,-2107719973,-1622304322,11240,-33
huawei,57,226057927779254,40724013937,2024-09-04 06-41-14,199.247.151.125,-153043478,internet,244.24.99.228,422446306,-1606311060,-19011,45
huawei,-88,226058696304972,40734032600,2024-09-04 06-44-31,25.254.234.242,1036248044,ims,111.133.14.148,-942370359,-1532561956,17128,-128
huawei,-17,226054319088726,40784386607,2024-09-04 06-40-52,25.172.34.108,-1204048975,ims,55.91.127.101,210295920,250904520,-16469,-7
huawei,-14,226052963860422,40715477534,2024-09-04 06-44-24,174.129.80.140,196957267,ims,159.84.22.195,495332370,1902559763,-1382,-73
huawei,-87,226057401254539,40790369775,2024-09-04 06-40-41,119.161.179.200,166863473,internet,161.107.219.73,1207361771,52395477,-2772,-49
huawei,44,226053922992134,40734115468,2024-09-04 06-42-20,117.223.194.40,-1269998893,ims,246.18.104.145,-889748254,1451303777,-5127,-90
huawei,14,226057494340183,40755264654,2024-09-04 06-40-55,117.247.8.132,2142995335,ims,160.69.174.119,1987325909,1928832689,-11604,27
huawei,-63,226057661539550,40761843431,2024-09-04 06-40-31,151.99.93.220,1055897837,ims,236.35.225.58,-723812610,-1658674024,14504,-46
huawei,-24,226056283483366,40705988528,2024-09-04 06-42-44,46.62.191.184,-1701569829,ims,123.132.243.95,342041943,1019071046,-1496,-77
huawei,68,226056012559735,40702577971,2024-09-04 06-43-00,87.123.113.87,522632315,ims,137.155.10.249,114325701,2079545297,-7757,31
huawei,26,226050244708953,40769374063,2024-09-04 06-43-35,71.14.236.116,941478116,internet,56.27.7.3,-473214861,898986327,-4369,-123
huawei,-26,226052299074449,40714500970,2024-09-04 06-41-54,84.179.2.186,-319032969,internet,119.226.77.117,-330226250,1590204004,25337,-44
huawei,85,226055146545215,40743572698,2024-09-04 06-43-30,238.40.82.14,1352945623,internet,208.237.153.147,-28537915,-818661629,-15594,-51
huawei,77,226059939127352,40744125098,2024-09-04 06-40-20,166.104.103.119,736925928,internet,73.31.51.127,-910973686,-1106288463,19681,-91
huawei,-79,226059477478710,40753909521,2024-09-04 06-42-53,57.202.249.68,-1990463986,ims,236.72.183.81,-280971888,-876710864,25306,23
huawei,54,226053140006482,40783598312,2024-09-04 06-41-33,19.150.160.3,997257947,internet,124.2.95.124,564455646,-1531844936,-28823,-80
huawei,-21,226057371966947,40766918733,2024-09-04 06-44-06,27.150.225.137,132952163,internet,251.49.43.24,1539483720,-563250760,27486,42
huawei,86,226050601326920,40736776323,2024-09-04 06-43-45,103.67.224.144,451710974,ims,70.45.254.95,-2108874040,1391544489,5911,-122
huawei,70,226051683738519,40745407618,2024-09-04 06-41-15,5.223.198.167,-973938550,internet,14.237.21.241,-452243787,-1431737440,32540,-45
huawei,98,226058642156836,40773870208,2024-09-04 06-41-34,69.150.240.233,-981237457,ims,58.90.114.229,20973744,104244499,14506,-32
huawei,-64,226051576256995,40791103869,2024-09-04 06-41-54,242.199.88.125,-808530223,ims,24.156.173.145,-170768825,4714504,-15490,85
huawei,-18,226052948489368,40729365888,2024-09-04 06-43-55,235.49.156.58,1229316778,ims,144.147.237.75,-487197502,173646568,-15692,-84
huawei,39,226053279934257,40737236237,2024-09-04 06-42-11,75.71.11.60,-1289000450,ims,4.47.180.159,314953483,-388189161,-23523,89
huawei,-103,226056973678693,40730219383,2024-09-04 06-41-15,209.143.57.38,87821594,internet,25.171.146.31,1921969701,473845528,-4489,85
huawei,-78,226057011412371,40744077055,2024-09-04 06-42-16,57.134.54.221,-1434308477,ims,199.241.44.191,-1171769325,1721054850,-29647,-39
huawei,28,226051237241418,40765986037,2024-09-04 06-40-10,191.156.25.39,-838940066,ims,55.159.3.238,614430807,-2091204618,-1924,-76
huawei,59,226053941741675,40704492619,2024-09-04 06-42-16,184.211.227.80,-2083086117,ims,158.40.30.83,813904348,-187866973,-517,-24
huawei,80,226051614860240,40766607825,2024-09-04 06-42-56,52.204.115.241,-2022775501,ims,125.255.119.44,696330895,515277069,-9476,102
huawei,123,226058205169280,40780059770,2024-09-04 06-41-18,168.224.171.128,-340589779,ims,13.166.90.80,1415383492,-40887210,17611,-17
huawei,117,226051888492167,40770084142,2024-09-04 06-44-25,82.207.51.6,1925931622,internet,193.49.42.128,-316350955,2133699421,6527,19
huawei,66,226058078264977,40754211512,2024-09-04 06-40-02,74.131.246.42,1567726786,internet,124.184.28.6,-2018324335,133479921,-25639,-4
huawei,-8,226051563426174,40740921297,2024-09-04 06-42-06,194.67.221.210,-1624772566,internet,182.8.223.129,1962206002,-1374446519,867,36
huawei,41,226051315418584,40783824387,2024-09-04 06-41-19,1.255.59.69,-685558349,internet,185.253.205.157,-314748587,1207821318,23563,-122
huawei,76,226053002695510,40713181002,2024-09-04 06-41-18,56.76.164.202,-62866528,internet,107.122.233.212,-2018900343,-1303848850,-4724,-80
huawei,-42,226053232380464,40767202604,2024-09-04 06-44-36,124.109.218.67,2018076047,internet,6.254.156.52,1317963137,1275466092,22687,-27
huawei,-12,226052099464938,40742871209,2024-09-04 06-42-48,141.26.6.235,-1697066184,internet,217.248.220.162,-1073583520,1510754106,6154,-51
huawei,49,226058393587456,40794614109,2024-09-04 06-42-16,71.156.102.127,-716259576,internet,74.167.157.4,2052847290,1868830155,16494,-77
huawei,-103,226051134000207,40786947275,2024-09-04 06-42-24,49.56.11.12,-1423154022,ims,129.10.167.127,382207025,-1610119797,-13193,87
huawei,105,226053111552376,40796434658,2024-09-04 06-41-01,132.79.106.157,1114538890,ims,245.108.143.150,-1227152307,-586753366,-26950,89
huawei,20,226052195785653,40740107089,2024-09-04 06-41-23,34.17.135.48,-253867824,ims,166.64.231.162,-1262931421,-71991303,12765,78
huawei,18,226053261065105,40734766324,2024-09-04 06-44-10,123.253.128.14,-1762632929,ims,251.223.115.4,-956070159,1951252853,6963,-74
huawei,50,226057129119377,40725875427,2024-09-04 06-43-43,112.138.179.141,1930079947,internet,38.202.95.74,-398208138,1182931638,27655,24
huawei,86,226051535869851,40791822632,2024-09-04 06-40-17,97.19.209.55,-1038977223,ims,203.181.193.240,1934038777,1605540411,12495,-50
huawei,-22,226059454076141,40739601202,2024-09-04 06-43-55,159.73.177.191,-876182073,internet,78.1.127.253,-503305630,562963269,18178,-107
huawei,67,226051433568569,40728722503,2024-09-04 06-40-37,230.199.146.103,-398416431,internet,41.154.134.138,1297787510,1848425741,10937,-111
huawei,37,226050504595027,40752813433,2024-09-04 06-44-20,198.50.151.47,-1145794172,ims,254.112.20.39,818823071,1842359869,1185,83
huawei,111,226051179792072,40711668905,2024-09-04 06-41-35,0.115.182.101,1008571650,internet,253.54.203.189,-1097130436,606158861,-31170,-53
huawei,112,226053317121419,40774151002,2024-09-04 06-42-58,124.91.62.62,1713301964,internet,120.59.39.207,-1292559076,-1311979086,26706,36
huawei,-65,226052092515568,40766982336,2024-09-04 06-44-33,147.143.159.33,427229671,internet,30.118.176.4,-148452072,-1264401925,-3849,32
huawei,-57,226055295925489,40719761077,2024-09-04 06-42-28,156.134.201.223,1197654806,ims,156.254.237.18,-1694889415,-1413513658,-32109,-53
huawei,84,226053597884001,40710523158,2024-09-04 06-42-02,120.50.142.249,1443276307,internet,238.9.191.176,1799080652,-1329703266,-8377,-124
huawei,-62,226055813496603,40704692106,2024-09-04 06-44-09,36.220.19.13,-1424989199,ims,190.217.200.88,-1517326562,-404145808,-27139,92
huawei,115,226058739324327,40744730283,2024-09-04 06-40-54,54.229.45.188,-149017354,ims,82.9.43.219,-1299995298,673862898,25057,-20
huawei,-118,226056891542882,40792427520,2024-09-04 06-40-49,187.191.34.12,-1792588201,ims,43.208.19.134,-1336659365,672765319,-5891,82
huawei,21,226051871105501,40763215316,2024-09-04 06-41-50,50.145.239.75,-201029849,ims,109.118.124.170,1536223473,-763045819,5200,-69
huawei,-94,226052981908026,40773454104,2024-09-04 06-42-45,149.220.56.164,550200117,internet,148.72.50.203,-28159258,-727137646,13242,-12
huawei,-46,226057159844152,40767248356,2024-09-04 06-42-13,148.8.130.121,270495900,ims,118.47.116.7,336770513,-2121206465,17979,77
huawei,59,226054388511405,40750706067,2024-09-04 06-43-11,83.148.189.154,-1400184361,internet,33.119.115.144,1436748008,1612002536,-3664,125
huawei,-82,226052808337086,40790389947,2024-09-04 06-43-19,51.111.230.102,1934625050,internet,38.75.7.140,211811375,-1985291614,-31092,72
huawei,-14,226056527938694,40742657031,2024-09-04 06-42-45,225.225.59.13,-123321486,ims,159.166.59.30,-1297295199,-745778457,23265,-112
huawei,-96,226058018002636,40733359636,2024-09-04 06-40-15,63.202.23.208,-2016383058,ims,4.135.111.63,146171963,-442004607,25060,34
huawei,10,226054455356449,40711056486,2024-09-04 06-44-39,62.189.23.115,926081146,internet,166.121.34.255,1148930870,1185946916,2600,-29
huawei,29,226052727016566,40776468763,2024-09-04 06-42-48,110.124.71.18,1430733609,ims,134.158.233.120,-809845175,588317090,-32185,-115
huawei,123,226057898707457,40790483999,2024-09-04 06-40-54,58.113.156.34,-1355772108,internet,136.179.12.92,-718827314,-1198770483,-26829,79
huawei,1,226055096896887,40724119060,2024-09-04 06-44-55,37.144.175.225,326045828,ims,68.61.206.37,191368161,-1521828028,-22027,-37
huawei,-41,226055386163667,40704726079,2024-09-04 06-44-15,11.179.195.202,-1384236495,ims,111.26.244.18,1329680989,-1448846067,-7701,97
huawei,54,226050472006910,40761973229,2024-09-04 06-42-31,222.0.177.50,-1432367851,ims,178.221.212.207,-2144274230,-1878654515,11162,117
huawei,-110,226051592499160,40721163403,2024-09-04 06-41-07,122.234.74.137,947909286,ims,192.60.206.120,761991566,1675161169,30071,9
huawei,88,226053080324880,40782376420,2024-09-04 06-41-04,111.218.230.207,-428049632,internet,99.208.213.144,-163976508,2109105818,-19351,-55
huawei,106,226054431048254,40783299824,2024-09-04 06-40-41,72.249.45.75,109072192,internet,67.56.179.102,-893690496,-418256550,25638,33
huawei,60,226050963962711,40761629059,2024-09-04 06-40-14,178.98.85.75,-315690026,internet,134.239.54.169,1195277412,-845939230,20263,-2
huawei,-49,226055355881175,40796673067,2024-09-04 06-40-25,96.225.106.10,-452496435,ims,185.180.7.73,-1195994514,-1262475576,22298,-122
huawei,118,226050715065168,40767307781,2024-09-04 06-42-22,138.99.29.50,-300731082,internet,239.160.133.73,1987329121,1645886365,-8807,-116
huawei,-50,226053334371548,40764852248,2024-09-04 06-43-34,106.46.123.11,1444751423,ims,140.145.102.70,-390948639,960111591,-14104,21
huawei,-107,226053623921289,40700921189,2024-09-04 06-41-48,107.75.105.193,-1225395792,ims,121.200.110.161,-347863262,1116794339,29102,12
huawei,-46,226051677661483,40751691072,2024-09-04 06-43-25,196.175.169.251,1970629249,ims,175.146.27.84,893553576,-950061692,8978,-51
huawei,61,226054755139623,40717086281,2024-09-04 06-43-13,9.50.250.2,-1518663555,internet,138.243.95.56,144564309,-1997225861,32052,23
huawei,-41,226059806711290,40718004199,2024-09-04 06-42-54,218.44.56.226,-1490777140,ims,118.127.122.248,534865622,-1042666937,-30294,-48
huawei,3,226056517343817,40736449882,2024-09-04 06-41-09,127.249.169.224,-2056997123,internet,162.10.240.152,1528068107,1539739141,-25890,-3
huawei,-28,226055354546611,40779262298,2024-09-04 06-40-06,75.128.45.108,-1326073316,internet,146.147.138.209,-1583680284,-2029891290,-2899,10
huawei,-73,226057014966561,40702390230,2024-09-04 06-44-29,206.183.23.145,1781772588,internet,171.192.0.245,-68423648,2099753550,-8103,-24
huawei,-106,226054124061051,40776295868,2024-09-04 06-40-52,54.59.89.25,1883337500,internet,189.88.38.109,-479512214,215236158,-31639,84
huawei,-117,226051078628095,40790399783,2024-09-04 06-40-08,94.251.137.223,1778860224,ims,225.26.149.205,-1009050896,84238707,28232,108
huawei,112,226050480184873,40783529906,2024-09-04 06-40-37,147.8.89.184,-2101946946,ims,182.170.130.225,-1881174081,1601930267,20011,-114
huawei,-78,226052610952535,40757775129,2024-09-04 06-43-05,45.100.91.181,991198896,ims,211.3.230.130,1436077163,-923923233,-957,-60
huawei,-36,226057735057549,40769000826,2024-09-04 06-40-09,159.138.181.63,-2008307420,ims,117.165.41.149,1026224805,2070746263,-25848,26
huawei,-21,226055840709055,40723601268,2024-09-04 06-40-08,175.133.15.156,96769698,internet,105.53.165.103,-894485946,845785858,-29964,86
huawei,-50,226059121487733,40715499894,2024-09-04 06-41-24,220.0.254.65,1077449179,internet,145.156.252.231,-522798511,-896713756,-1425,0
huawei,2,226055232334166,40721104818,2024-09-04 06-44-35,125.90.249.3,2139785452,ims,207.223.1.226,-926926395,1305669921,-29193,-29
huawei,-20,226054556495471,40796592023,2024-09-04 06-43-53,34.151.151.138,-729250928,ims,214.58.50.190,1592327,1341227116,8526,15
huawei,120,226054494585541,40799494330,2024-09-04 06-41-15,39.74.201.71,-251250427,internet,129.32.165.40,-1401871261,1959304329,32064,-50
huawei,-105,226051628085517,40737125050,2024-09-04 06-42-46,212.28.31.80,-1658081846,ims,142.4.245.119,-805560924,913031981,-161,-45
huawei,9,226052979704033,40721686756,2024-09-04 06-43-06,115.211.38.86,-352190772,ims,124.153.181.34,-1531374295,-1528760227,-18725,-126
huawei,77,226058751727601,40720523447,2024-09-04 06-43-51,194.176.127.113,656245484,ims,254.212.97.73,289611287,2079033575,31535,-70
huawei,2,226052207613597,40787306908,2024-09-04 06-43-19,225.188.204.88,-2023007638,internet,47.231.186.228,911999842,805525863,10117,-87
huawei,-43,226057320159154,40798082171,2024-09-04 06-40-50,41.200.51.181,-1090969197,ims,179.176.78.2,-414616985,1658929854,-22754,87
huawei,84,226053688022623,40775767030,2024-09-04 06-43-11,11.74.117.160,-2111675092,ims,171.25.211.100,1180262416,678116417,-18436,-119
huawei,110,226055603322334,40756240025,2024-09-04 06-44-23,26.30.34.150,-1757500801,internet,51.225.216.27,-612431844,1506056680,29851,41
huawei,-8,226051638294735,40787297268,2024-09-04 06-41-11,12.171.207.53,-116789994,internet,204.31.11.41,2071511305,-1867564978,4736,-15
huawei,35,226052487229006,40763494172,2024-09-04 06-44-23,160.182.1.184,-50520924,ims,93.190.253.126,719719337,-1613067387,-7436,31
huawei,105,226052158216714,40706877311,2024-09-04 06-41-01,210.72.196.43,-1664700722,ims,149.208.88.89,206653452,1784244046,620,-83
huawei,-124,226056913928807,40744985940,2024-09-04 06-40-06,10.136.11.157,1708950795,ims,181.115.58.210,1525302202,1592858797,28434,-42
huawei,69,226051018436385,40793378279,2024-09-04 06-44-02,194.40.146.33,1895241035,ims,172.36.234.31,375473862,760455983,-25788,-61
huawei,64,226058587402915,40773845583,2024-09-04 06-44-35,22.1.182.128,-1058921402,ims,107.2.126.126,1630829629,-1291433953,29477,87
huawei,102,226054304654895,40787258134,2024-09-04 06-40-29,216.161.174.35,-530791759,internet,95.113.21.92,-119325110,-34893938,6926,53
huawei,-72,226053317525984,40745011629,2024-09-04 06-42-46,99.52.144.52,-80426365,ims,137.145.216.147,1906130001,-1558012031,20956,-62
huawei,33,226056938361620,40782718124,2024-09-04 06-44-33,118.2.152.49,-293266125,internet,15.206.86.187,1753791261,341158776,-7466,-75
huawei,92,226055756846860,40746606150,2024-09-04 06-40-44,34.43.159.127,-162351841,ims,78.48.85.246,-530224451,-779259083,7597,-14
huawei,34,226056820297799,40734513825,2024-09-04 06-43-52,168.172.48.109,1775712215,ims,100.125.65.40,-1820727253,-561832571,-28847,10
huawei,67,226056843284423,40796460306,2024-09-04 06-43-46,164.196.80.49,-923211546,internet,167.60.150.39,-662351134,-823417169,21691,92
huawei,15,226051418633094,40711848080,2024-09-04 06-41-36,37.222.241.25,422948732,internet,99.73.103.158,-1200415628,-648082440,-5102,-100
huawei,-18,226059686728599,40727828462,2024-09-04 06-44-12,102.81.240.42,1828382658,ims,219.5.208.127,-1265669493,59680946,27238,-17
huawei,-12,226055777383301,40709756439,2024-09-04 06-44-10,58.181.103.27,-411715232,ims,85.237.190.116,-813710435,-123669982,26162,55
huawei,39,226056284757895,40723488283,2024-09-04 06-42-23,255.173.116.111,-1848370404,internet,182.63.87.52,1020652863,-1738253914,4181,60
huawei,-83,226053750333190,40705717601,2024-09-04 06-40-17,62.89.182.64,-1780728957,internet,39.133.180.96,-933155564,-289643213,2255,-101
huawei,116,226053840407023,40708870388,2024-09-04 06-41-38,22.53.199.168,133220130,ims,33.189.151.49,817795560,622574258,-10122,67
huawei,-96,226052404155147,40789703291,2024-09-04 06-41-55,126.11.45.198,684021184,internet,40.144.154.82,105542468,-1411588048,-18015,-30
huawei,60,226052049963313,40756136153,2024-09-04 06-44-47,9.137.149.107,445525874,internet,146.19.237.117,-1822244513,53580671,2445,127
huawei,-35,226052842715704,40744123832,2024-09-04 06-42-51,171.54.243.39,439910298,ims,161.52.242.111,963502963,-1375962609,-18191,20
huawei,8,226058294616314,40790294058,2024-09-04 06-42-10,56.214.65.43,23044379,internet,121.18.191.176,-1206186038,442072620,-24068,127
huawei,-124,226057429583288,40773384383,2024-09-04 06-40-31,172.0.118.180,-1788112223,internet,143.205.254.241,-1831548633,-339601745,-17831,117
huawei,-48,226059863344403,40738900339,2024-09-04 06-42-42,171.73.194.149,925464423,ims,107.207.52.111,731327307,-1227099803,17012,49
huawei,36,226058074946057,40773985961,2024-09-04 06-43-27,134.104.66.182,551344244,ims,195.99.35.202,1118462594,-1625604167,-6574,108
huawei,-17,226057923551452,40792686298,2024-09-04 06-40-54,67.50.42.70,1016958650,ims,249.149.89.134,1716523218,-2072687342,-24006,112
huawei,110,226053254728256,40724039509,2024-09-04 06-40-08,92.223.128.136,2114752128,internet,171.98.223.33,2067196422,-774383047,-21543,81
huawei,-50,226052843727057,40752300355,2024-09-04 06-42-57,205.100.131.39,-840674842,ims,159.254.175.24,751268817,54646491,-18431,38
huawei,-108,226056153301483,40761228233,2024-09-04 06-42-59,168.14.79.153,1661818955,ims,98.186.20.45,-1173716406,-2022911821,-15644,-59
huawei,50,226054303617844,40793285425,2024-09-04 06-42-51,231.160.142.189,-228037407,ims,136.39.66.235,-907066561,535240930,4162,-67
huawei,-21,226050978361619,40795087651,2024-09-04 06-41-19,64.155.119.12,1954091449,internet,16.99.131.235,550532821,-783673578,3703,122
huawei,-98,226058999268328,40766400824,2024-09-04 06-44-13,102.114.218.40,-1746713625,ims,142.31.140.10,-1437206705,128289971,5325,-40
huawei,0,226057002961550,40760557252,2024-09-04 06-40-31,127.76.188.240,-1495844743,ims,20.143.217.35,-462041995,-1504468312,-18501,69
huawei,-88,226051127843711,40715267797,2024-09-04 06-44-37,25.196.7.100,643130654,internet,142.110.136.45,-570390472,1974278673,9614,79
huawei,23,226058181102121,40723184649,2024-09-04 06-40-21,129.250.192.68,-1349868458,ims,216.62.179.53,846778457,-130580350,-18444,119
huawei,-113,226051448300036,40773068412,2024-09-04 06-44-54,81.190.185.119,-486692537,internet,244.28.98.72,-774255137,671639699,-767,-94
huawei,-123,226051954165430,40753280875,2024-09-04 06-41-46,3.147.76.254,2115033230,internet,70.12.134.67,-820333059,-1619007634,-5873,-66
huawei,89,226058106299961,40769212460,2024-09-04 06-42-28,105.140.27.102,-1317115202,ims,122.223.23.115,-240882036,1304802831,30957,21
huawei,94,226054764989513,40715855526,2024-09-04 06-40-42,216.181.97.210,-2110149438,internet,142.220.39.176,1233627405,-397869772,-25199,-25
huawei,-95,226056273279929,40794047450,2024-09-04 06-42-27,184.91.236.46,-615731632,internet,245.217.45.19,-2039663383,1326365721,3511,114
huawei,97,226053102202312,40755985594,2024-09-04 06-42-59,219.64.209.54,-926830514,ims,174.139.226.248,369140049,832345247,-26695,101
huawei,-29,226054149929812,40715476156,2024-09-04 06-42-04,112.143.59.237,1344659326,ims,8.221.41.21,-193234156,2133475882,-15120,-67
huawei,-39,226059145034226,40779718725,2024-09-04 06-41-42,255.16.122.2,-1802102474,ims,149.23.167.27,2014485371,928128807,19617,-27
huawei,-81,226057492382057,40781507691,2024-09-04 06-42-39,175.224.64.136,-153968573,ims,155.109.69.27,-645886359,-946731632,28451,10
huawei,41,226050921001302,40723309672,2024-09-04 06-41-54,158.53.18.162,-1498519721,internet,53.74.85.205,-1770928049,910712601,-23293,-85
huawei,-45,226051555180967,40781541181,2024-09-04 06-44-00,200.13.243.251,1424330980,internet,107.31.218.60,-1677159223,1536275567,31337,-80
huawei,2,226051962871615,40798340331,2024-09-04 06-42-19,49.94.4.135,1614281210,internet,56.99.82.142,919172596,-2104875800,-6323,-27
huawei,13,226059084116549,40765936142,2024-09-04 06-42-56,9.104.122.121,1189912244,internet,248.25.6.233,-1519637620,-1134150200,-31961,10
huawei,-99,226058741722966,40733154894,2024-09-04 06-43-43,199.141.58.190,-340443767,internet,69.123.22.39,-1319424840,-168730875,-16756,20
huawei,65,226051517419394,40732486717,2024-09-04 06-41-50,193.43.0.121,1327353188,internet,32.231.151.79,1641809344,1363127525,-27933,94
huawei,-6,226059878680763,40773078976,2024-09-04 06-44-21,96.228.152.166,2109180069,ims,50.147.101.170,548300327,-346220150,-15770,-50
huawei,-32,226051331754565,40709322636,2024-09-04 06-42-51,14.244.173.229,-1711785891,ims,148.144.175.134,1695538200,163530895,12026,-28
huawei,73,226052781560171,40782311176,2024-09-04 06-40-51,163.119.146.58,311019641,ims,134.194.249.179,537368778,-97748333,-31112,26
huawei,-110,226051288445495,40716398651,2024-09-04 06-42-54,201.208.197.233,1355109558,ims,65.92.43.117,-1099789005,397794645,-26665,56
huawei,121,226054154954994,40708802700,2024-09-04 06-41-24,24.103.29.22,937429415,ims,118.86.10.201,-1943635516,-2057931810,5362,-8
huawei,124,226054288032393,40787320270,2024-09-04 06-40-36,209.6.204.33,1913694020,ims,250.20.240.80,-99832166,1195126204,13480,82
huawei,106,226051157956195,40759636759,2024-09-04 06-43-42,19.67.105.51,2093771130,ims,163.134.146.101,1819470448,-169359369,-16506,-110
huawei,-101,226055982410479,40773148002,2024-09-04 06-42-16,249.166.236.91,-1373759415,internet,255.247.237.202,-1235926324,-1942412468,25423,-93
huawei,-120,226053019362800,40724928790,2024-09-04 06-41-02,248.145.137.105,-1852157536,internet,20.218.182.66,-318447002,2046185772,31254,68
huawei,98,226052140859333,40796215797,2024-09-04 06-43-27,120.66.67.184,-1300101960,internet,54.45.204.88,-910820236,-833316322,-24445,-26
huawei,77,226056592565435,40705887902,2024-09-04 06-43-45,167.51.81.214,2128117743,internet,115.102.93.48,-1840326953,-1914976471,-30860,-69
huawei,90,226051770789968,40795325587,2024-09-04 06-42-14,21.26.149.78,1933359648,ims,69.12.92.41,-942997593,-974082837,-25191,11
huawei,62,226054844494886,40789478786,2024-09-04 06-40-10,111.17.25.138,-1340190020,ims,62.233.187.186,-582187514,-276842738,628,-40
huawei,-63,226057551356517,40706666169,2024-09-04 06-43-21,218.94.133.105,1177603940,internet,125.203.5.149,1295234121,-1215385646,15198,1
huawei,51,226053963725032,40712270098,2024-09-04 06-42-22,58.210.86.229,-1994099,ims,145.197.207.101,-1937575573,-350988491,25789,-49
huawei,-89,226050961041539,40784753125,2024-09-04 06-40-46,251.15.35.161,-723342337,ims,252.47.4.178,-1695559493,1443673964,-7805,39
huawei,24,226053806923837,40766524855,2024-09-04 06-43-56,186.158.138.233,1044515940,internet,153.216.23.126,1592208070,68241922,-20486,31
huawei,-9,226056358112567,40731715547,2024-09-04 06-44-44,200.96.106.64,-1009045640,ims,193.247.137.32,-294863797,1985909888,11753,10
huawei,-79,226050883412974,40775044935,2024-09-04 06-44-22,203.125.53.158,1756512207,ims,123.120.184.171,327491514,1289578403,129,70
huawei,25,226058229513089,40723625714,2024-09-04 06-42-42,36.193.119.155,-1267176146,ims,11.146.128.162,-1269486073,899227809,-2096,8
huawei,-29,226052732515526,40716467236,2024-09-04 06-43-49,139.226.206.131,-809820486,ims,45.203.28.141,-995233558,-857878071,19420,25
huawei,97,226057290836975,40746805996,2024-09-04 06-42-40,246.83.237.157,-109775002,internet,8.92.85.68,1803000842,-534924160,10714,107
huawei,50,226050803575073,40705583011,2024-09-04 06-43-27,4.213.43.76,1644645974,ims,46.186.25.23,910019151,676334234,-11742,-71
huawei,-22,226051367283557,40788977494,2024-09-04 06-40-32,47.214.201.242,-775713830,internet,8.236.112.232,406824840,-1976053905,20224,-18
huawei,22,226053522411354,40792284013,2024-09-04 06-43-19,143.223.6.28,271102357,ims,80.80.10.217,1555857964,1317744260,23550,79
huawei,100,226052111598209,40719929885,2024-09-04 06-41-43,186.124.97.14,2026191389,ims,177.18.139.26,2071317898,-1117408926,16615,31
huawei,-89,226055203019731,40771966023,2024-09-04 06-41-14,115.16.172.173,-578257014,internet,55.234.202.119,1067174298,1363869965,26563,16
huawei,-8,226050897684066,40701180752,2024-09-04 06-41-32,78.42.4.229,-1491521240,internet,165.254.60.83,1410503863,658711097,1251,-54
huawei,40,226055402895992,40788242712,2024-09-04 06-43-24,113.242.152.195,1633553930,internet,207.186.94.101,1223714773,491629130,-31657,61
huawei,-102,226052753081444,40733133344,2024-09-04 06-43-09,19.179.73.175,-127597547,internet,164.210.151.3,-2065197014,-1256653642,-30759,58
huawei,-11,226053302782807,40735677719,2024-09-04 06-42-47,185.116.212.194,-92816927,ims,192.119.247.134,65180836,776299551,2157,-51
huawei,30,226056589722549,40784593100,2024-09-04 06-44-44,203.8.18.42,14516910,ims,230.45.126.94,1336987083,1315414548,-16951,-46
huawei,103,226051136536048,40754316595,2024-09-04 06-42-42,37.62.153.192,1911039433,ims,100.226.27.45,-323837214,-1112720412,-9103,-10
huawei,24,226051113389147,40791578637,2024-09-04 06-40-33,81.131.163.91,159382777,internet,49.253.193.100,1821916346,-799818608,-7211,-66
huawei,57,226057660578587,40706498787,2024-09-04 06-40-05,94.109.31.123,2144906888,ims,57.200.148.80,-208564054,-1721906124,-20700,-61
huawei,-1,226054830783519,40739662258,2024-09-04 06-41-19,93.235.239.228,795760175,ims,91.199.75.222,-1701461268,797106156,30676,110
huawei,101,226059568037771,40761190196,2024-09-04 06-43-36,103.112.60.45,-1616686890,ims,195.91.106.160,-102298204,-1826760503,2683,-94
huawei,109,226059875282833,40790545096,2024-09-04 06-44-58,39.252.43.67,1704830593,internet,65.204.32.173,1019006525,1618756931,291,-45
huawei,-26,226052344720893,40782748529,2024-09-04 06-44-19,164.209.248.117,785908543,internet,16.106.161.167,364123559,-82788724,27666,41
huawei,-46,226053598649419,40707592542,2024-09-04 06-42-47,138.5.124.113,-1759586101,internet,210.201.130.103,1051424091,-2073038510,-29754,-81
huawei,22,226058459964886,40779828488,2024-09-04 06-41-29,16.46.91.165,-992631270,internet,49.36.58.152,499302741,-877564744,-31631,98
huawei,-80,226051368987731,40702337358,2024-09-04 06-41-30,6.94.229.151,-52763156,internet,93.172.239.148,223667782,1704476197,10894,-68
huawei,47,226054720783222,40714803510,2024-09-04 06-40-34,16.3.73.176,-564636246,ims,189.178.200.198,-1592766962,-884678350,-26598,57
huawei,72,226058365855273,40790929079,2024-09-04 06-41-32,214.170.240.102,-1203643207,internet,47.124.168.184,1399676328,1194839138,-19369,98
huawei,-15,226059806868500,40738616073,2024-09-04 06-44-27,219.215.198.165,-1630542690,internet,128.99.5.81,-2073585195,-1229468543,-27210,50
huawei,-42,226052971553966,40793995554,2024-09-04 06-43-03,26.85.104.141,116563540,internet,149.231.197.245,852955743,-1711246074,25683,115
huawei,123,226055826148731,40751916095,2024-09-04 06-41-12,55.131.84.216,612376707,ims,13.197.189.134,1615063676,-1311136896,9047,26
huawei,60,226053850029715,40756009039,2024-09-04 06-41-09,222.232.175.181,-1824137270,ims,18.179.114.118,-292745121,-211051776,-21363,119
huawei,87,226050960294735,40764535615,2024-09-04 06-45-01,45.45.246.193,663319832,ims,120.34.12.2,189740706,-1081224588,-15172,71
huawei,68,226052277989785,40765204305,2024-09-04 06-44-45,43.244.118.55,-620982557,ims,148.220.251.107,-1174705506,-289835461,18811,10
huawei,126,226053859259268,40708803121,2024-09-04 06-41-29,195.75.189.198,1974062359,internet,100.241.19.188,1171828786,-1393755098,20973,91
huawei,-92,226053786068431,40704596916,2024-09-04 06-41-19,115.167.125.148,2086870180,internet,45.186.67.210,2139864821,-2143713342,12005,-26
huawei,65,226052936409025,40739579735,2024-09-04 06-41-50,135.66.154.206,1408207102,internet,5.205.102.60,1595919047,-1441006703,30298,96
huawei,-69,226050087212595,40711617488,2024-09-04 06-44-37,62.186.27.223,-192778221,internet,42.240.46.214,-381843061,-72830968,-30164,-90
huawei,79,226052738206966,40785444834,2024-09-04 06-40-52,2.234.149.99,-2030731064,ims,163.95.249.41,-1200862794,407325522,-22264,-7
huawei,-87,226053730618259,40771922990,2024-09-04 06-42-52,128.213.35.27,1928900497,internet,152.97.39.82,-656704450,1887418789,-14437,-74
huawei,-87,226058251665043,40761678096,2024-09-04 06-42-40,121.104.93.169,967632731,internet,204.93.146.177,999754318,1173497507,22480,-13
huawei,83,226059952746490,40757521208,2024-09-04 06-44-50,245.18.62.123,-1244051352,internet,141.196.228.249,2064624167,-571824263,-26087,-93
huawei,-120,226058751855078,40733122467,2024-09-04 06-41-13,124.103.206.15,-1212654038,internet,71.167.238.142,-1393948421,-1060327933,29603,0
huawei,96,226051057407943,40779424230,2024-09-04 06-42-59,119.4.177.100,-650784735,internet,119.15.113.247,1662418612,-722345094,9400,-83
huawei,-17,226056942067005,40710583766,2024-09-04 06-44-44,10.27.136.151,1007064027,ims,225.17.218.110,-715289253,-338190224,3591,-109
huawei,31,226056561030579,40721392272,2024-09-04 06-40-23,253.203.200.98,100442330,internet,236.240.196.1,-1020748783,-229415002,19061,-128
huawei,94,226058734990236,40732102803,2024-09-04 06-42-19,30.121.149.30,128252104,internet,35.180.241.215,1896426472,2074888420,13843,-116
huawei,-18,226058024786370,40726189112,2024-09-04 06-41-01,246.159.60.20,-2062987783,ims,28.86.91.82,-1211542102,1073213341,-17293,-104
huawei,-32,226051394146386,40749257334,2024-09-04 06-43-35,125.135.11.162,687534848,internet,192.194.224.93,950979429,1840325684,-22421,-102
huawei,-72,226056669547104,40781211115,2024-09-04 06-41-32,51.38.27.174,-2105727835,internet,30.104.4.84,-2059079779,2145685932,31879,-75
huawei,42,226051529207587,40747059744,2024-09-04 06-43-29,114.190.198.51,1828975553,internet,198.141.122.151,-1433996253,-852040970,-21555,-111
huawei,-100,226052323509446,40710817197,2024-09-04 06-43-26,197.239.113.108,-976512997,ims,11.88.29.17,310245566,-2077609399,27095,78
huawei,-99,226056132184556,40723158911,2024-09-04 06-40-18,252.64.226.166,-386594425,internet,13.46.147.123,460042614,-544811710,-21765,-99
huawei,33,226058310301512,40718513928,2024-09-04 06-44-36,105.147.60.146,838733123,ims,117.226.70.197,-153990875,-320978573,14325,77
huawei,112,226053869649513,40723398236,2024-09-04 06-40-36,213.129.67.109,-881525939,ims,231.109.8.153,185844104,-1136510714,-760,-12
huawei,-89,226056563739992,40725083651,2024-09-04 06-41-39,122.9.2.206,1541875648,internet,99.97.78.85,492275102,290514556,-12499,-25
huawei,-38,226050896481074,40752368996,2024-09-04 06-43-24,6.228.115.165,1550884015,internet,111.115.31.125,-1996194098,-1543204847,-4097,-98
huawei,69,226057398721630,40729501718,2024-09-04 06-43-05,154.149.164.84,-1425156032,internet,106.194.128.89,1781951013,228515120,-32013,94
huawei,-86,226051265057803,40772689271,2024-09-04 06-42-17,171.125.12.161,300790411,internet,217.27.27.224,1903315739,-1046883401,-3559,-12
huawei,-73,226054704723801,40769579655,2024-09-04 06-43-01,137.24.66.92,688059817,internet,217.179.146.21,-1720111135,1704899969,11585,-87
huawei,62,226056637399521,40787178107,2024-09-04 06-40-26,70.18.2.123,700757014,internet,195.150.104.31,-143963651,-1554870118,31553,-44
huawei,-88,226057531152377,40773041895,2024-09-04 06-44-42,98.150.13.162,184362813,internet,186.116.253.108,-1440596354,1238829315,-29224,-48
huawei,25,226051031297396,40797049083,2024-09-04 06-40-49,97.199.235.148,-411328465,internet,12.153.214.204,-2073961682,-849981265,-1592,97
huawei,-123,226057075976889,40726392706,2024-09-04 06-40-54,37.118.154.229,-44580693,internet,57.67.4.73,1510594329,-129318895,20269,-34
huawei,-101,226054641211671,40777744580,2024-09-04 06-43-03,146.60.112.242,-166187982,internet,81.173.190.250,1087734676,1913804075,11294,56
huawei,-35,226055999505435,40793338893,2024-09-04 06-40-03,17.167.218.103,518176769,internet,32.80.140.204,1981775190,-1915541036,24141,58
huawei,25,226051216119533,40770941621,2024-09-04 06-42-17,162.155.94.87,1288965919,ims,66.108.178.156,706569857,1395991453,6823,-8
huawei,110,226052861970116,40737986721,2024-09-04 06-40-01,162.232.117.131,1284579180,ims,34.47.9.188,2123181316,-43693723,-9839,-73
huawei,-96,226057005250591,40729974111,2024-09-04 06-43-57,24.89.44.45,1782500010,ims,179.22.29.120,-211940972,-2003526096,-22236,-121
huawei,36,226054847322870,40770869496,2024-09-04 06-44-02,138.62.205.191,347087141,ims,24.95.113.183,1186312536,1869458736,22938,109
huawei,-60,226050599620398,40704285393,2024-09-04 06-44-16,64.152.250.226,-1936491322,ims,51.223.54.131,-1886754276,-1831943141,18290,-63
huawei,-126,226052722897945,40718573200,2024-09-04 06-41-36,84.140.2.141,-1228408851,ims,156.76.42.152,-325695388,1902938774,30919,122
huawei,11,226052470727900,40770783210,2024-09-04 06-41-31,27.100.114.27,-1018588185,ims,105.236.0.152,-2052866062,1606005008,21442,-82
huawei,3,226056909749558,40786768681,2024-09-04 06-40-41,168.85.161.87,575729369,ims,48.196.168.246,1534217695,1497773610,-1265,64
huawei,81,226055676546990,40769914543,2024-09-04 06-41-35,57.69.239.173,-1665541872,internet,146.248.90.215,1822255685,957707452,-20755,115
huawei,-114,226056230972760,40705408317,2024-09-04 06-41-09,21.241.148.178,-1780758166,internet,184.241.200.68,-261212812,1384767812,-24809,-107
huawei,44,226058640742262,40715901634,2024-09-04 06-44-24,6.122.161.136,1699747875,ims,122.115.0.164,509309147,-425286698,-5385,78
huawei,-32,226054438003281,40760151830,2024-09-04 06-44-09,60.215.45.154,1645302777,internet,69.247.75.170,704676544,-2077434459,-32515,-86
huawei,-102,226056400607232,40732466440,2024-09-04 06-43-14,140.103.70.46,-1781808563,internet,243.206.34.111,347349448,592270463,14626,27
huawei,-90,226054169925518,40768592684,2024-09-04 06-43-03,131.216.141.227,684777350,internet,193.43.106.2,-848646755,12934738,19812,72
huawei,68,226050889247894,40710379779,2024-09-04 06-44-12,167.153.40.245,1894299274,internet,49.12.248.22,1204022894,1642419330,-3287,21
huawei,-58,226051533760232,40799874739,2024-09-04 06-41-22,73.41.192.135,2038603258,internet,239.125.255.161,-537453097,1013060190,19514,-64
huawei,49,226053527474389,40787644640,2024-09-04 06-40-50,160.213.154.171,-1114379560,ims,66.240.41.48,1100787583,-1335030391,12262,-102
huawei,114,226056059018258,40773455989,2024-09-04 06-41-08,115.202.28.206,425845695,internet,206.203.192.120,-1554740561,1416404084,-25592,63
huawei,-124,226052731018958,40748505791,2024-09-04 06-42-50,180.207.127.74,217554051,internet,26.121.219.50,-1589460927,1862839596,2032,34
huawei,-123,226058087661178,40719642383,2024-09-04 06-40-15,6.70.250.49,-1691903989,ims,170.187.156.204,1507899278,-798912747,-19187,27
huawei,-109,226055809333868,40793126238,2024-09-04 06-40-20,165.229.73.214,-364498178,internet,134.147.190.180,1200640194,1548085901,-28822,111
huawei,-21,226058192674422,40705638378,2024-09-04 06-44-13,139.179.189.220,1697688363,ims,11.192.85.172,-1485799023,-1387617323,-900,85
huawei,-118,226058133242025,40783550759,2024-09-04 06-43-51,30.52.235.34,1969357585,internet,132.185.68.158,-1194798090,-969998108,25138,-121
huawei,-51,226054284031026,40723499363,2024-09-04 06-42-46,123.180.238.15,2143341350,internet,146.123.205.118,303452692,1646919453,-23107,-78
huawei,4,226057741717441,40716542104,2024-09-04 06-43-24,107.204.103.5,-205385563,ims,99.125.177.24,259604853,-539552640,-946,-122
huawei,-36,226051020597595,40737276523,2024-09-04 06-40-33,13.33.70.136,-931272932,internet,173.77.184.22,-215217959,1763911467,16256,-18
huawei,-58,226052728048781,40793746408,2024-09-04 06-40-18,193.223.0.179,-710874337,ims,55.12.95.105,-1726075040,-959864573,-31030,-14
huawei,-86,226055559905135,40746293466,2024-09-04 06-40-56,204.239.12.12,-429639659,ims,100.185.18.230,-952687706,-885255034,16376,-37
huawei,-115,226051178322509,40738778441,2024-09-04 06-42-31,191.71.57.232,-937391501,ims,49.116.13.191,-382015782,-1490613736,20265,-91
huawei,22,226058418247242,40780181613,2024-09-04 06-43-13,208.20.225.25,422639040,ims,162.89.171.86,-294588525,1921453652,-8875,-114
huawei,-108,226050682200007,40733268248,2024-09-04 06-44-44,49.48.165.148,-347789826,internet,192.59.77.31,-1751480253,-15757359,29222,-33
huawei,-17,226056842776183,40780487970,2024-09-04 06-43-57,166.36.152.37,787295643,ims,106.228.155.139,1660878313,1245464703,-24508,68
huawei,-103,226057354571554,40719776473,2024-09-04 06-42-53,78.82.246.208,1141912633,ims,90.155.177.131,37297862,-1023262195,12880,10
huawei,-101,226056348466711,40739164168,2024-09-04 06-41-59,144.186.74.27,1928647080,internet,226.28.15.226,-1268000114,-1779012517,13203,91
huawei,50,226054373754275,40746618438,2024-09-04 06-43-48,33.151.65.13,-1600363733,ims,28.151.92.191,-2047255017,737562222,-4470,-56
huawei,-16,226057449100284,40721369687,2024-09-04 06-41-08,205.134.242.49,1597591084,internet,76.220.7.220,825633269,-1264766655,-28028,-18
huawei,21,226054075598819,40707724518,2024-09-04 06-40-59,158.108.172.255,-531876261,ims,78.125.143.199,734898759,-1750181445,-1650,95
huawei,45,226052139647240,40737686961,2024-09-04 06-44-30,32.1.200.230,-192064215,ims,198.16.157.78,1252456963,-378384995,-14740,-33
huawei,-57,226058322583698,40765382055,2024-09-04 06-44-18,68.161.143.249,1222324527,internet,67.76.120.169,1426102764,1980307712,-21794,-123
huawei,-16,226058742235689,40726313202,2024-09-04 06-41-42,100.180.242.189,-1753099241,internet,243.83.220.227,218704568,-524568954,21460,-11
huawei,-115,226055744810115,40731303410,2024-09-04 06-40-28,177.243.243.227,-1163778885,ims,193.41.155.161,-1026719667,382252714,-22867,-118
huawei,-85,226058514496737,40780173332,2024-09-04 06-43-51,219.35.56.12,-1190851335,internet,214.113.25.52,-2051019820,-1932922850,30662,-95
huawei,-33,226059109596723,40719647449,2024-09-04 06-40-20,191.255.171.221,399761130,ims,242.16.82.122,407184210,1674195829,7865,-54
huawei,-114,226057399404780,40769538173,2024-09-04 06-42-41,203.45.168.213,1164844032,ims,145.194.43.194,1511289793,-1888703713,26094,-61
huawei,-32,226056835100207,40745058433,2024-09-04 06-40-09,167.126.0.65,913322180,internet,75.223.180.112,-277026778,2028007594,6248,-83
huawei,-66,226055493938612,40717083345,2024-09-04 06-42-37,73.132.168.161,-814350793,ims,212.228.226.138,183083459,588469665,17143,-31
huawei,73,226054359973242,40756215546,2024-09-04 06-43-58,192.142.229.167,-1234248787,ims,53.215.184.215,451162878,1885921428,-11270,26
huawei,-45,226053889721087,40717489289,2024-09-04 06-40-48,113.76.89.131,-1280810471,ims,186.106.226.29,1638782993,-1268588492,-13703,103
huawei,123,226053102894266,40744564045,2024-09-04 06-40-39,99.98.39.222,600564195,internet,98.149.27.46,1027180285,-1056028039,-664,120
huawei,-47,226055132391726,40737602229,2024-09-04 06-41-48,168.117.38.163,-1942447777,internet,121.173.51.48,-288258665,1900499538,29120,40
huawei,77,226051265626820,40777947656,2024-09-04 06-40-58,251.197.28.6,-2030281866,ims,167.132.21.83,1952514326,-696955707,29364,-68
huawei,89,226055911153389,40747306557,2024-09-04 06-40-38,13.77.75.19,-1353827002,ims,82.64.135.23,47742092,1302806772,15239,97
huawei,-45,226056581973616,40749490393,2024-09-04 06-43-50,192.201.128.252,-747967656,internet,56.167.232.119,-1281483703,-1705696985,-13014,-95
huawei,50,226056216926623,40766520837,2024-09-04 06-43-09,225.86.51.26,-870506125,internet,108.123.49.127,2002584990,-297266030,-29072,-124
huawei,-37,226055338965070,40750538210,2024-09-04 06-41-05,70.70.196.128,-1612431041,internet,227.46.215.74,-624417034,-1595165722,30300,8
huawei,52,226053287651068,40753310945,2024-09-04 06-42-18,176.220.255.63,1024669365,ims,226.39.42.116,442663294,2037086898,-17277,71
huawei,35,226057304384012,40761611742,2024-09-04 06-43-07,128.192.227.131,1516834237,ims,196.98.219.181,1979556165,998531870,19725,-98
huawei,-103,226050271221834,40771152940,2024-09-04 06-44-11,195.18.59.225,408552370,internet,189.113.83.145,-109279165,1759250239,-22536,15
huawei,-111,226052550679566,40791805265,2024-09-04 06-42-53,118.130.204.128,1193797963,internet,36.110.70.6,565207803,-1514817929,-2385,10
huawei,-8,226055634940067,40702636255,2024-09-04 06-40-19,157.181.236.193,-1286388464,internet,147.51.228.27,510225011,-2084479770,22664,10
huawei,69,226054191102068,40704839042,2024-09-04 06-44-39,93.147.49.219,750634633,ims,155.140.188.160,1910611180,-589574979,10353,10
huawei,-19,226056618646030,40742293836,2024-09-04 06-44-59,76.28.131.57,-115288899,ims,14.216.162.146,-91867621,1858790060,8241,-14
huawei,106,226058740255958,40798620899,2024-09-04 06-43-34,121.139.214.34,2080564124,ims,96.133.168.228,-734187183,720094726,10065,-126
huawei,-56,226058027869612,40739767517,2024-09-04 06-44-21,186.196.120.181,-884004691,internet,0.107.71.123,-1303071920,-357801592,-2225,-28
huawei,19,226056954181250,40738272688,2024-09-04 06-44-48,173.151.111.176,153161060,internet,250.175.182.196,-1048703850,1150704769,-23307,-28
huawei,14,226051717926824,40718981723,2024-09-04 06-41-30,58.26.105.120,-811815125,internet,184.96.41.255,-848306715,1916127459,30755,72
huawei,2,226051338129886,40711090406,2024-09-04 06-43-37,165.129.191.28,1090673274,internet,234.116.71.121,919511399,-1676696382,-7331,27
huawei,-121,226052700545994,40706590648,2024-09-04 06-43-53,214.143.244.205,138510329,ims,132.205.96.212,-386798509,-945138004,25936,-48
huawei,-46,226053322694980,40758816071,2024-09-04 06-42-21,102.220.232.0,-1409068897,ims,62.104.132.85,774576520,997588002,6935,-94
huawei,-37,226057830516067,40728353967,2024-09-04 06-40-42,117.31.9.248,-2123561008,internet,42.210.16.126,-1944770121,1640920053,13902,20
huawei,22,226051847302944,40710742474,2024-09-04 06-44-59,166.36.69.254,-52920555,internet,161.8.201.202,559706642,2013091922,-29794,-117
huawei,112,226055910346893,40728945738,2024-09-04 06-44-31,157.119.129.78,-100356814,internet,136.79.158.113,1625765080,-723963518,-4963,87
huawei,-65,226059448188884,40777548209,2024-09-04 06-41-07,97.131.228.133,98135041,internet,96.191.219.202,-1943138150,-728296950,28864,69
huawei,-78,226054165980712,40783872944,2024-09-04 06-41-07,87.223.222.99,151563468,ims,142.59.239.50,488632522,830530069,23493,22
huawei,22,226059122612776,40759122369,2024-09-04 06-44-27,1.18.8.211,745698512,internet,101.78.158.62,-1893091853,-324915027,28384,108
huawei,31,226056988922335,40745955850,2024-09-04 06-41-34,196.134.170.132,1211056239,internet,22.216.44.219,-1840682076,-1125632634,29113,-105
huawei,97,226058198035283,40796936061,2024-09-04 06-42-20,197.212.119.148,-1096430260,ims,43.35.13.56,1843591440,457583575,17538,56
huawei,-39,226057162778686,40753818024,2024-09-04 06-40-58,138.255.10.84,-520942094,ims,3.132.19.120,-1380949943,248038648,-12944,87
huawei,-86,226055162984098,40778952415,2024-09-04 06-40-19,24.212.71.101,1341491933,internet,109.249.77.112,-1990613340,-470400598,-11655,-64
huawei,77,226053316078532,40747515028,2024-09-04 06-43-01,174.122.16.128,207768148,internet,75.75.159.66,-565773032,406681145,18652,57
huawei,59,226054493545896,40766078399,2024-09-04 06-42-30,207.52.61.131,1054050119,internet,150.121.160.204,-1313514330,-633379028,14187,-1
huawei,-29,226054418068943,40755766263,2024-09-04 06-44-36,178.81.69.7,-1676368758,ims,17.104.69.88,1007682148,2050883671,21651,-13
huawei,-97,226050667153050,40701203874,2024-09-04 06-43-53,190.147.160.158,-473200439,ims,214.253.89.93,-1169413473,640796248,-10426,-22
huawei,53,226054465446078,40732071019,2024-09-04 06-40-32,252.34.181.108,662932191,ims,31.220.19.216,-1882159655,757106050,-11728,87
huawei,110,226053757527613,40772142435,2024-09-04 06-41-17,194.16.191.166,-733834734,internet,71.201.114.68,1710143203,1327128368,-19830,87
huawei,-99,226058046080743,40773501865,2024-09-04 06-40-17,75.154.45.158,-1889404595,ims,188.84.215.199,1831145215,1134122989,-15916,-30
huawei,-83,226059455560692,40799759605,2024-09-04 06-41-21,67.143.84.76,-685855852,internet,113.130.187.138,1659105406,885016420,27071,-71
huawei,-95,226055003044098,40729618198,2024-09-04 06-42-03,28.85.76.86,-1513226045,ims,255.160.150.46,-377363558,35593435,16546,126
huawei,-75,226055526749320,40737724910,2024-09-04 06-42-55,211.95.201.162,517013462,internet,180.162.221.243,-1379691453,1476112968,-20534,36
huawei,65,226051305246410,40778052384,2024-09-04 06-43-36,174.8.1.72,602627461,internet,165.184.61.65,359776330,1617474061,24248,63
huawei,58,226052482769057,40736966594,2024-09-04 06-44-05,173.106.62.127,-1746906573,ims,238.182.251.191,-876794594,-2113963386,-1654,-19
huawei,-33,226052658024361,40772491551,2024-09-04 06-44-38,112.148.172.181,7136236,ims,94.218.154.170,1054307172,1432754990,-25869,51
huawei,107,226058689254290,40705785918,2024-09-04 06-41-43,47.50.20.42,-654840306,ims,35.45.247.163,18075876,-1306034375,-5215,86
huawei,42,226051196808489,40730512917,2024-09-04 06-42-36,157.134.145.240,551866434,internet,224.22.248.250,611676383,-462694320,-3821,-57
huawei,39,226058638570673,40760968027,2024-09-04 06-41-43,107.34.171.26,1204732651,ims,247.85.92.134,-1455816782,1321078481,-20905,113
huawei,32,226052791162309,40707987233,2024-09-04 06-42-48,197.229.6.5,912526357,internet,153.13.222.254,1138600457,-1421748100,-3310,81
huawei,-7,226052827761377,40794040955,2024-09-04 06-40-14,14.250.0.109,1026933802,internet,247.12.213.1,-1075298192,-1650770260,-4991,-51
huawei,-66,226050680233579,40742724572,2024-09-04 06-41-41,209.207.75.230,89837546,internet,148.53.85.137,231258535,2097223554,-22682,-122
huawei,36,226058996841371,40711765427,2024-09-04 06-43-01,49.123.238.17,-777787519,ims,42.120.187.161,-617817463,1971393392,5836,119
huawei,-115,226050275667405,40796003626,2024-09-04 06-44-26,176.102.70.116,923773490,ims,118.101.181.225,2044641278,223718961,19851,92
huawei,-69,226052045159613,40715311810,2024-09-04 06-41-36,93.35.224.233,-202193285,internet,93.188.232.229,419733222,-1338271333,-17096,-94
huawei,10,226058393894757,40723148787,2024-09-04 06-42-54,109.222.176.150,-1846573866,ims,5.149.200.66,1563600498,-297681849,20450,-57
huawei,-128,226055867480879,40784943387,2024-09-04 06-40-21,51.247.35.215,1202769607,ims,141.77.51.60,1885046173,-85015114,2543,-78
huawei,108,226059903647803,40756851146,2024-09-04 06-44-15,89.146.25.246,-1794032983,ims,94.37.135.152,-1980303208,984021884,-22006,73
huawei,-55,226059371630727,40773844805,2024-09-04 06-43-21,243.54.75.116,-1033874824,ims,242.170.4.150,1616353723,-2113557519,14281,-6
huawei,-64,226054397118382,40777651922,2024-09-04 06-43-48,211.40.184.51,1943066819,internet,159.119.215.112,-2100205143,1107769756,2984,110
huawei,-52,226053034371049,40784485331,2024-09-04 06-43-02,240.129.68.0,1503962177,internet,29.103.185.7,-214910714,-1942835814,-30560,-30
huawei,40,226053766190162,40738171165,2024-09-04 06-40-01,253.226.72.108,74383340,ims,219.201.95.30,1806566221,1203515200,-30554,-33
huawei,75,226054855975547,40790997053,2024-09-04 06-42-46,228.199.124.76,55787711,ims,172.222.172.125,1094738264,1464251469,-13551,-27
huawei,101,226052354932826,40709153018,2024-09-04 06-40-53,194.217.131.0,-1464399485,ims,27.168.47.185,1470968542,-967038967,30218,-117
huawei,-36,226053048689405,40723952788,2024-09-04 06-40-03,154.66.172.30,963504451,ims,114.211.28.173,1955800811,-1749756704,-10155,-98
huawei,-58,226053798139408,40789106360,2024-09-04 06-44-45,98.165.190.142,-1545440684,ims,214.82.241.208,-1822923692,559052936,-3541,-114
huawei,6,226052624890518,40722052414,2024-09-04 06-41-16,18.243.58.76,-63328630,ims,34.170.157.130,-1907721714,541433268,20052,90
huawei,51,226058166503700,40782926313,2024-09-04 06-43-26,10.78.23.144,2001386627,ims,183.177.60.83,-1571854835,502319073,-14274,74
huawei,-56,226053477152958,40767276729,2024-09-04 06-44-59,215.86.52.79,-1647865754,internet,171.5.243.197,1114443899,186763630,18301,40
huawei,33,226051365097580,40724899648,2024-09-04 06-43-13,41.18.209.199,-1354196354,ims,38.210.219.66,1062889790,-1171114267,6306,55
huawei,30,226059597896652,40715428237,2024-09-04 06-44-03,4.141.165.32,-896524727,ims,220.215.155.42,-388899850,-358604533,22077,28
huawei,-7,226056137403992,40769038963,2024-09-04 06-40-33,70.54.44.196,-1714562363,ims,87.134.131.219,-1762522901,-1308859801,13518,-42
huawei,122,226059138669119,40794880823,2024-09-04 06-40-38,150.124.187.228,-1441754865,ims,245.147.63.150,-1267817644,876773747,25071,117
huawei,31,226055330489159,40796060634,2024-09-04 06-41-49,255.141.229.150,209569558,ims,77.191.163.97,1455833026,618638049,-29811,-93
huawei,6,226057742920827,40761550588,2024-09-04 06-43-07,44.207.90.7,1139765573,ims,185.49.12.23,-736891567,1144152531,-7103,124
huawei,91,226052557580888,40785238404,2024-09-04 06-40-43,69.223.144.222,-356916365,ims,194.170.27.119,-167869201,-1331776346,-15895,37
huawei,112,226056355375122,40764417296,2024-09-04 06-44-44,125.114.149.129,-1180906063,ims,244.29.154.19,-1050412143,700397548,-10124,14
huawei,0,226053635864352,40789799167,2024-09-04 06-42-27,67.135.244.58,-1567949058,internet,112.134.132.206,1129188783,194256656,5442,35
huawei,-36,226057311019202,40779706293,2024-09-04 06-41-23,43.3.144.88,2144131680,internet,91.101.110.86,1514785228,1229453693,-15819,-50
huawei,48,226053586635713,40786022728,2024-09-04 06-40-59,26.10.126.36,-1165600551,ims,254.119.228.172,-87102012,-738486415,682,-108
huawei,-68,226052931427204,40737474995,2024-09-04 06-40-34,254.213.51.192,-554914289,internet,27.39.154.239,-692354071,-1386796237,-3938,2
huawei,27,226056571747827,40787660586,2024-09-04 06-41-09,245.232.182.167,1034947883,ims,190.213.170.3,1112492689,-145717076,-23008,74
huawei,-115,226051485555962,40754450641,2024-09-04 06-42-04,0.110.250.230,-380741453,ims,217.24.111.212,1974215979,1404454243,7628,-114
huawei,-116,226054581238266,40729712746,2024-09-04 06-40-44,157.230.229.91,-25398311,ims,4.87.163.60,801764238,1303797978,21655,-4
huawei,-113,226054784044666,40724390917,2024-09-04 06-40-08,239.64.120.4,-1313662236,ims,163.132.93.158,2042121374,-464528689,-21214,93
huawei,-99,226058850241244,40728573482,2024-09-04 06-40-50,9.120.180.93,-200215633,internet,63.91.232.39,-1358213326,-1339042530,5002,-115
huawei,-49,226059612667280,40760835581,2024-09-04 06-44-30,185.37.97.125,1456185764,ims,218.175.144.131,-1329776427,114545242,5713,-120
huawei,-79,226053994174498,40778942906,2024-09-04 06-41-44,240.163.212.47,1792600227,ims,167.139.150.26,-1986556867,-749270091,-22352,-75
huawei,24,226050281527824,40709910002,2024-09-04 06-40-13,103.192.0.234,1472600160,internet,110.14.108.218,1811343166,690611820,5644,-46
huawei,-37,226059965128382,40751354807,2024-09-04 06-41-58,172.157.219.232,1111661888,ims,197.172.93.18,1099712679,-380961038,-1449,-28
huawei,55,226058161404487,40749587746,2024-09-04 06-42-21,212.36.104.204,484821644,ims,58.8.211.18,525860888,1092301467,1433,27
huawei,26,226059231474972,40783066644,2024-09-04 06-41-51,47.28.46.3,536256166,internet,141.251.115.96,1094276172,-1772365346,-293,-90
huawei,127,226057800724099,40789797940,2024-09-04 06-41-24,188.52.144.250,-245667058,internet,142.180.106.40,-585508964,296714005,26791,-118
huawei,-62,226051779068255,40724819325,2024-09-04 06-41-57,138.83.200.173,-158703106,ims,182.216.226.138,-731867979,1516477449,-6675,53
huawei,90,226058328852362,40751172255,2024-09-04 06-41-50,102.36.58.192,1882477771,internet,7.31.155.117,-65086800,2061052802,23934,108
huawei,29,226058436358575,40724265780,2024-09-04 06-42-17,63.68.133.197,-1795448474,internet,242.125.48.112,-1245001254,-1530733460,-7644,-43
huawei,-91,226051143429052,40769226820,2024-09-04 06-41-29,51.55.225.63,-1718151957,internet,114.216.220.141,-2123332076,-1001208317,-8541,-63
huawei,20,226050941042548,40784991897,2024-09-04 06-44-44,40.1.18.144,2009082524,ims,40.26.146.185,153307682,-1156015901,4257,-2
huawei,-63,226058527972787,40740777647,2024-09-04 06-44-29,158.182.251.68,1201427849,ims,5.96.216.216,-48090236,-2041554986,13470,28
huawei,-21,226052638122885,40733325073,2024-09-04 06-44-34,140.22.35.70,1274765509,internet,112.166.92.149,-1719836542,1990654312,4596,-128
huawei,-11,226053942849739,40763887115,2024-09-04 06-44-17,51.93.124.151,1821180107,ims,80.123.83.43,547752311,221367941,-31228,-30
huawei,9,226058693077892,40721332336,2024-09-04 06-40-10,170.12.51.170,1452188672,internet,32.231.245.72,242247991,-168649907,-9257,10
huawei,-38,226056738833650,40740226914,2024-09-04 06-42-51,227.236.36.250,14402892,ims,16.35.136.144,-295234249,-1682404131,-12285,101
huawei,125,226053353685785,40787626281,2024-09-04 06-43-09,184.233.86.42,645189240,ims,153.214.225.13,-788641897,1115386609,-5481,-123
huawei,29,226056148625386,40787243173,2024-09-04 06-41-40,131.129.218.32,-1481192835,internet,195.167.84.144,-1277529782,-1761930597,27497,55
huawei,-78,226052575873925,40712484447,2024-09-04 06-42-47,126.237.152.110,-2118240894,internet,180.57.25.168,1930625494,-10113967,4696,-8
huawei,69,226059161035567,40790408371,2024-09-04 06-43-19,250.226.21.113,421478933,internet,146.227.208.135,75751345,-383502420,-30602,-68
huawei,-75,226054380038166,40725549648,2024-09-04 06-43-50,226.50.10.79,128194761,ims,202.63.32.150,1144506309,419904978,6806,72
huawei,69,226058256778691,40753463411,2024-09-04 06-43-12,226.7.153.98,1523259652,internet,93.138.244.207,-1698203531,141822282,-17466,-68
huawei,118,226059490863973,40740964178,2024-09-04 06-43-20,104.52.235.76,-1077713799,ims,137.253.36.73,984398974,1799014471,-12474,-11
huawei,107,226052034828689,40786803825,2024-09-04 06-43-58,243.23.88.8,1764560985,internet,224.10.199.135,942750820,-826865472,1902,103
huawei,-56,226058091947873,40794680377,2024-09-04 06-44-31,61.170.180.178,1436880188,internet,116.50.99.193,-883842973,1126502045,-22653,84
huawei,-112,226057748348696,40734964489,2024-09-04 06-43-38,12.17.0.191,1207897839,ims,0.19.230.159,472313208,-910615302,31023,42
huawei,-95,226054317785432,40731220460,2024-09-04 06-43-55,1.68.2.180,2045920879,internet,32.232.3.112,1602264109,-1436883390,-7016,15
huawei,19,226050582398898,40738400393,2024-09-04 06-41-31,92.22.91.141,-2022285195,internet,252.163.68.188,-703306203,-670813155,-28515,-89
huawei,-124,226055201764663,40774003555,2024-09-04 06-44-12,72.70.203.95,-230590892,ims,246.197.69.64,1666857540,-61996058,-4975,53
huawei,109,226050568886329,40787963412,2024-09-04 06-44-29,171.176.28.65,643427190,ims,129.126.27.213,-1148893932,-297124144,-23098,-75
huawei,-79,226054712325198,40763338301,2024-09-04 06-40-42,180.11.228.38,-1915460098,internet,90.27.94.190,-1444655546,-1859563210,-15335,69
huawei,48,226051345451613,40748209166,2024-09-04 06-43-28,207.140.173.172,-1478582856,ims,204.187.184.108,1446240496,527808359,9915,62
huawei,65,226050667346960,40705995315,2024-09-04 06-44-57,121.98.132.100,-507355540,internet,199.230.172.171,1464690077,468424905,300,59
huawei,-127,226059652295308,40761051824,2024-09-04 06-41-45,211.105.70.73,1360531864,internet,2.36.105.72,-488057174,112488169,-18523,54
huawei,62,226055727155674,40757485063,2024-09-04 06-44-45,194.8.220.226,-1518161513,ims,50.114.34.82,1698838724,239754211,14342,2
huawei,17,226059978707810,40717203622,2024-09-04 06-43-23,26.18.125.151,492028412,ims,47.188.177.0,-812236255,8038113,-12220,96
huawei,18,226057338606766,40701547935,2024-09-04 06-41-36,61.29.170.66,997672603,ims,196.245.188.180,-602748410,-1855739719,-25494,-5
huawei,46,226053755522579,40721599366,2024-09-04 06-43-38,218.92.22.13,-1583835547,internet,211.90.68.207,-899252564,2032226675,18929,-49
huawei,-58,226052867394206,40702274892,2024-09-04 06-43-33,155.230.16.229,-902387505,internet,171.171.106.45,150875372,-1586498648,-27092,-62
huawei,-30,226055692090664,40735064646,2024-09-04 06-41-49,166.178.199.246,322249861,ims,69.184.57.176,1177492435,459330882,22867,1
huawei,30,226054876932974,40700344230,2024-09-04 06-43-02,219.5.152.55,1899449959,internet,92.1.98.112,-1504385534,-2050138849,28752,-32
huawei,-20,226051675545141,40799912678,2024-09-04 06-42-51,68.13.240.106,1988434720,internet,117.100.105.80,673308863,-1028227160,5803,-71
huawei,-93,226055274252673,40726045582,2024-09-04 06-42-08,74.186.53.186,1980742628,internet,119.88.147.207,621485179,1665105862,-10394,-123
huawei,-12,226057016537440,40781786278,2024-09-04 06-44-56,90.182.175.227,1563645182,ims,243.85.255.230,-1182411055,-1994588985,16999,72
huawei,-101,226054521877417,40754642713,2024-09-04 06-44-32,132.39.251.254,661361322,ims,153.31.56.51,-245798989,1216742290,-145,59
huawei,-66,226058152520082,40768654498,2024-09-04 06-42-24,140.117.253.74,780229093,ims,219.60.224.208,-241463207,-1774032531,-9265,-122
huawei,14,226050942679798,40786507614,2024-09-04 06-44-29,228.186.143.7,845485284,internet,150.206.5.122,-1044200810,-516715894,5197,-22
huawei,43,226050679789112,40743698046,2024-09-04 06-41-21,215.2.143.60,1616916026,internet,255.254.42.62,130788607,1122807391,-6710,-46
huawei,-46,226055829242592,40789394234,2024-09-04 06-43-55,106.16.253.6,906554655,internet,158.56.30.81,-2013247378,1935649614,-18875,27
huawei,76,226051531655149,40722000278,2024-09-04 06-40-13,239.41.61.91,-2003436761,internet,74.46.101.180,1375075373,1390097162,-8810,-98
huawei,-72,226054781965664,40735585441,2024-09-04 06-40-41,213.240.7.75,439838603,ims,243.16.77.67,-148667196,-2064950595,-3207,-1
huawei,-102,226050378487525,40770843734,2024-09-04 06-41-41,193.129.120.255,-1904500161,internet,142.150.29.196,-164517517,-1740648162,25583,-71
huawei,31,226052259326065,40784982981,2024-09-04 06-40-02,2.12.28.81,930692229,ims,59.50.196.123,-593405909,2122578203,31960,39
huawei,-49,226053524394639,40710539282,2024-09-04 06-41-54,248.219.127.248,1209908816,internet,149.199.112.164,725287590,-1184099412,17629,12
huawei,119,226054059334792,40765048756,2024-09-04 06-40-17,98.221.12.97,1139128091,ims,231.224.242.206,-1999465950,-1340477903,25846,113
huawei,-28,226051383922044,40708809993,2024-09-04 06-40-23,83.129.8.236,-43647883,internet,243.4.84.115,452814950,17034861,-9156,-109
huawei,104,226050274859592,40795705345,2024-09-04 06-43-20,245.229.17.47,1885571013,internet,125.92.141.45,-2061468844,-1652715248,-17107,32
huawei,-89,226050340401613,40762167593,2024-09-04 06-42-54,156.2.85.179,1543760687,ims,80.233.58.13,-2013051745,480692838,24737,51
huawei,18,226058075873522,40702162279,2024-09-04 06-42-36,203.71.237.218,-1077729219,internet,65.8.150.34,1711907380,-703656841,-16327,-107
huawei,-30,226053654312170,40747782263,2024-09-04 06-44-06,188.162.148.72,-1585008330,internet,218.245.106.130,1598686870,1315230893,-13599,-95
huawei,24,226052290412696,40773540006,2024-09-04 06-42-30,142.69.100.189,-39560794,ims,117.117.232.163,210818750,-681360486,30304,-28
huawei,-88,226056478408176,40717973634,2024-09-04 06-40-14,111.109.72.64,-681926734,ims,0.32.146.245,1761052066,106679659,22630,-14
huawei,-60,226050375166146,40772273611,2024-09-04 06-40-01,232.194.124.198,-658008544,ims,195.255.244.110,217897902,-745212003,8960,63
huawei,-107,226057348258432,40706124298,2024-09-04 06-43-57,115.5.203.176,-141529085,internet,50.197.49.208,-333630739,1359759326,-28610,-125
huawei,15,226056209580207,40746407278,2024-09-04 06-40-32,165.170.143.30,-782434044,internet,89.132.173.218,-1471171906,1392545821,-27657,-87
huawei,-79,226050553046926,40790506065,2024-09-04 06-42-04,136.114.100.238,-1031718450,internet,229.85.239.189,-678712855,-1457783843,-12230,-30
huawei,-109,226054804040270,40718193597,2024-09-04 06-42-31,239.51.243.133,2073984946,internet,40.169.125.161,985028225,-2044352846,-25807,41
huawei,-34,226056448652530,40745570408,2024-09-04 06-41-10,1.43.219.150,337931378,ims,99.185.232.34,2109859904,-1278990660,-8883,-14
huawei,-105,226056339367856,40752243556,2024-09-04 06-42-31,75.234.148.80,-1737904121,internet,154.246.207.118,-1614660741,1299594821,-31320,-18
huawei,-18,226058904980796,40796826117,2024-09-04 06-40-33,207.39.174.178,1307122928,ims,110.234.85.131,-1334134399,-1223204494,23000,-64
huawei,94,226055034193312,40787572441,2024-09-04 06-40-55,95.255.191.66,-1318258084,ims,61.183.242.229,-417546360,487033819,-15144,114
huawei,49,226051081250161,40781682063,2024-09-04 06-43-54,3.231.9.62,-44065182,ims,29.193.77.171,-2007849765,1667507666,6171,-111
huawei,-45,226058510328484,40782487517,2024-09-04 06-43-09,148.37.217.180,-1542107121,ims,146.141.230.1,-1949447762,1049881047,32175,25
huawei,46,226054750398952,40769156580,2024-09-04 06-42-18,6.132.130.1,-1831657374,internet,163.160.244.164,1170479979,-129303882,24357,-123
huawei,-56,226055711766839,40710866143,2024-09-04 06-42-49,37.199.101.142,-555883286,ims,220.64.200.222,-581336770,398225746,31119,48
huawei,17,226051070758847,40708801192,2024-09-04 06-41-53,19.243.65.236,1026583451,internet,1.35.124.78,2127757777,-197203505,27493,118
huawei,-115,226050801977926,40783882173,2024-09-04 06-43-28,17.44.174.208,830064440,ims,242.14.106.197,-283351807,296024656,7403,-96
huawei,-117,226052381843621,40706201451,2024-09-04 06-42-18,148.222.130.21,1548533437,internet,216.143.126.226,-1349763542,-1519521771,4749,126
huawei,22,226055573069546,40791665179,2024-09-04 06-42-45,144.226.115.233,-139633867,ims,180.39.90.156,1292019402,-1463597771,5897,103
huawei,-32,226051158673365,40724267064,2024-09-04 06-42-43,44.253.114.167,-237183232,internet,201.240.114.149,472307134,357485325,3163,-41
huawei,-30,226051234147144,40710616589,2024-09-04 06-44-01,147.38.190.248,816731239,ims,13.216.109.220,2094874355,669643190,-10025,-40
huawei,28,226052955375650,40713555616,2024-09-04 06-40-45,208.188.13.81,1318832888,ims,42.235.248.14,177704437,-1069868878,18041,36
huawei,-53,226058609518323,40775825954,2024-09-04 06-44-29,167.61.52.165,-1689253366,internet,79.139.4.80,1383555581,-819100219,8024,20
huawei,-127,226056731920169,40703852730,2024-09-04 06-42-19,35.248.104.126,422296795,ims,33.141.132.100,50577628,1078109723,17967,57
huawei,79,226058094604245,40757008275,2024-09-04 06-42-05,6.85.84.55,2027497059,ims,110.245.186.160,594207356,1026039897,-32153,-68
huawei,3,226056094949398,40784487596,2024-09-04 06-42-55,230.46.183.26,2110239604,ims,77.251.197.235,627018245,-909388912,-11820,-71
huawei,-96,226053289980496,40782788204,2024-09-04 06-44-44,115.55.191.227,1408066707,internet,35.150.84.160,760217365,-1822581302,-2526,30
huawei,43,226056929430094,40780109943,2024-09-04 06-43-58,223.93.63.34,302908553,ims,14.236.249.19,630795181,773685677,-6011,-54
huawei,52,226052606136700,40705268483,2024-09-04 06-41-55,222.128.67.228,-475498174,ims,15.69.224.69,1322318250,-423405825,10426,40
huawei,-23,226054937289219,40797985300,2024-09-04 06-42-54,60.189.23.17,-898759864,ims,27.61.240.10,1429994827,-2101661428,26877,-83
huawei,69,226059160722868,40724969011,2024-09-04 06-43-58,184.149.12.166,659007594,ims,248.10.13.158,-381440641,2040399846,-25209,-112
huawei,-56,226057806188128,40792178975,2024-09-04 06-41-33,215.102.56.164,880326580,internet,96.201.149.244,1647778137,-702592934,14519,50
huawei,-42,226056333789251,40798725060,2024-09-04 06-44-19,234.97.118.119,2055996724,internet,94.136.254.146,668497110,-2020065442,-4897,53
huawei,-95,226054716790478,40789504097,2024-09-04 06-43-05,86.228.151.118,-1434802245,ims,12.247.67.129,-1797239955,1103538925,9026,-35
huawei,49,226057898460579,40765784753,2024-09-04 06-43-31,24.89.122.141,619830342,internet,186.2.66.112,177425587,921132205,-25864,99
huawei,-20,226059725757379,40787157283,2024-09-04 06-40-07,39.179.181.135,239771393,ims,131.222.26.176,1776612022,-1100857295,-8651,66
huawei,-115,226052281879986,40788424883,2024-09-04 06-44-52,118.222.51.212,-451935566,internet,63.255.110.176,-7750074,1009068956,-29711,63
huawei,95,226054262850407,40772140801,2024-09-04 06-44-09,41.7.104.28,-154561002,ims,200.206.188.204,229666252,1792675401,-11157,104
huawei,10,226054002947687,40745990809,2024-09-04 06-42-28,144.203.48.207,2114442870,internet,107.80.49.232,-1988218280,862587659,-4291,50
huawei,-100,226050369057632,40793497050,2024-09-04 06-43-36,16.173.12.9,422149769,ims,120.225.231.151,-1800975970,-1963590952,-20608,-8
huawei,-35,226052212446999,40704476847,2024-09-04 06-43-19,142.115.234.106,1322235323,internet,254.221.111.111,1858989495,-1519274316,3881,87
huawei,-106,226055293380034,40784092967,2024-09-04 06-44-06,209.73.235.194,1944329212,internet,33.121.146.105,-1726651192,-2115798852,-558,71
huawei,-48,226051403436662,40712909046,2024-09-04 06-42-17,225.136.185.104,-750809357,internet,187.27.79.199,-1913429712,-1275511994,9514,-56
huawei,-22,226057360774841,40750460642,2024-09-04 06-40-18,96.7.244.139,-69313438,ims,197.93.188.60,-1275672750,-1871444062,27772,-60
huawei,-79,226055819228372,40734369452,2024-09-04 06-43-53,160.61.73.160,329691676,internet,221.37.103.132,143821457,138622698,-10677,117
huawei,12,226053460995711,40704264844,2024-09-04 06-41-03,71.146.243.166,-1014695044,internet,179.184.20.117,-2000515464,1006874372,-31059,-66
huawei,98,226054573836834,40745878231,2024-09-04 06-41-13,155.178.130.22,1963937128,ims,33.102.52.16,-182327549,-1864217931,11707,22
huawei,40,226057471151090,40758109868,2024-09-04 06-43-34,122.156.23.246,1144206993,ims,240.67.114.100,-510781794,-657758434,26683,93
huawei,36,226050666252499,40703864965,2024-09-04 06-43-55,229.169.137.200,1454157330,internet,206.101.181.26,-560653422,1117528714,-29315,-55
huawei,-97,226058111490919,40757613909,2024-09-04 06-41-28,173.226.133.59,-1154453335,ims,36.213.31.90,-1148889099,-1821691848,-28374,87
huawei,118,226056293009979,40756759993,2024-09-04 06-43-14,65.59.130.86,1963154558,internet,213.54.250.62,206782153,-1460902033,11176,-10
huawei,86,226051344542533,40771031766,2024-09-04 06-40-24,78.181.132.31,1897861982,ims,7.234.185.224,-616953951,1831373499,20515,4
huawei,12,226056634581357,40734065300,2024-09-04 06-44-28,240.193.238.201,810939264,ims,193.111.178.20,1840195964,1339463482,18335,-67
huawei,6,226052128840552,40735059942,2024-09-04 06-44-07,221.231.235.42,-978257312,internet,219.9.81.201,-676421806,808852494,-17759,-60
huawei,37,226052122332979,40759964641,2024-09-04 06-44-54,84.15.0.49,-1447125037,ims,40.233.228.120,123898306,-2043931934,29450,-13
huawei,84,226053363261548,40766840625,2024-09-04 06-40-41,166.138.193.103,-443754386,ims,81.158.167.94,-1615905247,597961675,-8367,103
huawei,-28,226057763736239,40730473252,2024-09-04 06-43-32,106.214.210.77,-1895641728,internet,7.155.187.194,848357509,-818820869,19983,-60
huawei,94,226057044068201,40716966401,2024-09-04 06-41-33,40.56.187.85,987822915,ims,204.4.131.17,513842765,1074287012,-19501,12
huawei,12,226056265178343,40755356489,2024-09-04 06-44-53,51.21.55.143,-892337570,ims,43.233.129.19,1724911355,497208507,25576,-59
huawei,0,226059895018456,40756906087,2024-09-04 06-41-33,251.13.115.177,1549325785,ims,11.162.218.132,-9475124,304734387,31539,125
huawei,86,226054096358014,40700110525,2024-09-04 06-42-21,13.107.166.49,1278848848,internet,208.103.161.40,-491141008,2051855652,-13851,-18
huawei,-102,226059892328201,40795483731,2024-09-04 06-44-57,189.64.28.189,-253079998,ims,48.44.188.64,1221986248,-694160428,11847,15
huawei,-124,226053218478056,40745655739,2024-09-04 06-41-05,6.241.65.91,-648596006,internet,218.240.207.207,-579522529,-882686073,-32683,18
huawei,-21,226058559591098,40706324440,2024-09-04 06-42-41,211.252.227.2,-539974171,ims,213.26.28.162,-681773281,518884444,-3921,120
huawei,64,226056483850260,40709466953,2024-09-04 06-42-59,246.215.144.70,-448411820,internet,91.176.26.99,-69823992,-1473464468,-4103,-41
huawei,-63,226058762826509,40710203110,2024-09-04 06-43-21,184.53.124.150,1096831236,internet,216.199.55.60,-1745670501,-711713137,-6853,0
huawei,-102,226053786815125,40736362019,2024-09-04 06-40-56,80.47.96.179,-1418966259,ims,109.94.89.8,-346270299,923328914,5221,-89
huawei,82,226056647901035,40751134518,2024-09-04 06-41-52,7.196.63.8,986331839,ims,89.43.172.231,1973303203,-1928706230,-15854,2
huawei,-122,226052853788325,40774659111,2024-09-04 06-43-45,16.97.116.78,-1953645376,internet,76.127.100.94,-411337407,-192350630,-8784,26
huawei,96,226054564131955,40702747166,2024-09-04 06-44-40,162.251.126.53,1497492169,ims,79.249.211.143,1475021208,-1676236581,-16526,104
huawei,53,226051656445330,40776522534,2024-09-04 06-44-53,159.169.116.100,-1428162181,ims,243.216.119.21,457473262,-1702644108,-4486,56
huawei,-18,226053212406050,40705240525,2024-09-04 06-42-56,21.81.0.208,887286013,ims,239.199.63.96,153968707,-1692988696,15508,-21
huawei,97,226058688023886,40779168904,2024-09-04 06-41-38,34.237.250.26,-155037917,ims,65.10.101.3,-1245674573,-1260394071,-21383,-77
huawei,71,226051645499844,40738319091,2024-09-04 06-42-59,62.128.252.181,2079559779,internet,124.89.45.80,342894105,-66089389,-19237,37
huawei,81,226052529174925,40728463757,2024-09-04 06-43-51,1.191.155.199,494727584,internet,3.239.49.118,879781329,-1809649954,-20460,-90
huawei,64,226054593065852,40727729405,2024-09-04 06-42-41,106.182.16.249,-444562103,internet,252.208.115.162,-1187029166,1457970522,-14372,100
huawei,-35,226057035079990,40725738700,2024-09-04 06-40-15,181.123.38.181,-97020136,internet,43.64.34.98,-1560905324,-1773972175,-26123,100
huawei,96,226053710053211,40731039990,2024-09-04 06-40-26,159.123.65.244,-397156782,ims,250.240.251.75,-1517857106,783381082,1659,33
huawei,-86,226057280532173,40747039706,2024-09-04 06-40-29,89.180.203.197,99794843,internet,172.57.33.236,-1531872503,-2020897054,16173,110
huawei,39,226051320866967,40789419668,2024-09-04 06-43-43,181.34.106.216,1518921832,internet,184.147.87.62,1274526730,1803666532,-15811,76
huawei,-119,226057860685093,40713219839,2024-09-04 06-44-07,102.56.212.238,-1674435208,ims,129.140.87.62,2039036548,822064774,29551,-89
huawei,-61,226058442139561,40713479328,2024-09-04 06-44-29,180.142.152.116,-278282690,internet,71.31.16.15,-1399070763,-1998846199,29842,-123
huawei,20,226053218550134,40770181737,2024-09-04 06-40-53,11.176.142.70,-1865299253,ims,94.78.49.176,437880806,-1597417088,-24530,-56
huawei,-119,226050295768891,40782702898,2024-09-04 06-40-48,136.201.192.249,1203236625,ims,2.91.228.133,252160565,-1125258440,9153,9
huawei,15,226057315069789,40763158383,2024-09-04 06-43-12,198.242.131.194,1093072878,internet,221.103.157.74,614105949,291843019,23715,120
huawei,-32,226051225768626,40715675618,2024-09-04 06-40-11,32.255.178.156,-1594061721,ims,126.149.239.176,633418870,5399240,21860,77
huawei,122,226050628207158,40788629371,2024-09-04 06-42-35,207.163.186.99,-1023552707,internet,145.85.254.100,1745189155,-1769447705,-29810,-43
huawei,-35,226058212376304,40739259086,2024-09-04 06-42-36,72.217.169.238,764893914,ims,175.245.252.164,1049141949,-862950613,-23729,-100
huawei,88,226057417538113,40733758348,2024-09-04 06-43-29,90.226.177.142,1285601490,ims,30.29.167.176,-1119582194,-1571967486,-4772,-63
huawei,-49,226051682024414,40715131959,2024-09-04 06-42-04,191.176.10.128,-333530273,internet,204.11.54.99,1702852869,1791223303,-7803,88
huawei,80,226053169433615,40776446989,2024-09-04 06-42-08,74.246.125.221,1144369023,ims,40.182.98.243,324881145,1560651948,27396,-33
huawei,-82,226051227529865,40779149069,2024-09-04 06-43-21,253.96.182.151,34432387,internet,104.152.136.34,1461297391,1771442145,3308,-81
huawei,-82,226054964611880,40725255203,2024-09-04 06-40-21,187.172.4.52,-199651878,internet,160.254.60.213,194130783,279991384,-16548,69
huawei,7,226058548540460,40792817750,2024-09-04 06-44-15,230.209.58.192,1779417671,ims,236.244.239.194,-380435367,1104929018,-30224,38
huawei,43,226055404525302,40770063372,2024-09-04 06-43-24,198.203.108.229,-1489911124,ims,0.21.173.203,-625606017,-16576697,-28984,81
huawei,-63,226053314716290,40704329234,2024-09-04 06-42-28,36.127.83.135,3440244,ims,217.181.145.219,1812647282,-382489183,9540,-66
huawei,-39,226051176311828,40780029450,2024-09-04 06-40-04,209.130.120.48,-462254567,internet,169.120.176.224,951785059,-132234459,-12512,-85
huawei,95,226052151168926,40714969100,2024-09-04 06-44-21,127.2.128.72,1468544066,internet,227.16.55.247,-884988263,-975375129,30713,-19
huawei,-63,226053089958415,40769481038,2024-09-04 06-42-57,232.47.163.60,1283676411,internet,34.196.180.210,-1645927465,1652720962,22198,-25
huawei,115,226052336511853,40771489849,2024-09-04 06-44-39,48.251.122.161,-1011079257,internet,249.137.231.235,299449488,1324182481,-23935,61
huawei,-91,226057881047405,40730440865,2024-09-04 06-42-05,11.159.143.200,-803446848,internet,164.76.97.61,1748182670,-1244106200,-11420,-15
huawei,-104,226058527227616,40749512475,2024-09-04 06-44-12,57.91.86.134,-1833939477,internet,117.125.111.184,-2117264444,-1474198273,-12787,55
huawei,42,226054654058295,40778530897,2024-09-04 06-40-52,135.20.28.184,1126924318,internet,205.61.15.170,723797731,898684154,24048,-54
huawei,-14,226058411816624,40735779027,2024-09-04 06-40-52,129.173.73.213,787262942,internet,179.159.172.109,336213203,76474781,-2185,-3
huawei,38,226051420097796,40705186016,2024-09-04 06-43-22,149.182.170.14,486335900,ims,43.98.200.143,12016180,1388586400,2385,-14
huawei,92,226051402820925,40763336744,2024-09-04 06-42-22,244.89.224.107,-1600456838,internet,101.192.133.229,472817621,-262888958,26409,-110
huawei,71,226056482376873,40735534848,2024-09-04 06-41-59,137.41.90.123,-802099728,internet,57.11.227.9,-563714125,-755493220,-8857,-102
huawei,-106,226055042460242,40787996238,2024-09-04 06-41-01,230.220.215.28,-1869966211,ims,164.255.193.181,1652321009,-1628942344,19154,-114
huawei,2,226056491421855,40750341405,2024-09-04 06-43-22,174.194.160.192,1563178333,ims,52.56.83.173,-1900519694,1040127418,-12390,-125
huawei,9,226059257995712,40784485788,2024-09-04 06-42-29,99.61.65.208,-1804478516,ims,146.95.159.227,-499840811,891391768,9687,16
huawei,43,226055566285664,40754263323,2024-09-04 06-40-20,37.225.147.85,1597087436,ims,251.28.37.163,-1875495491,-163162517,7168,-112
huawei,26,226054415043727,40702876027,2024-09-04 06-40-32,239.91.115.120,-692602672,ims,21.156.145.29,858797655,1924950866,2967,119
huawei,-89,226059859120608,40742013987,2024-09-04 06-44-31,49.186.213.69,-1644322132,ims,129.118.249.243,860440662,-71337668,16950,-13
huawei,111,226056073838223,40790467507,2024-09-04 06-41-23,230.210.41.192,1258341441,internet,181.160.198.33,723267132,-1018160086,1720,25
huawei,87,226051364075823,40737516381,2024-09-04 06-41-58,209.131.196.205,174657360,ims,234.0.6.46,-1306887042,-580133716,-1282,-1
huawei,115,226050889601922,40774658682,2024-09-04 06-41-56,98.1.98.150,1641757306,internet,247.126.239.122,-1626741727,-1812595744,-7751,-49
huawei,100,226059739278830,40723137631,2024-09-04 06-40-08,113.88.187.134,-234713648,internet,230.199.77.233,-2003012611,390366112,-3273,0
huawei,123,226052952139942,40732389755,2024-09-04 06-40-10,153.129.18.48,-704330962,ims,255.158.239.157,-1665470127,1815463584,7213,-77
huawei,53,226050199764685,40782758449,2024-09-04 06-41-45,254.169.239.6,-705293203,ims,28.205.118.55,-1067563058,-1740510584,8930,-90
huawei,-3,226053057023109,40744645841,2024-09-04 06-42-18,149.81.117.35,1796603995,ims,164.196.19.78,2138622707,-2117103898,8083,-53
huawei,65,226056205893704,40704524591,2024-09-04 06-41-22,77.251.216.151,600501211,internet,110.180.89.172,1264035525,557372685,19465,-10
huawei,-35,226058026666908,40746963770,2024-09-04 06-43-50,242.125.8.212,1126408916,ims,164.53.199.195,-1623005389,1550171737,19133,-127
huawei,68,226057941587643,40788548327,2024-09-04 06-44-56,236.34.13.150,448830203,ims,107.100.187.51,-318868162,-1891869915,2603,-51
huawei,32,226059859598255,40702721332,2024-09-04 06-42-25,95.79.149.134,543608689,internet,199.99.145.53,-1969581382,2085624066,-8938,41
huawei,-124,226057979279925,40777882580,2024-09-04 06-40-22,123.168.234.122,-1155708698,internet,51.63.31.157,180314739,1779395541,28958,22
huawei,80,226057317707039,40713833655,2024-09-04 06-40-32,100.169.243.46,-980748279,ims,188.73.82.39,1625574389,-2109133992,-19907,-82
huawei,-42,226058603800624,40750653837,2024-09-04 06-44-08,224.0.79.223,121833070,ims,127.72.230.82,-1448228868,-545282727,20795,15
huawei,56,226051269571154,40747342195,2024-09-04 06-41-20,147.6.22.21,-737149476,ims,31.208.48.248,-431047304,430996163,5847,-123
huawei,55,226057747122150,40793018412,2024-09-04 06-44-38,156.232.118.254,1048980881,internet,60.192.38.64,-393994963,793823355,13721,-127
huawei,-56,226052425505445,40779893487,2024-09-04 06-41-51,136.117.161.158,-840369070,ims,196.5.70.164,263692598,1644313166,-8424,81
huawei,-35,226054465289281,40764565709,2024-09-04 06-42-32,5.138.185.121,-221561613,internet,102.49.186.232,1419764861,-1820334536,1813,-19
huawei,-1,226054495105009,40764738098,2024-09-04 06-41-23,111.4.98.137,215431300,internet,208.245.9.225,-252633958,1209261772,-20248,-66
huawei,62,226057644221959,40756600697,2024-09-04 06-42-28,172.12.57.64,540081085,ims,151.174.141.162,-514878374,916667545,10514,72
huawei,-113,226057115617193,40789956248,2024-09-04 06-43-17,157.162.39.8,-528951089,ims,254.110.227.168,-1359841882,207126395,15904,-21
huawei,-97,226054946020550,40717797829,2024-09-04 06-44-47,246.193.184.39,59425895,ims,155.235.116.52,-489634019,1904416380,-28940,66
huawei,-55,226056595039094,40796730571,2024-09-04 06-43-22,40.79.83.21,-1659626700,ims,13.169.80.124,1241698438,1345729140,-24656,-62
huawei,38,226054365632911,40726323674,2024-09-04 06-41-10,73.19.57.164,309632743,internet,101.159.16.86,-1488091168,397091996,-23948,-123
huawei,-88,226055954246386,40790821565,2024-09-04 06-43-23,158.62.169.154,1185323248,internet,41.132.235.26,707004415,1698929001,24516,-59
huawei,92,226053663014665,40717490721,2024-09-04 06-44-17,240.226.124.235,2056315095,ims,213.69.89.51,-904263970,366767065,20990,119
huawei,-13,226057091274563,40730202179,2024-09-04 06-43-43,9.176.127.173,2040632856,internet,13.255.24.250,-1441236431,-119921872,-6001,25
huawei,109,226055389074274,40703103744,2024-09-04 06-43-15,201.215.66.19,508255718,ims,141.158.96.146,-1474904041,671051827,-22024,119
huawei,-53,226052255024771,40735165245,2024-09-04 06-40-53,118.116.10.102,473532803,internet,136.228.208.8,-416648525,1553681145,4547,90
huawei,-92,226057445347279,40703805097,2024-09-04 06-43-23,96.201.190.219,158640486,internet,91.29.176.225,2100483210,-295150144,24470,-47
huawei,104,226050553431641,40758218568,2024-09-04 06-44-44,40.90.16.143,-1122754443,ims,240.125.27.66,1977742309,-292935333,-3744,115
huawei,33,226055893022841,40784469937,2024-09-04 06-40-11,2.125.102.58,2042007812,ims,161.134.42.209,1611273125,396031427,-12958,-1
huawei,22,226055722953252,40715352954,2024-09-04 06-40-15,39.66.55.9,-1981585094,internet,155.67.73.108,1727380655,-1570598165,3850,38
huawei,-35,226058228198038,40761351505,2024-09-04 06-42-09,238.176.41.35,-835782510,ims,57.114.103.19,2022266271,1597534821,20269,-36
huawei,31,226058926676288,40754835035,2024-09-04 06-44-30,27.174.208.37,371611015,ims,126.55.79.136,2073014897,-2036222458,5940,54
huawei,10,226057487497569,40778023785,2024-09-04 06-41-47,5.195.50.190,1021905297,internet,160.251.175.140,479688130,-1294628089,-3273,108
huawei,88,226056283063726,40793310982,2024-09-04 06-43-56,98.174.141.41,484000898,internet,78.87.174.31,1039378261,1542443681,20203,15
huawei,97,226059055903980,40754632971,2024-09-04 06-43-16,214.188.124.58,-1700383787,ims,33.213.126.237,-516996468,-664653120,-20098,123
huawei,-18,226057230233106,40795359650,2024-09-04 06-41-40,203.190.94.30,182433294,ims,67.238.146.136,1049809498,-581032670,-11360,22
huawei,-47,226054200553588,40712626273,2024-09-04 06-41-20,10.196.210.192,2035144216,ims,210.47.112.168,358301630,1931799919,23557,-51
huawei,33,226058266203863,40738114820,2024-09-04 06-40-38,227.177.26.133,1960808172,internet,128.83.20.182,789195647,773362825,-28921,112
huawei,65,226050352984539,40766186826,2024-09-04 06-40-53,174.65.34.73,-1939829443,internet,189.131.120.24,-191734977,1435184764,1241,41
huawei,92,226055696187287,40714254920,2024-09-04 06-42-42,200.223.175.136,1144127033,internet,153.189.122.96,-40399774,51208824,-17729,-111
huawei,-58,226053763132500,40741816773,2024-09-04 06-44-31,205.119.207.200,1903136901,ims,148.112.55.53,-398086144,-2102418817,23529,93
huawei,15,226054706212199,40703054452,2024-09-04 06-41-15,242.233.199.131,-125054182,internet,14.85.227.4,-1792480823,1922203382,-9886,122
huawei,45,226056707791019,40788434052,2024-09-04 06-44-00,52.238.235.176,-1619378449,ims,10.241.206.162,-2105044027,-1844200655,-17354,75
huawei,-93,226053406335553,40754441158,2024-09-04 06-40-43,246.93.129.159,1973091001,ims,16.9.81.149,-1160865741,1943526134,-21182,-18
huawei,-68,226059166699091,40743958247,2024-09-04 06-43-37,251.22.239.255,820475451,ims,206.64.51.226,425141580,-713405010,-28801,65
huawei,-65,226051916855165,40704398569,2024-09-04 06-41-18,98.59.133.72,728968828,ims,80.47.67.27,-346066886,-582392632,27553,-126
huawei,-36,226051760052468,40779342216,2024-09-04 06-41-44,48.95.154.253,256960126,internet,230.209.125.77,1693702720,-1631553105,-4885,96
huawei,99,226059596937050,40764020214,2024-09-04 06-42-07,254.191.221.26,29479848,internet,136.64.204.215,-1667207422,-1282379997,-6400,77
huawei,-89,226056824077742,40725407813,2024-09-04 06-41-24,3.215.92.164,-1044398361,ims,187.203.25.59,-1340274585,-1165757188,5791,31
huawei,-60,226050826287778,40797639838,2024-09-04 06-44-45,92.84.88.77,1848089919,ims,240.165.214.188,1841869207,1005893111,-31351,-46
huawei,-33,226057299654454,40768908186,2024-09-04 06-43-58,58.46.156.30,-1296960557,ims,46.140.86.26,-1009995336,-1377549054,-2468,-116
huawei,-90,226052771926381,40786465450,2024-09-04 06-44-46,176.96.55.214,108797788,ims,222.197.224.14,1198431764,212031173,-26748,-101
huawei,-118,226059062468764,40751830441,2024-09-04 06-41-55,247.228.243.6,1900391952,ims,238.252.42.148,-1735797164,-1549195818,22308,106
huawei,-63,226058506250329,40774362681,2024-09-04 06-43-14,161.216.229.95,-1259940616,internet,121.214.143.114,1559410740,-1901351391,18024,-120
huawei,-65,226053772869253,40776349913,2024-09-04 06-42-20,160.206.79.42,-1386299360,ims,33.80.126.20,1315708743,-2130408986,22054,73
huawei,44,226055295664365,40788967115,2024-09-04 06-40-19,178.5.36.212,-1131032131,internet,90.199.222.231,-2147218412,1878378330,25162,107
huawei,-125,226052719912473,40789803974,2024-09-04 06-41-20,193.138.238.83,1548334027,ims,162.203.189.218,1419887455,915409295,-21456,114
huawei,27,226051805097682,40708881874,2024-09-04 06-44-21,147.19.94.190,1283482254,internet,61.228.167.93,-1968081675,539004592,-20045,-112
huawei,-25,226056524558776,40793162488,2024-09-04 06-44-00,30.195.222.52,-1062185364,internet,235.171.220.217,-918101926,290306630,9883,92
huawei,-95,226056173722775,40726848433,2024-09-04 06-41-02,163.249.71.36,-919305487,internet,217.70.124.102,1957421880,-1669993630,14879,-17
huawei,-101,226054863266754,40734357374,2024-09-04 06-42-37,37.65.107.137,-1995094525,internet,60.111.247.43,1123763871,-1049071360,24421,39
huawei,-52,226058321551395,40757457302,2024-09-04 06-41-37,164.229.103.96,1051451872,ims,172.40.243.29,-991304384,-836578575,18074,-31
huawei,60,226055076185538,40788011331,2024-09-04 06-40-04,163.140.243.189,-51068792,internet,87.134.163.19,1132574849,1932935094,-726,-22
huawei,118,226054649439300,40738662579,2024-09-04 06-42-48,106.28.23.248,-1992875320,internet,45.74.77.196,2143002586,-675356904,-11953,-116
huawei,-26,226056222932226,40757800513,2024-09-04 06-43-35,135.221.151.32,771802461,ims,77.147.157.170,1636807229,916087148,11325,55
huawei,41,226053779800859,40749191116,2024-09-04 06-40-16,79.8.68.46,-424322598,internet,3.7.164.210,242656512,-628470699,20074,43
huawei,-111,226059833656276,40710709512,2024-09-04 06-44-54,153.228.242.45,289064558,ims,1.163.247.232,413334679,1534222157,29961,31
huawei,-81,226052816466439,40704958531,2024-09-04 06-40-48,206.100.198.162,2025497491,internet,124.144.65.129,1338349703,1931096666,12249,-113
huawei,97,226055182996049,40706498544,2024-09-04 06-44-22,30.219.92.48,1893242300,ims,232.32.69.219,-1208581343,530523732,-8859,51
huawei,109,226051797903544,40744207354,2024-09-04 06-44-59,116.226.78.145,-1200461215,internet,127.137.205.86,202988929,-1812426143,-3709,98
huawei,-60,226053118718783,40799541445,2024-09-04 06-40-24,72.65.29.146,-1782560197,ims,150.182.194.39,126397607,993826619,9992,-122
huawei,-105,226056659184594,40775130068,2024-09-04 06-42-09,86.69.215.175,1938474224,internet,252.123.251.49,-696034214,-1991985995,67,25
huawei,54,226050641125929,40726803655,2024-09-04 06-44-20,159.188.117.47,-122141468,internet,214.38.163.115,2141559998,-1837404255,31246,-107
huawei,125,226056420547375,40742594118,2024-09-04 06-43-28,197.194.201.37,1190521210,internet,40.198.189.28,-1509017043,-1297361329,25486,73
huawei,-13,226056122091767,40707101991,2024-09-04 06-40-46,215.151.236.47,-1064431548,ims,48.203.185.57,-1559481280,153762382,-13820,40
huawei,43,226056380112640,40791714648,2024-09-04 06-43-02,79.121.103.150,-910505698,internet,44.130.154.251,-1244544206,1858004025,18062,96
huawei,-42,226052226622317,40704292409,2024-09-04 06-42-09,36.85.18.128,2009886225,ims,186.126.107.114,-1738987372,1617923841,-31199,50
huawei,-15,226051553357752,40773672533,2024-09-04 06-43-19,138.104.139.140,-1273837422,internet,6.97.34.208,-1020097455,-1558351342,-32027,-45
huawei,-112,226056117164724,40732329429,2024-09-04 06-40-29,46.38.144.195,1320535120,internet,141.1.197.211,1917519892,-1146744689,22989,-84
huawei,-18,226058201067003,40759908121,2024-09-04 06-41-40,170.38.64.193,-1512707353,ims,33.200.52.128,-343944997,-1775703049,-29048,-71
huawei,0,226057836484238,40700105779,2024-09-04 06-42-23,225.194.226.178,1402527896,ims,145.108.238.9,-133016047,-1927530122,19630,-83
huawei,-50,226053602395020,40700112094,2024-09-04 06-40-03,92.248.72.189,201547310,internet,203.195.11.210,184735360,140688939,5134,20
huawei,6,226053451127942,40771565101,2024-09-04 06-41-48,77.234.145.40,73633376,ims,51.67.225.111,668134529,-1432285094,21697,-61
huawei,-47,226055336347113,40734663719,2024-09-04 06-43-35,30.153.3.10,-1300743248,ims,93.76.126.113,-173201967,-1394847941,-28294,-84
huawei,54,226053092757527,40733788055,2024-09-04 06-41-36,117.40.110.194,-386495941,internet,88.3.197.152,-2115571174,1591751003,13087,106
huawei,-78,226058952953280,40724182649,2024-09-04 06-40-10,76.146.36.200,-358190230,ims,29.44.175.195,59874879,-2002287617,-26627,-3
huawei,1,226056887200897,40715210410,2024-09-04 06-44-21,208.235.94.183,-1240215833,ims,51.168.70.180,630494170,801179900,-28525,119
huawei,110,226053369842638,40740369032,2024-09-04 06-44-00,126.161.158.57,-445409133,internet,80.145.76.97,-1791394001,-544464535,-25261,-52
huawei,7,226051864751155,40748366049,2024-09-04 06-42-34,172.101.118.211,92362512,ims,252.3.151.179,-805839433,1942520826,30493,31
huawei,-90,226055291666091,40718848868,2024-09-04 06-42-00,14.5.231.204,901358488,ims,144.96.48.232,-1022923768,-1044330746,-18636,120
huawei,-46,226050395943205,40725798865,2024-09-04 06-42-22,194.227.87.222,1915448083,internet,206.86.65.173,-1337395496,-411335309,32333,-127
huawei,-82,226050731153533,40702301116,2024-09-04 06-44-54,137.249.144.207,-1895969268,ims,79.170.186.205,1602943177,-1703529164,-26396,-37
huawei,108,226058428503229,40775457642,2024-09-04 06-40-50,93.103.173.29,-1123469760,internet,72.158.124.226,-2128581555,-1813317281,-3328,-127
huawei,-111,226057943690790,40718864898,2024-09-04 06-40-13,16.63.55.90,1157197201,ims,222.244.148.42,-393216231,-740752225,-23488,83
huawei,7,226058970856563,40774764218,2024-09-04 06-41-32,87.61.252.42,-1053135961,internet,81.238.190.56,-75079611,24879104,-21757,29
huawei,-82,226058990924626,40755242076,2024-09-04 06-40-45,79.176.165.141,859278128,ims,179.125.154.5,-1768767111,-1113630208,-11458,106
huawei,84,226056389813554,40753213114,2024-09-04 06-42-45,167.144.247.225,233671467,ims,202.9.214.62,1167428217,709907217,2244,-91
huawei,43,226050162656048,40725830639,2024-09-04 06-43-14,105.72.73.122,-1298925582,ims,128.147.15.152,-451992075,-1847217888,-12202,-115
huawei,-106,226055319104114,40788813493,2024-09-04 06-42-04,65.84.76.92,-1177409621,ims,40.132.34.99,510881264,1751167335,-23311,-82
huawei,86,226052378705935,40715948804,2024-09-04 06-40-37,168.171.156.8,-1208084719,ims,140.67.216.170,-267951384,-831834410,17992,-36
huawei,-76,226053379110910,40787893863,2024-09-04 06-43-52,9.185.3.238,-656601324,ims,143.85.153.54,1604860663,-704210726,12605,-5
huawei,109,226053145368238,40747458353,2024-09-04 06-40-07,35.49.159.33,1903273903,internet,13.196.122.148,142180600,-752162359,-16149,-53
huawei,111,226054792050153,40704418806,2024-09-04 06-40-31,217.173.15.61,189632963,ims,203.255.236.126,932672042,222093090,-5839,21
huawei,-88,226053976128556,40741079820,2024-09-04 06-41-04,88.22.250.39,-973561355,ims,42.236.4.121,1508679456,-1209333523,11106,111
huawei,23,226051136917964,40787101679,2024-09-04 06-42-19,62.93.199.243,1813620982,ims,100.153.180.29,1860708641,-475432745,28703,-47
huawei,-27,226057274185170,40719243722,2024-09-04 06-40-54,160.35.195.1,-759982123,ims,1.226.107.250,136093707,2056348974,27409,-122
huawei,126,226055007193219,40761773597,2024-09-04 06-43-32,121.206.78.112,-728435886,internet,106.122.223.6,-1723372486,962743706,3688,-2
huawei,63,226053538563376,40754358827,2024-09-04 06-40-02,15.135.197.190,1615504930,ims,132.249.40.157,1662139322,-1541747515,-10156,-98
huawei,95,226058489255761,40703797403,2024-09-04 06-42-43,110.153.216.166,-2047879037,ims,117.12.85.179,1217714633,-1990954261,-26940,-46
huawei,26,226059425282188,40758214041,2024-09-04 06-40-38,55.70.208.148,1174785594,ims,55.35.127.201,1383526792,620305694,4556,-54
huawei,37,226056567551502,40764504909,2024-09-04 06-41-40,21.219.138.253,1442300032,internet,15.165.229.89,-1775063544,-15042424,29054,36
huawei,-58,226055696445358,40745734995,2024-09-04 06-41-22,145.195.210.120,366081789,ims,194.211.37.230,-1042245009,1211005020,-9461,-49
huawei,-48,226057481225060,40732219089,2024-09-04 06-42-11,29.109.37.251,2113338421,internet,174.93.212.23,1016715533,1208211563,-31377,-48
huawei,-58,226054604742207,40794849310,2024-09-04 06-43-30,166.139.231.131,-2119236571,internet,140.82.242.202,-404087162,-1598951247,-11334,8
huawei,62,226055508568735,40765940367,2024-09-04 06-41-44,109.14.166.90,-345607706,ims,57.252.254.112,1712915352,-291403928,-8129,43
huawei,-43,226050834338028,40786418042,2024-09-04 06-40-21,42.240.45.169,614293400,internet,224.117.69.24,-1294396999,-645068518,3132,34
huawei,85,226052773783847,40771907320,2024-09-04 06-43-41,68.60.98.12,-164855084,internet,64.104.2.52,-1396388976,983663537,-27373,-6
huawei,82,226057240938201,40715557221,2024-09-04 06-43-22,146.185.120.141,-1090820652,ims,172.221.167.131,-1785735146,-147007664,29916,87
huawei,86,226059956129833,40795435323,2024-09-04 06-44-46,45.218.97.208,1343510464,ims,41.35.187.13,1453780102,-1895913892,16046,68
huawei,0,226051429666208,40776029558,2024-09-04 06-42-25,224.2.241.105,-1016355603,internet,84.51.48.97,-1220250128,325795870,-7630,-98
huawei,72,226053814377080,40783758083,2024-09-04 06-42-51,8.36.117.114,-1355647912,ims,108.205.186.101,862071233,-1361605411,-17050,120
huawei,54,226059119620104,40722232551,2024-09-04 06-42-03,211.185.188.188,1402856826,internet,254.61.216.0,-708629180,575682580,-23823,29
huawei,97,226059730468303,40766997727,2024-09-04 06-42-37,235.155.44.186,-526141698,internet,37.244.235.244,1376569746,1039912687,6425,-44
huawei,65,226055744930065,40792440551,2024-09-04 06-40-52,74.141.2.94,738273096,internet,36.142.198.17,-2075954437,-1144931653,-27262,-77
huawei,-74,226050710489776,40776538151,2024-09-04 06-42-29,213.211.144.44,161943464,internet,160.219.21.141,1349839882,-562450778,-2816,43
huawei,-16,226059365279259,40723178191,2024-09-04 06-43-17,52.253.91.25,-907395879,internet,69.254.170.125,-1457875964,991346369,-21617,23
huawei,90,226056809960207,40747530899,2024-09-04 06-44-42,141.255.226.38,-1972608459,ims,190.181.134.163,1887592191,275501096,31914,-114
huawei,-90,226054180076850,40719298623,2024-09-04 06-41-31,110.101.88.130,-2117807057,internet,125.145.181.162,767809691,536394881,31011,82
huawei,37,226050044999464,40713016669,2024-09-04 06-40-26,170.49.193.168,-2061747157,ims,128.160.105.80,-2106904428,59342664,-30668,-13
huawei,99,226054861566719,40797472273,2024-09-04 06-43-30,216.171.35.248,-1301927123,internet,94.105.180.157,-1744160254,-1796237628,-28205,93
huawei,44,226051758606858,40729829389,2024-09-04 06-43-22,98.49.179.147,-692669545,internet,37.234.25.103,360959053,1857313998,-28717,-23
huawei,100,226052599419449,40772062817,2024-09-04 06-44-48,172.109.255.82,-1063504761,ims,3.239.13.105,-1099609926,1868001185,21676,-128
huawei,-3,226059546945334,40702128297,2024-09-04 06-42-26,32.13.90.10,14125910,ims,218.211.240.132,-1324602795,-1413336392,1296,-36
huawei,33,226050084398204,40732698100,2024-09-04 06-41-54,101.185.215.39,1855376804,internet,214.6.198.156,-460908154,-448988473,-8778,54
huawei,36,226055227987134,40720819288,2024-09-04 06-43-41,76.240.73.20,636698380,internet,227.55.225.108,282139727,1877448498,19679,20
huawei,-43,226056617885228,40747416994,2024-09-04 06-40-18,114.207.79.133,1823385641,internet,96.224.40.253,1221119658,331615377,23524,78
huawei,-5,226052842083323,40769528364,2024-09-04 06-42-41,93.55.255.94,-1723469402,ims,124.43.167.252,-74609419,1742582596,31882,53
huawei,90,226050740621666,40792109997,2024-09-04 06-42-09,74.1.1.120,1192888030,internet,81.2.170.214,736118941,666902010,19778,-60
huawei,-115,226052727869485,40714398690,2024-09-04 06-40-19,12.86.60.55,-1319133623,ims,36.0.222.133,-1787340119,-1022354806,-5526,108
huawei,-46,226051939645917,40762653958,2024-09-04 06-40-36,74.7.157.176,-1890188511,ims,155.85.218.113,197678767,129270958,9876,-16
huawei,-94,226055536697699,40708840553,2024-09-04 06-41-19,56.235.44.213,1306986903,ims,83.248.107.1,-789543027,894690408,17625,-46
huawei,73,226058958174711,40775102622,2024-09-04 06-44-11,213.170.84.224,277205802,internet,158.124.234.154,-1801673192,15676436,21781,3
huawei,-23,226054325370274,40779227243,2024-09-04 06-44-06,158.74.92.141,-810333632,internet,141.240.158.226,992484795,863013145,24548,91
huawei,-7,226055996728217,40758396181,2024-09-04 06-43-40,10.126.20.162,1020559253,internet,204.223.87.156,-2118191626,-383852169,-4551,-124
huawei,-94,226057840393815,40708342872,2024-09-04 06-43-28,139.17.175.146,261155780,internet,39.153.140.76,-1548731610,-1471213839,-32350,122
huawei,83,226052784542734,40757411714,2024-09-04 06-42-01,33.74.104.245,-332331767,internet,13.247.46.245,-1908172808,761164615,-3275,110
huawei,-99,226052313819757,40755308660,2024-09-04 06-40-30,99.168.79.127,-1082399820,internet,103.173.165.100,-954317900,-1565717080,-21977,-58
huawei,125,226059362203653,40701994096,2024-09-04 06-40-35,59.160.165.132,-488981580,internet,66.95.17.135,1491642592,-1186501572,-7429,-1
huawei,-74,226059654739785,40791663495,2024-09-04 06-42-00,28.111.255.189,-1091288755,ims,18.5.170.152,1785595112,-1585537022,-4353,-115
huawei,53,226055780375533,40780020113,2024-09-04 06-42-15,230.97.174.214,328528961,internet,3.217.89.60,369533540,-1798611468,-3045,-18
huawei,10,226059539906171,40771077391,2024-09-04 06-42-45,203.199.133.62,1643707518,internet,86.120.214.184,-833472180,-1183487208,1582,26
huawei,127,226051410241034,40769645069,2024-09-04 06-43-33,186.101.15.25,-698675532,ims,14.132.118.149,1141482782,-392271131,-29571,101
huawei,-48,226052843373776,40725887352,2024-09-04 06-43-13,211.174.4.109,-1110237921,internet,60.71.1.125,981308700,1687729048,-14510,-110
huawei,-83,226059322615689,40737892543,2024-09-04 06-40-14,103.30.54.52,2029352440,internet,118.192.187.19,1142093244,319065209,18911,5
huawei,0,226058682815040,40786187367,2024-09-04 06-41-08,144.192.11.51,407876334,ims,130.74.108.143,-1655767082,1834357125,-25045,-48
huawei,115,226054845182577,40719313011,2024-09-04 06-43-41,137.4.19.49,651249267,internet,109.62.55.63,-2039241514,-347707476,-19366,-122
huawei,-98,226055884737529,40708552270,2024-09-04 06-41-18,188.146.62.211,1730135790,internet,179.144.173.134,462646327,1783302377,-15062,-44
huawei,-108,226054460935310,40726191352,2024-09-04 06-40-05,182.83.20.3,-590295493,internet,224.13.182.159,1821418134,-787545775,15783,-86
huawei,-59,226052815455347,40795170440,2024-09-04 06-41-41,74.69.232.144,-1242867256,internet,22.90.25.219,1980410857,571348868,2636,-22
huawei,-83,226051619328906,40755854230,2024-09-04 06-43-45,204.173.42.182,-972668199,internet,50.240.6.194,1345212853,1452613768,17976,-72
huawei,-69,226056351124220,40715127591,2024-09-04 06-41-48,43.89.98.235,-314500640,ims,92.215.222.61,-1770183697,1592682153,19104,-54
huawei,9,226051674760946,40758681804,2024-09-04 06-40-03,172.56.148.126,-1861256471,ims,60.223.254.57,-1596092861,-171875510,18997,-65
huawei,85,226052868832456,40700717307,2024-09-04 06-40-33,113.207.139.94,1297608272,internet,131.192.224.7,175501034,-1317361802,-14594,-10
huawei,-111,226055463922367,40738027878,2024-09-04 06-41-27,219.42.95.145,-1278813106,ims,254.49.220.116,1469535984,125863439,14353,67
huawei,126,226056550149660,40795181271,2024-09-04 06-44-26,226.76.146.15,-94571000,internet,40.54.213.87,752517076,1485383463,4345,-54
huawei,-120,226051531735322,40728020911,2024-09-04 06-43-15,168.161.254.233,-1022560723,internet,165.173.213.13,18242636,1935433465,-5395,3
huawei,55,226057249464093,40728118670,2024-09-04 06-42-43,254.58.233.188,-1262155101,ims,80.99.75.254,-502039644,-860616282,-15041,-96
huawei,-72,226054433382229,40764395290,2024-09-04 06-42-44,73.86.149.170,1056836859,internet,41.26.166.229,-266029821,-772127344,-29098,-18
huawei,125,226056899377259,40791494873,2024-09-04 06-40-28,51.70.145.74,-517023806,internet,1.233.249.251,-590663155,1379041960,14380,-62
huawei,58,226056803469147,40707543646,2024-09-04 06-42-49,210.28.201.227,-762729875,ims,95.45.244.188,-1168522424,-1787219164,28449,-123
huawei,73,226056657254241,40708992603,2024-09-04 06-43-41,70.14.95.122,1371605343,ims,170.166.138.96,1668120004,1666501293,26481,76
huawei,15,226059939392047,40764828540,2024-09-04 06-41-19,112.25.116.132,-1961656382,internet,0.72.36.246,-1551073500,2012614940,-25803,-108
huawei,65,226059057268141,40708085004,2024-09-04 06-40-01,19.234.109.66,58030537,internet,157.105.254.48,1537721558,-590828621,11558,102
huawei,-104,226055617601009,40717190362,2024-09-04 06-42-00,225.70.236.141,611078423,internet,36.115.76.34,761252000,-2076248760,-20882,59
huawei,73,226057617438694,40731285281,2024-09-04 06-43-47,197.141.240.173,2017857174,internet,173.175.83.240,-1286215276,1004533240,3007,39
huawei,-91,226058525039045,40728447767,2024-09-04 06-41-53,188.242.104.176,-763512454,ims,12.128.2.246,-714324162,185050287,3527,-86
huawei,-24,226053907930328,40713971588,2024-09-04 06-43-15,74.159.230.113,764210072,ims,55.234.51.85,1460867577,-2135793303,-27468,-3
huawei,79,226055688027989,40716108101,2024-09-04 06-42-02,82.38.198.202,-180953589,internet,132.117.94.188,268412606,1735576905,-10090,121
huawei,91,226058212638800,40793566878,2024-09-04 06-43-00,156.251.219.123,781757673,ims,191.199.200.80,-1943270575,-1986030373,-20101,9
huawei,-30,226053300663351,40778798578,2024-09-04 06-43-44,170.41.18.156,1612982901,ims,174.168.40.243,-902136989,240659844,28817,88
huawei,127,226052905200606,40772509273,2024-09-04 06-42-45,35.218.186.69,-1044243657,internet,59.92.56.242,-503865268,-927118531,15703,14
huawei,78,226053783443714,40750356747,2024-09-04 06-43-44,185.114.240.237,361900051,ims,134.76.11.228,67072923,1828769997,-24095,76
huawei,113,226055536885869,40703251897,2024-09-04 06-40-17,226.238.164.102,1245336036,ims,14.82.18.218,-1852552675,633379615,25099,85
huawei,-94,226058188945880,40790376765,2024-09-04 06-41-09,111.76.217.56,38448962,ims,134.105.191.190,831416757,-194357414,22408,104
huawei,84,226052851133885,40783187694,2024-09-04 06-43-22,28.202.115.9,759270862,ims,61.231.88.228,603292356,-1249050073,22501,81
huawei,54,226052215267554,40780512670,2024-09-04 06-44-27,248.194.35.6,134630528,ims,150.13.71.209,954007491,2098857314,-11249,-48
huawei,53,226053746624217,40766647597,2024-09-04 06-45-00,158.159.183.224,242461349,internet,191.226.13.32,1405108241,525206796,22051,-62
huawei,86,226057548972500,40783914084,2024-09-04 06-43-48,220.38.36.146,-1147823194,internet,190.51.194.84,-1006038109,-2065783494,18087,74
huawei,-59,226059989485833,40761482365,2024-09-04 06-43-53,47.0.57.34,391334324,internet,17.88.198.82,-1888660163,493657168,-16467,98
huawei,46,226058815686097,40781836414,2024-09-04 06-44-08,199.188.249.103,-407622841,internet,228.45.35.207,-372620941,1719298939,-19645,32
huawei,-121,226052536492029,40766200586,2024-09-04 06-43-52,251.100.114.145,1541012274,internet,62.94.171.16,-1363279382,1084350955,-28844,4
huawei,-89,226057599357485,40704566875,2024-09-04 06-42-49,116.87.55.233,-182291342,ims,57.60.143.170,-521928869,-368699929,-32302,46
huawei,87,226052165918192,40751179437,2024-09-04 06-43-52,152.190.132.152,774327861,internet,131.219.246.137,1814477739,1672356179,26160,41
huawei,-114,226053697125402,40736708140,2024-09-04 06-44-02,190.115.80.123,-214540808,ims,150.16.112.231,-782660847,1577035326,6378,4
huawei,107,226051886194983,40711201884,2024-09-04 06-41-08,69.110.89.7,1403946875,ims,202.126.56.27,462239055,-1161434583,3578,66
huawei,112,226058903738832,40712896141,2024-09-04 06-44-24,237.26.174.104,-211225248,internet,79.79.212.51,-1760314269,-249227345,20368,94
huawei,-55,226059573175707,40713325803,2024-09-04 06-41-13,96.40.79.168,-553171163,internet,224.139.61.229,-1263368204,-769950626,30419,50
huawei,36,226055371025119,40777428186,2024-09-04 06-44-57,226.159.87.248,-775537252,internet,45.158.232.248,220435775,-1158077818,-18405,81
huawei,68,226055012083243,40711216489,2024-09-04 06-44-11,118.25.77.8,-569497146,internet,213.30.17.100,835041113,-1038924650,-11056,43
huawei,53,226052563500872,40700195136,2024-09-04 06-44-22,128.26.102.151,-124298708,ims,12.130.242.62,1961302947,539641064,-31493,39
huawei,-42,226051069860781,40793329474,2024-09-04 06-44-24,127.54.25.40,1008461996,ims,3.145.33.25,-1285405470,-632973084,-27864,90
huawei,11,226058657087623,40790432363,2024-09-04 06-42-29,3.244.27.19,93857794,ims,112.124.29.28,-1527014651,-1340064948,30982,29
huawei,104,226055701606678,40754363030,2024-09-04 06-43-44,33.36.7.190,-280759764,internet,213.92.91.211,328517838,2084362743,4809,-104
huawei,-14,226053686554254,40735374598,2024-09-04 06-44-52,86.83.177.210,264832034,internet,59.227.224.143,-260625444,1233216469,-22659,74
huawei,3,226051057412405,40777656156,2024-09-04 06-40-40,239.207.156.85,-888349620,internet,145.30.135.241,-1813288232,668864859,-16990,-112
huawei,-81,226050606279660,40744367916,2024-09-04 06-40-34,33.45.45.18,-1603105960,ims,199.170.55.215,716698418,353141055,-3893,113
huawei,-35,226059391217490,40795016552,2024-09-04 06-40-23,37.123.58.239,-164387581,ims,167.57.158.243,1532332611,-345176139,10991,123
huawei,80,226055075527795,40799121697,2024-09-04 06-43-59,31.51.166.9,-704549959,internet,74.235.115.190,245083466,-652829116,-31075,82
huawei,-74,226052477723624,40729626121,2024-09-04 06-43-40,41.204.65.206,342967987,internet,10.199.144.69,-1838124149,1849307078,867,-14
huawei,34,226053541467500,40766538551,2024-09-04 06-40-37,145.24.242.146,159878758,ims,236.218.179.51,1760356719,-1742097336,-28264,64
huawei,108,226058888514377,40796640712,2024-09-04 06-41-31,29.48.246.45,1439416164,internet,124.225.71.208,1403236074,-114477524,-6407,74
huawei,89,226058464702555,40721608088,2024-09-04 06-43-07,176.76.81.87,135444288,ims,119.81.108.157,779106722,-1771799181,-21455,-25
huawei,-58,226050922207488,40714568727,2024-09-04 06-41-17,225.206.220.84,1295594835,ims,77.51.105.231,1881859463,-1782618025,9786,-54
huawei,-105,226058196415207,40779242510,2024-09-04 06-44-45,149.105.133.233,973986607,internet,49.66.208.49,-1041679496,-603142504,15510,-77
huawei,11,226056446605668,40714195406,2024-09-04 06-41-45,126.53.57.27,-138128122,internet,105.231.152.251,1324582389,-1981748916,10299,-13
huawei,-1,226056663229128,40761024130,2024-09-04 06-44-13,137.80.15.72,1338848711,internet,248.173.11.222,1221682402,792905458,-28454,-29
huawei,2,226053584985836,40779216457,2024-09-04 06-44-00,65.27.235.248,1499719105,internet,216.169.10.162,-2105609972,272561613,2981,-54
huawei,65,226056539712485,40714695878,2024-09-04 06-40-21,44.225.254.117,1181924697,ims,227.74.233.1,343856194,-1605551933,-11224,37
huawei,43,226059621057721,40764499630,2024-09-04 06-41-18,225.22.245.134,599343968,ims,141.193.228.224,-670332467,-2044931579,-11107,109
huawei,78,226057578878406,40702621665,2024-09-04 06-44-05,253.204.46.114,-2147091067,ims,40.98.218.236,-1225584081,-257375436,-20620,-88
huawei,-65,226050779493311,40710825459,2024-09-04 06-44-53,104.12.121.126,-411178520,internet,43.124.171.245,-1744679506,716860454,23509,-128
huawei,33,226050110607490,40743582881,2024-09-04 06-41-36,199.53.173.187,-1322806985,internet,193.135.29.11,506237809,1286094788,-32272,18
huawei,0,226050597618479,40749994606,2024-09-04 06-40-24,7.216.2.31,1355676173,ims,175.11.190.33,186269621,123230232,26812,-29
huawei,-52,226058242231856,40748622089,2024-09-04 06-43-28,47.52.246.154,2136602963,ims,234.131.166.163,-816737575,1016841966,32729,127
huawei,-10,226058590512777,40762975014,2024-09-04 06-42-20,110.253.208.71,188035207,ims,7.66.109.63,-874136937,1779419993,-4209,-2
huawei,-22,226050697780197,40767975016,2024-09-04 06-41-15,64.38.14.210,79275119,ims,219.171.22.229,1917889435,897354742,-18763,-118
huawei,69,226055018593870,40705736990,2024-09-04 06-42-23,180.49.10.137,-2100351825,internet,211.128.252.3,-699121738,1847790349,-12607,-107
huawei,36,226058045765053,40786189939,2024-09-04 06-42-32,104.219.21.41,512964416,ims,36.37.174.162,142235094,-801056431,-18516,-10
huawei,118,226052038085419,40746759804,2024-09-04 06-42-52,223.59.83.112,1454967012,internet,75.244.121.75,-21031659,-2046774045,29275,-86
huawei,30,226054932789325,40774981093,2024-09-04 06-43-20,93.158.160.251,121789759,ims,253.156.2.15,-530410755,-321222969,22584,-109
huawei,74,226055183476937,40788196713,2024-09-04 06-43-10,37.215.226.104,-682097237,internet,226.39.108.30,1361038660,-1447887807,25835,-103
huawei,117,226053563041638,40730802223,2024-09-04 06-41-44,181.224.40.251,-1752440172,ims,120.204.136.59,-857228594,-291997455,-18769,15
huawei,76,226053980687509,40731922013,2024-09-04 06-41-20,38.163.44.1,786057693,internet,130.200.149.9,970495413,-331533005,25521,-123
huawei,29,226052474364184,40741091023,2024-09-04 06-40-23,167.67.208.23,-1716218079,ims,74.218.57.235,1545465973,1660698401,17702,117
huawei,-88,226059078567085,40739709149,2024-09-04 06-41-47,180.149.79.104,-1767011812,internet,1.33.153.23,-839899865,660558603,-10793,-117
huawei,-9,226059754457493,40761117310,2024-09-04 06-43-16,78.239.218.30,1503374861,internet,8.102.224.108,-629644091,-444827100,31075,-21
huawei,84,226056278062819,40795316942,2024-09-04 06-42-23,133.40.116.227,-217173505,ims,189.113.15.223,-512531420,-310303179,-618,3
huawei,21,226058107288938,40762172771,2024-09-04 06-42-14,176.116.112.238,106655196,ims,84.143.207.7,-1847801095,-1628020472,30074,-82
huawei,-71,226053399399338,40763889172,2024-09-04 06-40-20,61.179.199.166,-1491560674,ims,181.160.104.216,-1949241633,-1709256411,-8837,42
huawei,102,226056054834248,40789993794,2024-09-04 06-41-26,143.143.54.143,-550124069,ims,89.117.0.22,1986938837,-902571740,16024,-60
huawei,-111,226052524870997,40797726775,2024-09-04 06-40-17,82.85.254.252,-1240541945,internet,74.147.186.234,724486052,937713457,22370,-64
huawei,-94,226054548163610,40740076674,2024-09-04 06-41-06,51.245.124.53,442929535,internet,141.116.94.58,-1075319280,-1352864788,28965,-112
huawei,-3,226053684361858,40790707057,2024-09-04 06-40-53,58.176.102.252,303316208,internet,76.240.203.172,1756795341,645213283,21010,123
huawei,123,226057077343176,40791083239,2024-09-04 06-42-39,249.182.65.163,1384285115,ims,125.72.41.188,-843137222,-1451677094,-31279,-59
huawei,62,226057890454614,40799386914,2024-09-04 06-40-37,46.184.38.51,-1959923114,ims,132.143.9.214,1966322109,-2082033288,1816,117
huawei,-5,226057016357169,40784682376,2024-09-04 06-43-57,227.255.7.211,-881462168,internet,36.29.44.151,1972503650,89989376,-16339,8
huawei,-40,226054568231306,40795785496,2024-09-04 06-40-48,141.9.17.209,-1465988748,internet,255.228.11.76,1117863436,449333909,-18464,99
huawei,-127,226056008983036,40796502881,2024-09-04 06-42-32,169.238.90.111,-1136440440,internet,71.209.133.246,-218955162,-1662942785,-21543,4
huawei,78,226055468146144,40730665163,2024-09-04 06-41-41,149.118.196.97,-1725621638,internet,37.242.143.68,-1940779605,-1315895210,-15384,-27
huawei,75,226054474017173,40762086789,2024-09-04 06-40-50,239.35.217.179,-943323197,ims,25.139.33.243,2128504416,240183236,12687,88
huawei,44,226051860883238,40760332485,2024-09-04 06-43-37,109.96.36.191,2143214876,internet,201.6.35.57,-1604778339,-1091318810,-11418,74
huawei,18,226052425468438,40779307315,2024-09-04 06-44-47,97.190.89.210,-1051835276,ims,90.220.111.218,704574070,632396019,-12300,34
huawei,90,226056983309254,40746106693,2024-09-04 06-45-01,67.223.37.193,183943777,ims,26.80.159.232,-1144725633,-1319317488,9626,92
huawei,30,226056962712568,40742368344,2024-09-04 06-43-26,87.94.201.73,-329898866,ims,8.84.1.188,1593123140,719700292,-10889,-51
huawei,-43,226053048688826,40781872769,2024-09-04 06-40-26,22.38.238.249,1182501358,internet,58.31.2.210,101466600,-1455288970,30004,30
huawei,-79,226054240556746,40733810808,2024-09-04 06-41-15,122.244.104.2,-2130401342,internet,209.123.26.163,27832449,526545247,-5288,90
huawei,-65,226059515685035,40702248547,2024-09-04 06-42-40,159.130.246.114,-7861022,internet,200.190.145.83,-198205122,-1649384072,20108,-16
huawei,64,226054529494339,40742440675,2024-09-04 06-41-42,109.128.237.138,-675087418,internet,177.46.233.107,2026067075,-667832305,-28596,95
huawei,79,226058522618676,40746306317,2024-09-04 06-43-28,107.5.5.25,-1839221179,internet,110.121.92.55,2131779423,2115861659,-2963,-115
huawei,110,226059725156728,40715963175,2024-09-04 06-42-44,158.141.171.28,208620737,ims,31.233.51.180,-1736600608,977520622,9347,9
huawei,3,226054068502958,40720313677,2024-09-04 06-40-16,130.138.181.245,-1587895286,ims,8.155.92.147,1709471882,-1717417638,-17119,0
huawei,122,226059534576737,40783307585,2024-09-04 06-40-57,163.89.225.252,-1450801727,internet,137.41.34.204,1157553482,500945368,15182,42
huawei,-92,226057918564361,40726146658,2024-09-04 06-42-07,215.232.11.249,919139833,ims,237.136.39.208,-332857418,-336799910,18979,-23
huawei,-40,226059595370088,40793993424,2024-09-04 06-40-26,33.207.127.215,-1445743064,internet,153.110.102.229,916955922,-238555946,-17962,-113
huawei,-41,226056742874639,40755199123,2024-09-04 06-41-42,6.169.98.253,687961784,ims,148.62.121.163,457492942,-1803379152,10347,51
huawei,-109,226052968356878,40796356124,2024-09-04 06-41-02,250.228.220.74,519803474,internet,204.42.145.67,315640094,-832531338,30842,54
huawei,74,226056367207771,40762456214,2024-09-04 06-44-12,0.193.146.16,-1643905696,ims,55.129.149.211,-1009755610,1599970946,25350,-128
huawei,122,226056221858439,40719188696,2024-09-04 06-40-40,245.87.198.189,1113985207,ims,132.130.183.152,-1437817744,-468495058,5730,-114
huawei,121,226053697099726,40791922440,2024-09-04 06-41-30,13.237.141.126,-668233185,ims,239.246.232.194,183922300,789985611,-2544,124
huawei,102,226056237257235,40723771558,2024-09-04 06-42-26,139.160.229.130,1884623706,ims,203.148.72.154,-923601718,-869384948,-28839,9
huawei,25,226058671944412,40719594799,2024-09-04 06-41-17,141.234.220.222,-1660166131,internet,172.23.80.227,-1357476985,983338266,-31427,27
huawei,-111,226057660690865,40750969093,2024-09-04 06-44-38,243.144.53.71,124865111,internet,46.250.126.46,-1018424628,-274735513,20024,-127
huawei,-58,226056890889162,40714389159,2024-09-04 06-43-45,102.173.67.153,-1965107758,internet,159.122.39.190,-963742638,-1559152160,18457,-83
huawei,4,226050131708441,40726035164,2024-09-04 06-44-41,51.193.123.251,-943544063,internet,75.244.63.209,2129224468,897497835,-15853,7
huawei,4,226053178727283,40781621537,2024-09-04 06-44-12,19.110.203.28,-348009723,internet,185.255.78.138,-1836154667,148106885,-2585,-16
huawei,109,226056686737500,40745512948,2024-09-04 06-42-29,64.81.131.249,-1369275576,internet,117.162.15.157,-449740268,-1094753802,-13,15
huawei,-70,226057629951281,40724099894,2024-09-04 06-42-58,211.43.4.36,1336597505,ims,230.50.192.114,1571680806,201855126,8100,-11
huawei,-4,226054483980269,40766371759,2024-09-04 06-44-39,233.96.156.203,-221642044,internet,146.159.22.150,1391973771,824435573,19513,-79
huawei,110,226055872025154,40784318800,2024-09-04 06-41-19,188.123.85.90,-439345597,ims,235.160.64.127,-1229152635,-1062418009,23775,-100
huawei,-120,226054108597371,40726573920,2024-09-04 06-43-49,21.62.37.171,-501239130,ims,161.240.212.220,1505761392,-2121661453,19245,-59
huawei,-72,226053790704093,40756485151,2024-09-04 06-40-40,4.155.160.57,-916957680,ims,38.57.101.174,391005913,-1299157987,9632,-109
huawei,-94,226059878324327,40787187650,2024-09-04 06-42-36,44.216.130.7,653763634,internet,155.144.8.78,-239241719,1951264314,-16618,-80
huawei,52,226052473312206,40719483184,2024-09-04 06-44-43,76.247.178.41,797469521,internet,16.224.102.240,1098992059,741528864,-3215,-110
huawei,-83,226058694289554,40759245891,2024-09-04 06-42-58,183.22.251.161,1212054043,internet,141.153.239.83,981074491,129472924,3161,73
huawei,127,226056668079202,40704536774,2024-09-04 06-40-53,155.129.231.204,1603323658,internet,38.183.33.49,1426881832,196517100,24808,-59
huawei,-121,226056140849509,40761724207,2024-09-04 06-40-05,133.3.237.126,-819740151,internet,234.251.74.96,-1730456595,-255472322,-16014,-55
huawei,-90,226053339317586,40708369475,2024-09-04 06-42-08,114.12.152.151,81382646,internet,174.220.190.174,2093687864,725249116,-14807,86
huawei,-26,226059116845189,40794638337,2024-09-04 06-44-53,46.12.125.172,614778390,internet,7.53.219.2,826175511,1865288722,5447,-29
huawei,-117,226050278489829,40711679843,2024-09-04 06-40-13,251.18.228.139,-2145914907,internet,232.77.224.123,2077088512,-1261569610,-21678,102
huawei,-107,226054736232843,40763134290,2024-09-04 06-41-17,29.178.216.163,-201444922,internet,66.123.14.175,-1180587653,-660267457,7182,127
huawei,29,226053765300526,40708242389,2024-09-04 06-43-27,220.138.141.192,1304081084,ims,62.223.93.239,1543738567,1763207247,-20282,35
huawei,36,226055149070785,40777835190,2024-09-04 06-40-48,190.215.140.187,-480045446,ims,67.183.170.33,-831247368,-272774267,28716,-36
huawei,-25,226059850726436,40788514225,2024-09-04 06-41-38,124.10.178.139,542842572,internet,241.225.100.221,218978457,-1553617521,-3582,-29
huawei,54,226055555740856,40784344866,2024-09-04 06-42-52,71.148.250.230,-845417018,ims,167.100.59.154,-1015143477,-143445841,3067,-46
huawei,47,226051545743789,40752156077,2024-09-04 06-40-15,158.8.149.112,576578106,internet,151.230.198.53,-12549983,427834978,-7762,36
huawei,-92,226053904149302,40797432479,2024-09-04 06-43-56,19.35.42.60,1025402807,internet,163.31.18.114,-2079681680,2041034488,-23413,107
huawei,3,226054573428547,40740984161,2024-09-04 06-44-04,71.165.219.148,410941538,internet,140.120.229.67,1105546125,-1942505539,-26962,22
huawei,-110,226054026669691,40767270446,2024-09-04 06-44-43,233.139.94.72,-1622236218,ims,32.168.208.184,296292672,2115568202,16723,22
huawei,-36,226051527201557,40743887510,2024-09-04 06-44-13,83.129.158.87,2003109057,internet,88.137.215.96,-371309167,-141738325,3328,-58
huawei,30,226053952864621,40786886938,2024-09-04 06-42-02,218.75.247.100,911350566,internet,100.119.77.192,-1803139570,-1145584836,-1079,86
huawei,-2,226055913820345,40706637693,2024-09-04 06-43-27,170.158.1.68,983636154,internet,173.66.201.254,-1866948767,181203938,-13493,-5
huawei,-82,226051090186946,40782174961,2024-09-04 06-44-13,24.36.218.240,1227405390,internet,191.128.231.53,-1218254425,-1820034489,-30517,38
huawei,92,226052114674409,40726752487,2024-09-04 06-44-16,202.0.132.58,1498472442,ims,28.3.92.146,105042990,1540890991,-18269,-82
huawei,-79,226051129213297,40767028378,2024-09-04 06-42-53,198.63.236.104,-744379003,internet,51.110.227.77,-684755361,1527203784,21901,-4
huawei,-121,226052605469944,40729765045,2024-09-04 06-41-59,61.38.38.173,182448419,internet,140.200.171.226,-325045810,-1963738417,21520,-93
huawei,23,226051553864372,40774769283,2024-09-04 06-41-25,252.22.80.5,388293322,internet,55.26.115.128,265450939,-104992562,-1125,-12
huawei,-87,226057215113729,40797500858,2024-09-04 06-43-29,68.184.207.205,-669183856,ims,65.140.216.185,-1544106080,-768963027,17225,-43
huawei,8,226058519776959,40785407387,2024-09-04 06-41-50,54.26.186.55,-647087788,ims,142.9.178.239,1405379946,1118180171,19809,28
huawei,63,226055723528250,40734159993,2024-09-04 06-43-49,165.153.120.56,125864848,ims,161.106.17.212,1366324569,269383101,-5151,-15
huawei,-65,226051675050117,40748362802,2024-09-04 06-43-08,109.148.58.244,2069317476,ims,91.9.205.186,1875734880,1541634604,-18537,-84
huawei,-50,226059985518483,40778337389,2024-09-04 06-44-13,4.220.164.236,-789950562,internet,248.44.11.239,-960247092,-1663316401,25109,-7
huawei,-81,226055390728574,40723142991,2024-09-04 06-42-10,85.199.42.32,1314612183,ims,64.202.89.246,-1779108736,1962673783,752,51
huawei,-18,226055446375871,40716690306,2024-09-04 06-43-44,95.207.104.144,1024200525,internet,26.45.61.239,1620840335,-1837828187,6543,-52
huawei,-84,226051568001264,40730722688,2024-09-04 06-40-12,91.44.72.72,-993541179,internet,110.36.22.223,-1256810484,-1027696522,4115,-9
huawei,-58,226050663621542,40734349779,2024-09-04 06-41-51,111.55.189.176,-260835645,ims,207.124.152.28,1517188239,645198258,10211,-32
huawei,94,226055296185839,40779064272,2024-09-04 06-41-29,168.97.241.172,91256435,ims,97.164.226.68,-1946026140,-1912179030,-2000,-74
huawei,-30,226053245726754,40711715186,2024-09-04 06-40-45,226.162.178.201,963687988,internet,29.60.89.248,-1823481729,-1678612398,-30934,38
huawei,-93,226057604093912,40732738336,2024-09-04 06-41-12,71.77.208.101,285329938,ims,59.130.125.204,-168449666,1344544291,-9065,-118
huawei,57,226053453181789,40778539232,2024-09-04 06-41-35,165.97.93.211,973383571,internet,183.23.213.116,2029938158,887924574,3494,-46
huawei,-113,226050858631895,40756870616,2024-09-04 06-43-51,229.154.210.195,-1516132026,ims,18.148.74.99,25980092,875703113,26966,-80
huawei,12,226055742351954,40714145655,2024-09-04 06-40-43,149.49.250.172,428105677,internet,199.36.127.63,485755111,-839890281,21738,-86
huawei,62,226053035606453,40771622259,2024-09-04 06-42-01,224.238.216.109,1818183893,ims,230.220.41.57,619758848,1989944819,-8822,-56
huawei,-18,226057893930510,40764841032,2024-09-04 06-42-00,10.104.45.196,1157063210,internet,75.226.205.229,-142092818,-1422264260,-8728,96
huawei,68,226055283715157,40734937706,2024-09-04 06-41-35,242.183.148.76,807922567,ims,52.56.218.243,1911798671,6477805,-2464,1
huawei,69,226051373304632,40779546643,2024-09-04 06-42-39,142.133.226.97,-1624093153,internet,162.52.12.56,921903473,-668201725,-10290,65
huawei,33,226057674274265,40730338676,2024-09-04 06-42-21,131.231.128.227,959845354,internet,176.232.30.247,835585000,-769105023,17031,96
huawei,-52,226058310762417,40704790523,2024-09-04 06-42-08,109.35.185.241,110254381,internet,22.243.207.127,623087804,17524436,-25535,9
huawei,-106,226058469380215,40759419569,2024-09-04 06-44-20,239.185.3.8,929393299,internet,44.109.42.53,-1688131958,209809370,15959,-56
huawei,119,226057831216311,40795458806,2024-09-04 06-44-06,247.88.241.123,-1651846320,internet,176.160.168.201,-511360729,-438165815,-570,-116
huawei,-12,226051848464138,40769052997,2024-09-04 06-44-21,37.58.139.30,1058567857,ims,21.128.47.196,1987502465,-1105357553,3785,-94
huawei,-47,226058371396423,40748827957,2024-09-04 06-41-41,155.113.106.90,-1945143645,ims,10.159.2.71,380923859,-1748466117,-9859,97
huawei,-46,226058799003888,40751441729,2024-09-04 06-41-08,86.32.249.94,-799148107,internet,236.60.126.5,-1187190564,-2043591935,7917,-44
huawei,-56,226055575684354,40780892204,2024-09-04 06-40-32,18.140.120.170,1685486415,internet,39.243.188.13,-1756666124,589259794,-1341,4
huawei,-92,226056963073963,40758874091,2024-09-04 06-40-19,61.226.225.26,-674126426,ims,116.221.73.91,-938373587,1587138672,9452,36
huawei,-32,226058973282104,40767826208,2024-09-04 06-43-00,213.219.58.78,-2043497639,internet,225.193.240.134,580720740,587222965,-11315,33
huawei,-88,226059500906858,40786132885,2024-09-04 06-40-56,51.113.44.115,618726825,internet,90.14.217.45,2020347800,599964912,-12761,-42
huawei,-2,226059874040751,40796964277,2024-09-04 06-43-12,243.2.156.83,885469708,ims,142.75.50.168,-1184462609,-1228579019,-4794,93
huawei,-66,226055663035190,40757143061,2024-09-04 06-41-22,173.168.86.1,-1561317358,internet,142.161.234.142,2020391079,1393073287,-9273,-107
huawei,5,226052341334330,40744984589,2024-09-04 06-44-30,75.53.37.215,-268436519,internet,157.238.194.111,-1777204846,-1240298420,-4549,-1
huawei,-67,226055082524943,40712722787,2024-09-04 06-42-19,46.139.188.149,-1767242578,internet,37.144.103.71,470499609,290412728,-18644,-116
huawei,-66,226054713600116,40726007599,2024-09-04 06-42-48,180.210.177.54,543956864,ims,103.187.15.47,1485689433,1003818437,-18858,123
huawei,-120,226056906367855,40792326166,2024-09-04 06-41-27,21.70.74.20,-1346647062,ims,35.3.247.26,751158903,1878563986,-29243,64
huawei,-7,226051368911712,40730093707,2024-09-04 06-43-14,50.49.36.218,-1700805940,ims,0.45.30.85,1485178921,1109115113,-20946,108
huawei,14,226050828674289,40798673084,2024-09-04 06-43-17,113.112.21.160,-426297619,internet,221.251.16.139,-389134696,-202729775,26161,99
huawei,85,226055549689628,40708264888,2024-09-04 06-42-18,23.8.23.29,772772581,internet,54.235.143.6,1702532510,1359786731,19965,-60
huawei,-70,226058346646755,40714742676,2024-09-04 06-43-02,119.40.13.168,-2007082703,internet,226.64.41.43,-764207491,856015039,-18748,39
huawei,-104,226059248008251,40784505303,2024-09-04 06-42-17,10.39.185.3,1206673870,ims,80.9.46.54,553905408,-298607988,-17872,97
huawei,67,226057378410110,40756145956,2024-09-04 06-43-28,173.171.250.201,-574764654,internet,232.30.166.44,89254906,-414994333,5897,-79
huawei,-56,226059200457777,40703850875,2024-09-04 06-40-34,239.38.69.161,734769595,internet,191.12.84.225,949695185,-1473325110,16089,24
huawei,-100,226057892632091,40792889748,2024-09-04 06-40-46,250.224.5.230,1505053150,ims,87.16.39.165,-96830584,1454239246,-6653,119
huawei,100,226057494359581,40706547735,2024-09-04 06-42-02,3.118.71.209,1069451320,ims,78.194.181.55,-1424823177,830614205,28088,-91
huawei,-59,226055795496232,40776461770,2024-09-04 06-44-34,25.98.59.28,-1158897695,internet,119.169.71.244,-678757835,1729958435,-27214,-35
huawei,-117,226058153086413,40710130641,2024-09-04 06-41-44,169.167.156.58,-873504752,internet,39.116.127.243,-327878098,2049804609,-32089,-99
huawei,-11,226059254887796,40783663194,2024-09-04 06-42-45,10.135.161.16,693880749,internet,99.140.232.180,-1919877454,-356657507,-23313,20
huawei,-45,226050237517440,40760077101,2024-09-04 06-44-41,50.132.242.253,-1688225583,ims,198.35.101.80,-699944507,549029899,14762,3
huawei,-72,226056936297785,40773564687,2024-09-04 06-40-59,175.171.187.17,1518435022,internet,77.204.223.91,-1546014937,-1738039115,24815,53
huawei,90,226050717206073,40798587465,2024-09-04 06-41-15,70.245.11.91,1238963250,ims,120.71.53.234,-162319647,-1769456603,9616,-22
huawei,68,226053392343127,40796891105,2024-09-04 06-40-29,39.136.235.255,-1700253885,ims,137.140.179.77,603288421,236397637,19262,-128
huawei,-24,226055222817837,40743631304,2024-09-04 06-41-10,97.163.133.13,1165786004,ims,229.103.209.201,-483758557,297796976,-14463,-5
huawei,101,226051263472522,40717798837,2024-09-04 06-44-51,6.12.70.76,1384009340,ims,202.3.254.21,-347206975,600982632,-6726,-20
huawei,-17,226054304749592,40725500812,2024-09-04 06-43-18,180.242.178.52,-123284447,internet,91.252.222.85,-1908616071,250616732,-29446,-12
huawei,-94,226056406729215,40703608248,2024-09-04 06-40-47,216.158.133.31,-883695598,internet,28.139.108.127,-742406012,2119035431,-6512,-16
huawei,-99,226054583998436,40750400117,2024-09-04 06-42-51,124.66.156.241,-1967204174,internet,75.97.60.81,1798393603,-914896011,-24079,-49
huawei,-74,226051419915631,40744585690,2024-09-04 06-40-54,76.168.91.208,2055140335,ims,82.40.238.206,-30472822,-205915277,7197,-56
huawei,14,226058226497278,40748518817,2024-09-04 06-42-44,77.31.118.134,-575210471,internet,187.127.203.120,1474038257,1465902321,13526,42
huawei,98,226056368389347,40791738431,2024-09-04 06-43-03,187.14.82.142,1996199902,internet,74.100.9.201,486302943,843250086,29837,-92
huawei,104,226056394300930,40702605388,2024-09-04 06-40-32,92.197.36.240,815945756,internet,143.69.255.233,882218489,-1422140723,26339,18
huawei,57,226058484435444,40769972207,2024-09-04 06-43-26,209.6.208.221,514679717,ims,210.37.246.230,1674024434,-2022178849,-32375,-39
huawei,-63,226055522535929,40717522618,2024-09-04 06-42-38,111.229.192.133,58187194,internet,123.116.102.207,-243920625,-564327310,-8876,89
huawei,37,226051563482070,40783008207,2024-09-04 06-44-53,101.185.158.229,-451255684,ims,195.195.99.247,307897533,338967622,-5100,26
huawei,83,226059766361775,40744838642,2024-09-04 06-42-19,28.3.10.194,-2016129047,ims,92.1.72.198,-736787053,529138075,26672,111
huawei,77,226052201971029,40798721149,2024-09-04 06-42-52,49.8.235.97,148936641,internet,139.187.204.163,-267542325,-1615311004,-3770,-45
huawei,-73,226050604930169,40790018600,2024-09-04 06-43-53,223.218.243.209,-1441832497,internet,202.217.29.239,-215266615,128433375,1345,49
huawei,109,226057554866610,40738935674,2024-09-04 06-41-14,17.96.110.250,-1670669849,ims,195.121.142.138,-244568317,-333383448,-28103,17
huawei,-100,226057671366422,40713963139,2024-09-04 06-42-20,96.124.98.34,-882752956,internet,118.229.150.119,1744418139,-1879847568,14745,102
huawei,-65,226054922584013,40732213197,2024-09-04 06-43-21,241.170.220.157,-985880160,internet,222.74.157.2,840049843,-1902613107,25582,26
huawei,-59,226057955589351,40773428386,2024-09-04 06-42-10,186.197.102.48,588742701,internet,59.11.75.49,-1150889309,1508980282,17155,-55
huawei,63,226050380015784,40753643200,2024-09-04 06-44-15,11.3.151.170,-273778037,ims,183.23.76.83,-1604321904,-468854291,20641,-70
huawei,-39,226055004645516,40755592122,2024-09-04 06-43-52,43.76.91.99,-1469675880,ims,169.23.200.166,1525941525,-2003062584,-2451,52
huawei,122,226056342919243,40767500229,2024-09-04 06-43-55,74.27.13.123,1647277123,internet,33.173.226.24,-577822582,-1098832538,31975,108
huawei,-86,226053253169241,40779797550,2024-09-04 06-40-38,166.235.73.226,274994109,internet,169.165.240.155,1160393919,1616012733,-5753,107
huawei,-121,226053201446802,40784097326,2024-09-04 06-41-19,121.205.86.28,809574585,ims,92.39.153.21,20875327,-2044920565,15752,16
huawei,81,226058544802203,40767613390,2024-09-04 06-42-13,132.70.69.147,-1238305873,internet,92.240.239.11,-1479506151,-633344162,-15947,22
huawei,-79,226051350398306,40703468521,2024-09-04 06-41-31,207.217.37.169,-440136872,internet,58.48.32.139,1577214765,-283476730,7370,83
huawei,40,226056512359837,40726891800,2024-09-04 06-41-52,66.71.148.187,1829266176,internet,50.234.15.12,-1994185448,615908666,-286,-122
huawei,8,226056218688701,40760215162,2024-09-04 06-43-37,98.24.249.15,1348739048,internet,100.49.220.71,338095693,583626311,20103,-77
huawei,-70,226053225868151,40760702465,2024-09-04 06-43-28,43.155.94.238,-585851886,internet,32.218.247.110,-673329289,1621755674,29745,117
huawei,58,226050720520905,40789120127,2024-09-04 06-44-18,212.52.59.254,-806509890,internet,10.33.136.51,1105774240,526883806,12296,-96
huawei,-54,226051455694096,40785828837,2024-09-04 06-44-31,68.24.105.9,-2021952,ims,65.34.174.94,-179559773,1070119136,1362,-72
huawei,-85,226056096130264,40767481108,2024-09-04 06-40-15,132.51.224.95,265457519,internet,187.231.169.45,-1000153124,-1526900828,-11675,58
huawei,33,226054503684058,40778718795,2024-09-04 06-40-26,54.177.149.140,-796084181,ims,145.32.79.2,-1835452592,-233175756,-13999,-65
huawei,-75,226059988406825,40753485320,2024-09-04 06-40-17,40.213.244.144,-55709399,ims,18.100.226.86,-1211587269,-678708601,-2995,63
huawei,-64,226054259918508,40702862941,2024-09-04 06-44-07,142.243.213.97,344521277,ims,33.61.31.133,2073096167,1817047281,13074,2
huawei,77,226055566094852,40728319764,2024-09-04 06-43-16,172.147.167.20,800844697,ims,39.178.112.106,2065387670,-284166309,-1972,-69
huawei,60,226059744400065,40769929098,2024-09-04 06-44-52,202.130.28.14,37050144,internet,252.7.253.14,-148903271,1913636930,4486,-32
huawei,65,226052114163168,40712232817,2024-09-04 06-42-22,245.140.133.213,-1246189355,ims,240.236.136.146,2014828043,1464416855,31511,18
huawei,23,226059706291470,40793668695,2024-09-04 06-44-24,28.219.164.53,-438585852,internet,140.35.175.110,1758182058,495959110,-2962,93
huawei,-107,226059013281553,40794572840,2024-09-04 06-42-52,199.31.195.245,-1399541701,internet,133.122.6.219,1927396263,800626644,-18438,-18
huawei,73,226059101610532,40712199280,2024-09-04 06-41-27,41.191.154.85,-1106838982,ims,141.131.120.190,-1000069931,-387705401,-27777,40
huawei,78,226053208336929,40761385596,2024-09-04 06-41-11,60.35.145.90,1924130500,internet,227.33.198.211,-1370297500,-574977975,-2774,115
huawei,-41,226052048414279,40721133194,2024-09-04 06-40-15,84.182.37.140,-1195555159,ims,124.193.92.135,1000196368,270504687,-19071,106
huawei,-58,226054476228997,40752831272,2024-09-04 06-40-07,177.27.212.242,-198236234,internet,201.200.67.165,1974177322,-455357498,25247,-7
huawei,21,226050471646855,40721897300,2024-09-04 06-44-17,155.54.75.166,493158020,ims,137.224.84.205,1025684740,363032869,-16327,75
huawei,-4,226056569617373,40790584788,2024-09-04 06-40-06,189.53.200.212,877849755,internet,107.6.15.181,829771789,1180298350,22774,-65
huawei,114,226053620353901,40765854235,2024-09-04 06-40-03,40.20.10.209,-1078607819,ims,249.35.64.82,-842713587,-1494936727,4521,-114
huawei,-122,226055681896101,40779633510,2024-09-04 06-40-42,175.152.213.96,1453406854,ims,171.119.57.198,-1088727411,1625658783,19377,35
huawei,36,226050996206101,40743041885,2024-09-04 06-41-57,64.17.173.99,-2062960290,ims,1.52.16.222,-128489448,1462594601,10069,107
huawei,24,226055528597731,40749818258,2024-09-04 06-43-04,217.183.245.230,-370971962,ims,145.69.144.105,744423063,-698477947,21432,110
huawei,-43,226055412573692,40741472073,2024-09-04 06-40-46,3.207.153.94,-9941926,internet,12.236.238.179,717646679,-1234446401,-2149,-6
huawei,35,226052413663574,40741373513,2024-09-04 06-43-14,191.182.6.44,701105252,internet,199.232.37.254,395061663,-195068735,3719,79
huawei,103,226054608693250,40783525821,2024-09-04 06-40-36,230.124.49.232,-2110222349,internet,131.227.35.30,415742640,571549138,12372,11
huawei,89,226055533335832,40761012605,2024-09-04 06-40-10,83.248.72.176,-872342908,internet,57.222.57.251,-832596585,-348898316,13519,40
huawei,-55,226055661639106,40754979839,2024-09-04 06-43-33,59.179.181.104,-1998362972,internet,72.185.253.103,31653521,-843873798,-13351,123
huawei,24,226052692169121,40748102764,2024-09-04 06-41-43,130.27.114.22,1371404015,internet,38.144.184.11,-801605094,900180776,-7315,83
huawei,-97,226052515953077,40783543057,2024-09-04 06-41-48,181.225.164.26,-1190452548,ims,27.116.242.76,-448036043,1680709869,25074,-12
huawei,96,226056558428715,40709808858,2024-09-04 06-42-14,149.124.53.73,1326026830,internet,57.97.205.200,-353041249,1516939212,-15836,-67
huawei,24,226055106413232,40736638419,2024-09-04 06-41-32,37.205.236.245,-116469576,internet,24.212.28.112,-555233060,-730745424,15462,106
huawei,-73,226057876688933,40771739335,2024-09-04 06-42-13,89.42.51.84,75694172,internet,134.28.42.251,-1290657643,658562602,10099,71
huawei,-123,226057821218318,40735986488,2024-09-04 06-41-22,207.186.49.171,-255749761,ims,68.181.150.84,-551549049,1652047587,3539,21
huawei,118,226057419303323,40790649744,2024-09-04 06-42-59,206.112.105.157,71931757,ims,240.216.217.51,-1883315083,-968029865,-27364,93
huawei,-34,226052976662178,40784323111,2024-09-04 06-44-36,198.201.128.185,255877500,internet,34.125.164.30,-1086307764,-155580107,6728,-109
huawei,8,226059312638638,40771262243,2024-09-04 06-44-05,97.167.234.131,-1757536668,internet,57.199.187.238,1940271891,407213602,-17704,47
huawei,-96,226050515798324,40701589328,2024-09-04 06-43-30,211.83.117.149,-1609624931,internet,161.230.46.237,1117014401,-691026615,-22563,-87
huawei,127,226056127903031,40753800956,2024-09-04 06-42-40,37.131.107.146,-963627143,internet,193.155.17.65,-1798394640,-1887586600,4108,105
huawei,-118,226053465597188,40758624026,2024-09-04 06-43-55,33.97.226.83,331930962,internet,68.143.105.42,73173886,359070887,8012,-107
huawei,-42,226058566174764,40778530778,2024-09-04 06-40-33,33.177.140.14,-495296342,internet,73.16.177.228,-2099362860,-326562795,13534,94
huawei,-89,226052238766036,40796932195,2024-09-04 06-41-37,89.125.36.194,-437496457,ims,222.114.200.97,287542471,-327391660,30518,-30
huawei,-106,226058319947636,40734716411,2024-09-04 06-41-56,223.99.120.229,2140113286,internet,207.123.5.15,1877217742,-944774186,-14229,32
huawei,-9,226058050044724,40748641503,2024-09-04 06-41-47,90.123.131.185,365220583,internet,184.253.120.50,733822310,2040344927,20458,3
huawei,58,226053431490790,40715099182,2024-09-04 06-42-34,153.235.247.175,-864402107,ims,180.162.147.206,-172803278,-690420540,-29937,111
huawei,50,226059857723876,40765234484,2024-09-04 06-44-57,97.158.110.183,-1766877094,internet,65.118.196.93,385768066,1307173728,23157,75
huawei,39,226057892109045,40739066755,2024-09-04 06-40-27,183.45.131.115,-225664108,ims,150.29.28.6,1175895030,1243996475,-29224,3
huawei,-77,226053624543014,40725414052,2024-09-04 06-42-06,121.39.144.134,-2140436683,ims,21.168.244.171,329200078,2085008115,-30410,-65
huawei,-123,226059452737296,40726829506,2024-09-04 06-43-19,40.25.37.230,1527326472,internet,166.213.116.71,-669705491,-595469132,-13850,-29
huawei,83,226050143448021,40795533472,2024-09-04 06-44-09,61.43.129.125,-519881336,ims,182.225.36.235,-2072422521,1674879396,21074,78
huawei,118,226055863308727,40708019907,2024-09-04 06-40-03,15.227.56.68,526288488,internet,122.5.160.111,2132244464,-843554423,29729,-26
huawei,49,226059051550211,40770285430,2024-09-04 06-44-27,126.74.32.222,-1826581038,ims,159.81.47.250,-289667195,1133921179,-28402,0
huawei,58,226058824134192,40793888216,2024-09-04 06-42-34,221.136.211.47,865809681,ims,200.163.187.180,490771605,-439383381,3392,-98
huawei,84,226053958360765,40739956859,2024-09-04 06-42-25,235.184.195.228,-771030800,internet,126.213.196.183,-1040311227,1810264243,23732,-6
huawei,-121,226051996616337,40729727174,2024-09-04 06-41-07,149.108.165.111,1860772689,ims,127.250.243.157,-1786214348,-275970629,27690,-90
huawei,-108,226057958354271,40737335762,2024-09-04 06-43-51,53.97.221.8,-488767554,ims,228.247.156.29,-911280552,-1047033809,-11351,-63
huawei,63,226059745097333,40706234909,2024-09-04 06-44-26,36.76.71.100,-859896410,internet,204.65.155.219,-706708493,-1194496250,-4911,117
huawei,-107,226050010248735,40729214764,2024-09-04 06-43-51,43.223.134.171,1461946515,internet,160.90.108.93,-759808847,1433632020,21424,39
huawei,74,226052377887657,40734178080,2024-09-04 06-42-19,49.221.229.253,537401399,internet,199.12.105.52,-1923109252,186528287,-17220,-116
huawei,63,226056961724856,40745421481,2024-09-04 06-40-34,18.48.168.42,-1711327709,internet,102.215.76.183,-183110543,-335710811,-10684,-21
huawei,-106,226059990009245,40703890973,2024-09-04 06-42-01,255.233.87.50,-188116358,ims,92.121.245.167,-721539800,1354971732,11880,-24
huawei,27,226055841072806,40797350796,2024-09-04 06-41-20,230.161.5.204,-2112565038,internet,137.166.113.120,1017199145,-57004205,-284,-34
huawei,76,226053422389866,40750914394,2024-09-04 06-44-55,212.243.175.185,767849362,ims,78.220.112.26,-764417957,627609398,-27308,71
huawei,-16,226053128931726,40716113610,2024-09-04 06-44-45,227.232.29.251,-1650666024,internet,195.158.190.230,-1640539041,-1389622795,11484,108
huawei,-34,226050950274949,40753715919,2024-09-04 06-41-58,127.194.32.15,-1695893277,internet,41.13.106.151,-197865311,3440694,-30242,-108
huawei,-59,226058595309161,40752031603,2024-09-04 06-40-05,225.31.3.122,1729450425,internet,22.25.210.254,-380163164,1617522086,-25119,-93
huawei,-115,226056517870067,40774600098,2024-09-04 06-40-50,196.46.219.136,2018633221,internet,59.213.18.236,1532806886,-171239402,17803,10
huawei,-21,226050454891640,40785193921,2024-09-04 06-40-56,91.174.207.189,-1627882298,ims,45.62.163.230,-489246912,-173736437,-22748,76
huawei,102,226052774823444,40743482569,2024-09-04 06-40-13,111.223.136.219,-750474573,internet,208.149.33.246,-1365243882,1412819965,5034,-51
huawei,-12,226051428514669,40746361439,2024-09-04 06-41-03,200.218.197.214,-659609467,internet,124.207.254.192,841300930,1165990891,21573,8
huawei,74,226057728792104,40707702632,2024-09-04 06-40-59,71.115.78.33,-246671090,ims,255.240.85.244,-41315814,-879313446,6244,73
huawei,-6,226059452386398,40735642586,2024-09-04 06-43-54,94.249.239.67,1113417586,ims,172.13.220.75,-1081516675,-1256907427,-16392,70
huawei,33,226050443391692,40720522884,2024-09-04 06-43-04,216.46.3.11,717819786,ims,120.53.85.228,2008892843,-650332215,-28500,34
huawei,114,226051646656509,40728597839,2024-09-04 06-42-31,156.87.12.87,1294783151,ims,139.154.90.193,1964836173,-2047329057,-18021,-26
huawei,-43,226052648585202,40738383365,2024-09-04 06-43-02,122.243.112.141,-966380982,internet,45.139.122.14,-510790043,1885795582,-8654,-55
huawei,-79,226055079246449,40707071321,2024-09-04 06-43-19,114.206.88.124,1589516570,internet,209.173.228.43,1571206771,842054325,-24447,-17
huawei,22,226056721447299,40719657118,2024-09-04 06-42-36,5.107.98.151,-394506655,internet,49.22.54.8,-1316097572,2039125647,-14467,-51
huawei,87,226052896813892,40757650199,2024-09-04 06-41-43,101.76.31.143,1131662469,internet,253.209.90.216,-1157352088,-838309260,9155,-121
huawei,-86,226051588611538,40713443274,2024-09-04 06-41-39,49.59.147.139,-340887240,internet,117.181.101.235,-1328368984,1328323826,29245,-48
huawei,9,226059805782981,40769416671,2024-09-04 06-40-53,251.208.163.90,1020476269,internet,217.117.249.133,331793883,-1515139359,30016,-54
huawei,80,226056370771992,40727289869,2024-09-04 06-42-30,67.89.47.73,-351795812,ims,132.104.212.12,2796,623622324,-18148,87
huawei,-3,226054143849689,40760280746,2024-09-04 06-44-23,98.53.104.78,-619707028,ims,131.56.45.81,-175773714,1539539503,31903,113
huawei,44,226050356861753,40781378267,2024-09-04 06-44-03,81.19.34.58,-1760294471,internet,208.194.72.40,544872215,2034404077,20723,-85
huawei,-22,226055154332368,40736236410,2024-09-04 06-44-42,25.57.152.106,-263885750,ims,148.8.194.237,766330057,-1537153630,-31426,97
huawei,49,226059844424683,40784356664,2024-09-04 06-43-38,221.127.76.48,2101767518,internet,59.182.20.82,1788615790,753802338,-117,-81
huawei,114,226053111433687,40792320723,2024-09-04 06-42-48,195.77.83.234,-163181523,internet,227.230.131.207,806306888,422710614,-29296,-23
huawei,-74,226059970371556,40774862709,2024-09-04 06-43-47,56.130.75.133,640320881,ims,72.166.250.245,547957081,-878008756,-3856,-12
huawei,71,226055835182487,40779640008,2024-09-04 06-43-53,148.103.231.166,-1698182842,internet,142.241.108.42,1218950540,-1757493751,-17241,-19
huawei,-38,226053732675762,40710837006,2024-09-04 06-42-59,48.66.78.248,1157478641,ims,91.102.174.154,-460358514,-849149251,-8738,-4
huawei,63,226058575654592,40763152506,2024-09-04 06-41-41,202.30.170.95,-2001192181,internet,85.202.248.185,2135230184,-1367794065,-11772,7
huawei,106,226054382327464,40707689058,2024-09-04 06-42-30,82.169.11.190,736138824,internet,161.132.198.253,1469181468,1903157387,-7930,28
huawei,72,226055990846202,40735987892,2024-09-04 06-40-04,160.132.63.141,844951484,ims,57.214.95.161,798208536,1500938956,-24958,95
huawei,89,226053245612524,40708983835,2024-09-04 06-40-54,84.222.105.29,-1440314657,internet,14.227.150.37,-1150549000,-1285081674,-432,25
huawei,13,226055671729837,40743503721,2024-09-04 06-40-34,49.180.59.216,481378080,internet,157.195.45.212,-1283923983,636938872,18586,103
huawei,67,226058024246995,40783375989,2024-09-04 06-40-45,36.243.102.1,-8289315,ims,117.56.22.178,726912599,928375423,9328,122
huawei,-112,226053385317052,40715757242,2024-09-04 06-43-53,192.0.0.6,8275902,internet,81.149.102.118,608423547,2024377192,23300,-86
huawei,37,226052155255690,40781539116,2024-09-04 06-42-16,100.187.134.87,-1072683854,ims,54.80.4.15,366540582,-1489918015,24621,112
huawei,-37,226056205699968,40704137650,2024-09-04 06-41-03,227.30.204.9,1693892851,ims,220.204.75.1,-340665310,1072983467,-17836,-13
huawei,-26,226050915774786,40746179354,2024-09-04 06-44-26,7.151.100.45,1896407520,internet,139.253.82.63,1495934986,431735947,-15304,-89
huawei,-71,226058390292244,40726649104,2024-09-04 06-43-15,215.180.125.186,-1536044924,internet,197.19.40.144,1465448581,-452815372,-28014,77
huawei,61,226058925591616,40780700529,2024-09-04 06-42-06,185.243.216.196,-1743415164,internet,252.251.158.233,-151550240,1025028536,20253,62
huawei,64,226052740105013,40706272417,2024-09-04 06-41-13,252.35.165.107,-1132635602,internet,17.54.193.152,-1873348216,-1858455179,12640,10
huawei,-2,226058979630596,40716904370,2024-09-04 06-44-38,12.24.54.144,-1591098003,internet,93.104.176.169,1093825354,-780218142,24277,58
huawei,45,226056796412225,40715060293,2024-09-04 06-40-49,172.95.88.86,-109681184,ims,248.85.57.7,531378246,1961940926,-26239,49
huawei,38,226056935977812,40729123457,2024-09-04 06-44-06,14.31.162.98,-1160548018,ims,123.83.212.243,1441079113,-800953193,-29605,-36
huawei,119,226055820109153,40727271426,2024-09-04 06-42-32,12.124.36.153,-1639601358,internet,58.59.238.143,2019094300,1180300714,27899,-11
huawei,-86,226058341364217,40703914310,2024-09-04 06-43-07,144.155.92.48,1151640633,internet,195.182.96.166,-837223181,-171839187,32425,-115
huawei,-73,226059982821184,40713053298,2024-09-04 06-41-40,224.112.186.241,-1279987219,internet,16.219.97.224,-1007258443,-1192031230,31981,-23
huawei,95,226051900513255,40740795180,2024-09-04 06-41-11,60.23.74.66,269305521,internet,116.14.64.143,222404823,727633130,-31751,54
huawei,-99,226052684933739,40733097438,2024-09-04 06-41-11,186.171.46.26,-1551236606,ims,171.62.70.125,134040034,-2146321793,828,-118
huawei,94,226057682416631,40700390511,2024-09-04 06-40-14,12.36.28.239,954157763,internet,190.35.99.155,1933320510,-582181075,32024,69
huawei,99,226055272518110,40797318493,2024-09-04 06-44-50,148.25.190.92,816674399,ims,180.255.131.215,-597390118,-53647763,-17148,-30
huawei,-74,226050073822195,40777301311,2024-09-04 06-40-01,38.112.50.136,583930986,ims,102.16.191.234,-1033227730,656476728,-9660,37
huawei,25,226052661639876,40740604404,2024-09-04 06-41-24,28.251.75.37,1915200725,ims,229.126.212.70,230529863,61987798,-24849,-59
huawei,18,226056735839036,40782249156,2024-09-04 06-40-33,238.139.98.196,-292486461,internet,185.201.215.124,574134012,-876794079,-12987,116
huawei,121,226058603403308,40739249808,2024-09-04 06-43-38,169.53.161.202,-1453953529,ims,168.101.45.92,1788393337,-1017659925,-6583,98
huawei,74,226054746500397,40719865217,2024-09-04 06-44-54,156.170.33.120,-247550975,ims,109.80.203.1,1550986755,-1116356907,-25692,33
huawei,-6,226059662434343,40742078319,2024-09-04 06-43-42,119.70.225.174,1849025087,internet,124.237.21.240,1431162026,385577847,-3140,0
huawei,60,226053481853926,40768827823,2024-09-04 06-42-47,68.151.217.57,-1768836910,internet,104.204.31.195,833818094,1444719745,-12162,104
huawei,-15,226053826664447,40779689219,2024-09-04 06-42-52,171.177.218.95,-2049846445,ims,14.68.229.138,540143333,368714372,-7478,65
huawei,-63,226053311690986,40787280679,2024-09-04 06-42-20,67.170.183.66,-387944389,ims,143.117.198.237,868941744,-1092398957,7083,90
huawei,-122,226059179657679,40794669857,2024-09-04 06-44-32,143.236.101.7,-647046293,internet,215.232.53.228,123194250,-1743685226,27609,-120
huawei,19,226056643216184,40716554073,2024-09-04 06-43-46,141.11.247.140,1859501249,internet,79.255.1.138,-997245709,-353908051,31606,80
huawei,-59,226052962635057,40775172613,2024-09-04 06-43-21,47.186.111.251,-500300739,ims,214.171.138.63,-1941200690,-350346116,-29439,107
huawei,-103,226053422469401,40776600413,2024-09-04 06-42-00,231.110.63.111,-1856076463,ims,250.143.208.140,956434099,-1024413529,19983,-67
huawei,-47,226050623912450,40720612641,2024-09-04 06-44-32,48.111.19.114,-1013551993,internet,206.255.243.86,-1374167304,739861949,-24747,20
huawei,-85,226052321207014,40718379574,2024-09-04 06-41-28,18.149.112.72,1617647693,internet,184.139.24.134,1824279957,1737364910,-29012,-49
huawei,61,226056050691202,40735250656,2024-09-04 06-42-05,109.143.162.119,133004040,ims,219.99.219.251,-29040232,-1938586415,2547,-12
huawei,88,226053820703486,40711735874,2024-09-04 06-44-52,52.105.94.96,-1925611602,internet,224.244.191.23,2091934624,22395400,31573,-80
huawei,63,226051152577466,40783834439,2024-09-04 06-41-53,221.4.57.114,-2004245982,internet,16.133.50.23,-2040681,1863746683,17819,101
huawei,48,226054179831901,40728758569,2024-09-04 06-42-09,220.11.69.75,-1736704186,ims,233.216.252.31,-1444295068,860578249,2580,102
huawei,68,226056797318087,40724279508,2024-09-04 06-41-42,213.117.18.97,-453122271,ims,211.48.225.25,-1890117184,1996090812,-11204,124
huawei,-22,226055427626075,40752539622,2024-09-04 06-42-50,197.121.116.84,-360871458,ims,102.42.72.180,2147429218,93720698,-19674,-80
huawei,-28,226057268243252,40760769831,2024-09-04 06-41-15,125.235.251.143,315733452,internet,216.130.211.72,-531226856,710131759,30457,-14
huawei,100,226059505352875,40732847825,2024-09-04 06-42-47,133.251.151.9,751046611,ims,106.113.78.239,630033892,1352870202,-954,120
huawei,121,226057277332516,40790987828,2024-09-04 06-41-38,96.21.57.38,-1698285272,internet,2.27.87.181,-628089577,-1714146409,30221,-99
huawei,69,226055515496317,40716841956,2024-09-04 06-43-52,231.197.16.168,-1046709153,internet,82.46.206.223,514806682,-645708737,-15869,107
huawei,-56,226053870609386,40742678318,2024-09-04 06-40-46,159.61.105.80,-1302497320,internet,245.220.34.235,1323177782,934365575,20818,64
huawei,-97,226055635274348,40703645058,2024-09-04 06-41-55,110.253.170.139,-1527111284,internet,238.127.249.25,202244489,-1041096120,-5523,57
huawei,-3,226055797574209,40733044329,2024-09-04 06-40-10,154.69.104.226,-505310367,ims,230.69.97.188,-426510895,1477719525,436,83
huawei,-92,226058182234831,40715870313,2024-09-04 06-40-17,213.114.150.120,364391807,internet,220.39.243.209,1598195227,-1385083076,-5386,-26
huawei,-14,226055599477532,40736214853,2024-09-04 06-41-40,209.5.51.136,1986559673,ims,119.187.180.184,2117890830,1019676029,-15858,-118
huawei,-75,226050708436371,40752702617,2024-09-04 06-42-22,166.54.54.59,-746129719,internet,70.98.42.58,1291998743,1673234771,14684,101
huawei,107,226051530777041,40730721984,2024-09-04 06-40-30,239.193.188.52,-1789042538,ims,242.82.61.121,1297357581,1304072418,27328,-24
huawei,-61,226050823890392,40705831117,2024-09-04 06-42-21,233.66.59.202,-1947510591,internet,78.223.100.237,1959032099,-385195791,-21847,-128
huawei,-4,226057826391149,40751806328,2024-09-04 06-44-14,114.189.254.194,933249556,ims,87.55.9.217,-291428576,1172493192,23762,43
huawei,-87,226054875524231,40773752804,2024-09-04 06-41-34,112.102.233.49,480164165,ims,82.35.37.12,2000337856,426268507,-779,93
huawei,62,226054389904269,40756809794,2024-09-04 06-42-52,107.84.83.238,-669784729,ims,220.177.193.157,-748584446,-339989324,16256,-37
huawei,111,226058214117616,40790688922,2024-09-04 06-41-16,199.193.46.7,152141805,ims,241.143.241.9,130576651,1485541718,-11712,64
huawei,24,226050020223718,40786713363,2024-09-04 06-43-07,122.254.145.231,509460022,internet,247.140.190.2,-957196733,386901219,5140,106
huawei,-111,226054045624954,40747342390,2024-09-04 06-42-13,112.11.198.212,1957379234,internet,14.179.155.168,1511624238,77913007,27534,49
huawei,98,226055262662061,40707538770,2024-09-04 06-42-54,241.223.182.69,-2055827753,ims,102.224.155.20,-2016055196,1063328489,-13716,54
huawei,61,226053737377356,40748456228,2024-09-04 06-42-01,36.11.171.93,-322578144,ims,246.228.36.122,-2146469715,664233086,-30396,-72
huawei,-120,226053312552164,40776244934,2024-09-04 06-44-11,228.242.195.55,-1977444269,internet,10.15.159.28,195698040,655695628,-22567,32
huawei,-107,226057219953197,40797910402,2024-09-04 06-42-16,202.245.234.38,-1159998470,ims,88.195.11.15,-235396547,662945331,30711,61
huawei,-76,226054380605374,40783735703,2024-09-04 06-44-04,107.254.169.167,-1085093684,ims,130.80.75.13,915192487,-282977794,-20873,32
huawei,48,226057683472316,40768984630,2024-09-04 06-43-43,102.189.53.96,-1255185358,ims,63.58.130.195,-2042672666,113694134,-13335,-50
huawei,73,226052130680169,40720246192,2024-09-04 06-43-48,132.139.109.148,-579724570,internet,160.131.202.94,-700090700,-79784705,1966,-126
huawei,83,226058917925089,40790065009,2024-09-04 06-41-04,174.126.114.219,1827157409,internet,88.79.136.231,1084836889,-705145961,-24338,66
huawei,95,226050232295382,40759385761,2024-09-04 06-41-53,126.187.47.205,673294513,ims,213.197.170.203,-623793218,-1578942467,31433,-62
huawei,41,226056477711982,40781605525,2024-09-04 06-43-59,245.77.43.211,-1383218773,internet,192.156.160.7,1561075284,882363419,-17436,109
huawei,68,226052281031308,40795055060,2024-09-04 06-44-44,53.162.226.150,-2065169868,internet,180.147.238.75,2107374115,332168044,19687,-72
huawei,-25,226051101970129,40710949245,2024-09-04 06-42-45,56.171.73.64,1625035436,internet,189.214.69.99,1668608738,-1526744667,-7648,-16
huawei,-87,226052581824527,40709600739,2024-09-04 06-42-17,23.192.161.149,-1030451341,ims,201.0.63.18,1331659234,-1758614605,-22714,27
huawei,79,226050665520221,40736228110,2024-09-04 06-41-34,186.160.149.124,115559633,ims,208.72.215.120,-1729554915,1025385225,-20850,109
huawei,-33,226053584201134,40700554610,2024-09-04 06-43-52,155.163.116.57,-61187482,internet,83.111.84.156,686420511,-1391918555,936,63
huawei,-84,226054811058086,40752826549,2024-09-04 06-40-08,161.196.198.23,-1153558280,internet,10.200.111.98,-1342966636,-386549992,-28646,2
huawei,54,226054021935666,40726564474,2024-09-04 06-42-24,238.75.134.101,-1940852218,ims,255.179.222.223,-1193305626,611069710,-1137,-56
huawei,119,226055379498634,40771811373,2024-09-04 06-42-51,205.146.58.108,-728737873,internet,58.10.94.226,1216563064,-1941327312,13339,-4
huawei,125,226053822638867,40769196657,2024-09-04 06-40-07,24.17.39.119,1141732746,ims,255.236.59.48,-1015928628,-1047777270,-23588,-43
huawei,-40,226052204834537,40723808992,2024-09-04 06-41-04,179.208.164.199,1409863887,ims,231.84.129.154,-1285763816,-75355905,5869,0
huawei,-23,226055070689659,40771607253,2024-09-04 06-42-16,248.218.3.80,-268502003,internet,229.71.48.68,369484041,1476950702,21387,-119
huawei,93,226054615824180,40770940986,2024-09-04 06-41-58,57.225.166.141,-300236981,internet,208.153.19.138,-235743884,1464793283,31759,-13
huawei,11,226059436006371,40717528005,2024-09-04 06-42-30,96.210.242.18,-1410135060,internet,4.135.186.134,-858235624,1562548947,6515,-31
huawei,26,226058103400640,40761209164,2024-09-04 06-43-19,202.209.253.58,2054269560,ims,243.184.17.73,150460354,-601178015,-21211,93
huawei,-74,226050130321455,40785391686,2024-09-04 06-40-33,7.84.134.212,-1483482485,internet,218.203.117.245,-799037644,97794385,22361,-125
huawei,-61,226052094543241,40732498845,2024-09-04 06-41-50,11.173.178.161,-39820598,internet,168.122.89.39,-839805298,1673482173,22055,-59
huawei,50,226053832068545,40763595920,2024-09-04 06-40-51,190.63.209.27,273047364,internet,135.223.40.217,-187111874,941450212,-27417,55
huawei,17,226057511834970,40767396233,2024-09-04 06-42-32,81.87.76.104,168933497,internet,32.179.7.139,-78249348,-952982938,26383,56
huawei,70,226057898530062,40743910059,2024-09-04 06-44-22,173.246.102.131,-28043536,ims,162.160.156.180,-1669735327,1769542138,14713,82
huawei,5,226059481530905,40735019275,2024-09-04 06-42-40,189.239.47.71,-1383479378,internet,5.118.41.238,-477217884,-343289243,24643,11
huawei,116,226057288868124,40799811786,2024-09-04 06-43-00,141.239.91.48,-1471694229,ims,183.217.186.70,-838143427,2107111693,13331,44
huawei,-21,226059599864730,40756709590,2024-09-04 06-40-57,243.8.15.199,72881527,internet,109.158.159.62,-753577682,2023490858,309,126
huawei,-56,226054166595051,40736044414,2024-09-04 06-41-57,217.63.245.74,21662748,internet,129.205.133.200,-1104531630,619920288,-2843,57
huawei,23,226056088515857,40725375275,2024-09-04 06-40-28,7.224.140.198,-766278556,ims,8.252.117.253,390676874,177807690,21935,-36
huawei,-102,226051002920492,40701921479,2024-09-04 06-44-58,171.58.183.12,-1952202419,ims,251.119.237.217,336372382,1712125108,24162,2
huawei,13,226051170778087,40788217969,2024-09-04 06-43-32,241.98.230.81,-1467859934,ims,103.249.206.250,-1950862316,2110610252,16612,72
huawei,-8,226053486855575,40713353961,2024-09-04 06-44-14,109.212.133.175,-419318885,ims,55.119.184.173,162177963,-478651071,18246,39
huawei,83,226056113441679,40732251494,2024-09-04 06-43-53,165.205.221.118,1616314171,internet,66.82.204.40,-1312746684,522308769,5941,40
huawei,60,226058831405808,40768059147,2024-09-04 06-41-37,140.117.12.27,1606594096,ims,143.89.222.252,-2140997934,186940432,32351,-37
huawei,93,226059128466359,40700308300,2024-09-04 06-43-00,166.168.0.32,2140071886,ims,217.228.15.167,1627701707,-415346475,-15082,33
huawei,-92,226055557640797,40731132210,2024-09-04 06-44-36,211.1.26.166,-970006713,internet,55.166.167.192,151428543,1857437568,-1763,-1
huawei,3,226055556388176,40736483942,2024-09-04 06-43-33,254.77.240.172,-1215351435,ims,196.215.118.114,-1117909897,697689032,-9374,-94
huawei,-52,226057345914339,40713009259,2024-09-04 06-40-40,27.116.128.0,-2005995960,internet,102.249.5.199,-1372314009,-528643270,29493,-26
huawei,96,226054967950726,40732718406,2024-09-04 06-44-17,110.104.150.25,167319019,ims,231.63.43.206,-1923899016,105837098,13417,-104
huawei,-6,226050005454178,40756519117,2024-09-04 06-42-18,237.231.224.223,1676962269,ims,150.247.184.120,1089465334,-314145658,26078,55
huawei,62,226054605424012,40744636058,2024-09-04 06-41-25,6.40.66.181,-1063308319,ims,231.130.221.136,601022074,-1719748106,-17982,-94
huawei,35,226055993309924,40723764764,2024-09-04 06-40-01,77.121.151.76,278362773,ims,188.187.52.2,343985935,-974857391,-22194,-26
huawei,2,226055544841963,40761899702,2024-09-04 06-41-51,17.110.4.156,-714310198,ims,211.2.3.142,-939560824,374014203,26676,81
huawei,-41,226055849364645,40747139509,2024-09-04 06-43-11,31.248.58.101,-40425019,ims,201.90.13.254,479481630,-391048075,750,-22
huawei,-66,226050015041634,40764331628,2024-09-04 06-43-18,60.18.183.229,-1680763709,internet,117.208.39.165,-1245492869,1665194555,-22642,-24
huawei,12,226057469446639,40786576255,2024-09-04 06-40-21,112.113.199.51,1479662603,internet,63.48.160.163,-594522134,-1437193892,-1614,24
huawei,-128,226055286127178,40772994991,2024-09-04 06-42-23,195.166.88.41,1767272391,ims,159.129.44.145,-1671490511,-254019004,-30901,-50
huawei,-63,226056274414047,40786236801,2024-09-04 06-41-04,137.96.134.68,-237367747,ims,242.39.8.151,-41684290,450901171,28660,-14
huawei,8,226057068986799,40764473812,2024-09-04 06-40-26,64.233.43.246,1626096078,internet,228.144.29.145,1630630587,140163541,-5089,35
huawei,122,226055266272176,40730581789,2024-09-04 06-41-34,99.219.201.196,-1285120615,internet,190.210.186.242,-543833518,-810533452,-32052,-42
huawei,-78,226051174301010,40740625162,2024-09-04 06-42-22,32.112.23.237,-1635747936,ims,88.35.21.23,1481441091,677905618,-4767,72
huawei,21,226052312608605,40712927767,2024-09-04 06-42-43,210.177.233.22,1781066368,ims,155.25.93.99,-98513291,1275737771,-31448,-119
huawei,47,226051247725778,40744033048,2024-09-04 06-42-50,138.195.104.169,896170557,internet,194.178.122.79,891104566,-1441070423,-27464,-115
huawei,-24,226054028336548,40761462918,2024-09-04 06-44-01,48.203.235.19,-898430782,internet,91.114.11.188,-166180248,133587140,-23797,108
huawei,-24,226051758614609,40719562867,2024-09-04 06-43-47,88.225.183.120,-233783042,ims,245.115.180.213,-1673582611,1571239042,15887,42
huawei,-25,226050678151715,40734590387,2024-09-04 06-40-27,213.9.189.129,-118069468,internet,95.99.123.210,827954161,-1065323138,9981,122
huawei,-3,226051550764502,40719416097,2024-09-04 06-43-37,73.50.36.177,476982624,internet,186.106.143.41,-2119462793,1649834158,-709,33
huawei,-84,226054350110465,40754587455,2024-09-04 06-40-39,247.122.212.8,-696857160,internet,24.23.58.135,116434409,-1650794312,26699,95
huawei,-54,226059057538053,40742774135,2024-09-04 06-41-44,15.199.59.209,-1187508048,internet,46.177.59.188,-1000785512,-1295716690,-10827,-77
huawei,-45,226055812766435,40798315661,2024-09-04 06-42-56,50.204.70.118,708635430,ims,74.36.108.59,-1632731018,-1921062836,5264,46
huawei,6,226055126374661,40788973042,2024-09-04 06-44-55,51.98.114.96,-586220981,internet,55.64.7.132,309127017,-321232305,8596,-31
huawei,2,226051593723474,40771184349,2024-09-04 06-44-31,97.245.114.243,-779321501,ims,219.90.156.96,-2143293212,364956674,-26814,67
huawei,-8,226050682149799,40748072671,2024-09-04 06-43-25,191.249.39.6,-400979594,ims,212.112.125.45,-874541713,455220455,-10809,-10
huawei,35,226059414236689,40779405766,2024-09-04 06-42-23,49.59.19.171,1182752316,ims,166.106.161.209,-1116567516,1583747372,3446,-11
huawei,62,226051783181780,40779447152,2024-09-04 06-43-27,130.215.121.98,-498574619,internet,107.48.4.59,-1914944973,1816378888,-20373,-13
huawei,51,226058844060104,40737863212,2024-09-04 06-44-45,191.237.88.234,-721084309,internet,56.155.132.78,-264950919,1565058386,8129,-47
huawei,26,226059499725808,40751273237,2024-09-04 06-40-11,152.80.179.145,-674613289,internet,218.98.95.156,-1148039085,-789198045,-26075,113
huawei,-51,226053027729105,40709717638,2024-09-04 06-40-42,210.249.90.200,-29376195,internet,183.22.208.68,1902321946,933280448,5602,-104
huawei,-60,226050597873862,40716073069,2024-09-04 06-42-01,82.178.79.241,1130899203,ims,34.141.10.247,-918997421,2129153396,9828,55
huawei,31,226056668758878,40794127526,2024-09-04 06-41-29,13.47.85.65,740886153,internet,191.167.159.247,-1242365178,-1354768132,10067,111
huawei,40,226058003258147,40797962084,2024-09-04 06-44-18,164.108.49.214,-756795827,ims,142.42.252.176,-493621864,-1120802848,-15178,-119
huawei,-51,226053127449749,40724130216,2024-09-04 06-43-04,226.88.13.245,-1468154433,internet,191.231.217.10,-1998758165,1943395717,-20169,98
huawei,58,226050081561297,40788667944,2024-09-04 06-43-31,56.46.255.14,994172921,internet,128.176.36.92,12526564,925592950,16445,1
huawei,88,226058340044443,40796984426,2024-09-04 06-41-19,54.245.35.228,972360099,internet,73.124.157.237,-699296042,1033379951,-3869,-123
huawei,46,226055178184914,40749001191,2024-09-04 06-41-37,221.214.88.88,2094212893,internet,236.58.173.111,-1638015589,-1932804353,29759,-52
huawei,-45,226053836760796,40748588102,2024-09-04 06-41-33,134.209.37.31,2133743318,internet,196.67.8.148,-1699504222,1878854802,-14677,-41
huawei,-39,226055806680503,40770124892,2024-09-04 06-40-05,134.197.222.8,763768339,ims,100.62.104.209,-1100393114,625479993,8271,-64
huawei,-26,226050890965255,40796411715,2024-09-04 06-40-56,59.64.117.39,-1429157739,internet,196.147.38.66,436855209,348252255,9783,-106
huawei,-118,226056452078302,40742578601,2024-09-04 06-43-42,207.243.210.37,-781637744,ims,83.86.184.134,1869296983,587351441,2143,55
huawei,21,226053166578504,40762703008,2024-09-04 06-41-24,171.87.210.192,994238426,ims,65.101.131.51,-367386777,1251507830,-16192,-89
huawei,81,226051738657068,40787353347,2024-09-04 06-40-25,80.98.213.87,-1596823966,internet,25.90.117.165,505076416,-570172816,-18650,60
huawei,-104,226056347302948,40747618899,2024-09-04 06-42-09,66.109.168.211,-1739236921,ims,90.210.94.235,-990434171,150772252,-10723,-58
huawei,53,226055954029608,40700911095,2024-09-04 06-41-16,142.13.191.62,548224764,internet,52.81.255.66,-1947486554,1584561655,31316,35
huawei,-6,226057818706027,40781258291,2024-09-04 06-43-42,242.43.184.233,1021972998,ims,175.153.221.6,67835839,-499719444,-10059,-125
huawei,15,226056564298464,40799569400,2024-09-04 06-43-29,47.176.188.35,-1891570053,ims,85.248.24.45,-1129119130,-492674207,17332,-27
huawei,-24,226059670349792,40790485168,2024-09-04 06-43-00,10.82.149.246,-1317628168,internet,103.93.34.114,-1794197233,268043348,-8736,-57
huawei,115,226053527831697,40737508687,2024-09-04 06-42-59,217.229.243.220,-1562213178,internet,8.56.226.253,205233336,221253682,-30885,-94
huawei,113,226054562372763,40711186231,2024-09-04 06-41-27,9.93.39.14,1290296921,internet,194.207.53.251,-486817763,1615985624,-16909,-58
huawei,50,226053465298327,40761296009,2024-09-04 06-40-05,87.230.168.43,1754089744,ims,46.123.95.156,337318672,1335995434,-13914,-67
huawei,-60,226050992771759,40735488179,2024-09-04 06-44-32,107.136.252.90,450655374,ims,13.166.92.127,1169574284,1519977289,-28368,16
huawei,119,226058508353206,40764168740,2024-09-04 06-40-14,246.81.45.54,575787363,internet,33.236.161.209,1628686296,1033428926,-1542,-73
huawei,-51,226057568814578,40736888279,2024-09-04 06-43-39,241.206.110.127,1803552124,ims,95.80.89.21,1266099333,101820542,14876,-110
huawei,22,226057310274908,40782432198,2024-09-04 06-41-10,159.124.244.189,-707177651,ims,224.191.227.212,-864057629,2056952224,-22650,106
huawei,-39,226059124917613,40737347016,2024-09-04 06-40-57,234.205.246.95,-466582561,ims,217.235.147.231,1248050511,-1470417661,23284,10
huawei,113,226059186358669,40735760228,2024-09-04 06-40-56,142.75.199.197,-1076812877,ims,61.239.48.63,-1395853442,-1673113651,32349,-64
huawei,10,226056274262158,40700913967,2024-09-04 06-44-30,103.223.120.90,-747821188,ims,204.42.19.73,2075576158,1235964613,26734,57
huawei,-16,226052493334952,40762447486,2024-09-04 06-40-19,139.227.173.141,1692546810,internet,227.121.69.169,955281288,735224899,12938,122
huawei,91,226050475428584,40781657683,2024-09-04 06-41-17,0.210.6.162,484681785,ims,211.157.222.129,-415823894,-895084797,-6372,17
huawei,7,226059432482303,40778688767,2024-09-04 06-40-45,40.204.131.120,-350180465,internet,79.52.75.60,1657278196,-704146353,-23260,-124
huawei,82,226053853031731,40700968780,2024-09-04 06-41-15,30.134.88.215,27579418,ims,146.110.202.92,1544350654,1558057456,7990,62
huawei,23,226052869919806,40775313124,2024-09-04 06-42-31,238.227.98.194,630004878,internet,50.225.129.150,-217199072,-41606146,31375,115
huawei,-82,226050454914223,40726789075,2024-09-04 06-44-27,233.188.125.74,-755317021,ims,99.213.17.242,-498013691,1183321912,23479,81
huawei,-77,226054587722294,40701990195,2024-09-04 06-43-48,218.44.133.174,-642306286,internet,63.3.153.187,-435210530,-2099796564,1924,54
huawei,82,226055082397002,40729278260,2024-09-04 06-44-28,61.24.51.153,-669991018,internet,230.182.162.142,-259821744,-434023577,21206,18
huawei,19,226059021996828,40754237154,2024-09-04 06-42-45,19.164.209.235,-123426390,ims,31.252.155.184,-1875420452,1561003053,4936,87
huawei,48,226057600232188,40705030325,2024-09-04 06-41-50,104.86.111.2,1574707944,ims,249.148.62.153,1110332084,1861156913,24437,-119
huawei,-18,226050103829121,40741214916,2024-09-04 06-42-52,187.42.221.58,1065294150,internet,81.239.72.23,936809819,-613626963,-12446,-104
huawei,-78,226051880324315,40715338113,2024-09-04 06-44-19,75.157.116.137,1484360083,ims,34.170.52.238,-191655387,-182381909,25058,20
huawei,-53,226054445544166,40789809920,2024-09-04 06-42-43,120.33.6.19,-435662432,internet,114.87.130.117,1675605152,500346755,-9351,81
huawei,16,226055578914370,40769995813,2024-09-04 06-44-49,122.122.77.233,1798236914,ims,189.106.116.212,78671243,839847235,30794,67
huawei,-12,226051864035165,40787852580,2024-09-04 06-40-20,199.93.240.57,935943914,internet,153.110.37.103,-1334580554,-1409618953,20789,102
huawei,-28,226056907749348,40724561651,2024-09-04 06-42-04,102.151.162.101,-1740137495,ims,170.242.106.151,-1443328980,-775232166,-13684,-29
huawei,52,226059021329956,40792886193,2024-09-04 06-41-55,63.225.20.42,-1382029647,ims,25.129.201.17,-693767610,467078358,-22514,18
huawei,-1,226054585107989,40717405045,2024-09-04 06-41-08,127.6.49.184,-2061467611,ims,241.236.241.60,1112760550,2028699676,28295,-67
huawei,-51,226059710598749,40785015845,2024-09-04 06-44-58,212.215.162.97,-1253789478,ims,82.143.149.83,2046455909,879579594,11248,20
huawei,-67,226058064799425,40718913135,2024-09-04 06-41-38,151.21.141.253,1635485438,ims,204.196.231.20,-852102487,-427031527,-16131,15
huawei,124,226053236141396,40789388551,2024-09-04 06-43-07,23.197.0.144,979114816,ims,105.85.95.15,1984419248,-2144644414,10694,-113
huawei,54,226055229927746,40751223992,2024-09-04 06-41-54,151.67.46.143,237619589,internet,142.151.106.38,451356638,-1578150036,29063,40
huawei,-22,226055529229118,40721120032,2024-09-04 06-40-19,180.28.132.173,704592961,internet,40.54.60.64,19332010,1596983147,-7423,-21
huawei,29,226051239397900,40734978153,2024-09-04 06-40-50,32.214.125.92,156703815,internet,190.94.137.209,-958003654,-824905389,15631,-102
huawei,-5,226051158491890,40731512647,2024-09-04 06-43-48,8.221.35.146,2056525265,ims,205.83.16.68,1379406088,660570183,14781,8
huawei,-97,226052506437335,40782392230,2024-09-04 06-40-35,177.118.200.191,1410699297,ims,201.140.229.128,700929150,2114683467,16785,85
huawei,9,226054504717478,40713992275,2024-09-04 06-44-02,150.221.37.40,-1066447633,internet,14.93.163.118,-260288628,-1005474156,18920,58
huawei,121,226051896076910,40798813016,2024-09-04 06-42-54,159.83.111.195,-1367784587,ims,166.81.219.253,-41278257,887673456,31782,67
huawei,93,226059733112577,40750372184,2024-09-04 06-44-27,69.129.55.131,-895655006,internet,109.0.254.118,125738356,1460174879,-15230,71
huawei,-58,226051277772029,40793053096,2024-09-04 06-41-51,44.119.243.81,-1254522627,ims,14.121.52.125,773806113,1933372162,-25112,110
huawei,89,226055234885425,40721522210,2024-09-04 06-40-18,79.16.99.33,-500578982,internet,114.240.47.70,143769209,-2031019138,532,15
huawei,113,226057756433392,40795391957,2024-09-04 06-40-12,55.4.122.179,-708223802,ims,206.97.72.236,-1428621440,-1252446100,19192,-63
huawei,69,226051178215685,40760457746,2024-09-04 06-41-01,34.253.214.225,1096809215,internet,211.142.42.71,336191137,1478396277,22360,-117
huawei,-90,226051241148581,40721871071,2024-09-04 06-42-06,117.20.151.132,-1521921975,ims,143.121.213.55,-674885736,-1337211403,-29197,-56
huawei,86,226050822204875,40757247860,2024-09-04 06-40-59,224.35.80.80,1473243628,internet,43.250.15.114,-572050952,-1142509753,-9214,7
huawei,-18,226052867865887,40740124910,2024-09-04 06-42-48,133.210.134.123,717835632,internet,195.209.23.108,-772370217,320434785,26884,7
huawei,116,226053220250079,40721863999,2024-09-04 06-40-01,250.220.40.219,-1246863188,ims,63.244.146.19,765393820,-5270053,-19571,53
huawei,67,226058651574582,40754090957,2024-09-04 06-40-14,86.72.226.161,-257807622,ims,42.66.121.158,857812775,668304353,-19407,47
huawei,-21,226052055336701,40729875182,2024-09-04 06-44-22,177.126.182.120,302294122,ims,217.180.62.72,-1420757710,-2124550218,9265,-40
huawei,5,226051751115805,40773017312,2024-09-04 06-42-06,129.37.11.244,22002322,ims,184.108.181.239,954523977,-993180452,-19507,66
huawei,-55,226053528603507,40766246877,2024-09-04 06-42-12,75.213.252.149,602065313,internet,160.48.51.250,1206334291,850851108,8341,85
huawei,-110,226059400566897,40761438623,2024-09-04 06-44-16,68.143.5.232,278634040,ims,139.211.24.39,-2106611896,-1742270265,-26034,-72
huawei,-80,226059529218865,40784767139,2024-09-04 06-40-31,247.25.173.35,620949635,ims,248.160.197.137,1557066238,-1355284305,1089,-85
huawei,-67,226057779109334,40725148589,2024-09-04 06-44-28,195.195.239.224,499006964,internet,37.59.39.163,-363157174,-760897999,17545,-74
huawei,49,226054489599912,40775384822,2024-09-04 06-43-45,146.159.109.200,1890285803,ims,72.45.130.152,2085530826,-1729199888,31233,-124
huawei,74,226052148265763,40711326715,2024-09-04 06-42-32,168.245.160.145,-1613297229,ims,149.145.189.87,1111983189,-2028678072,-15618,52
huawei,-63,226059670508339,40743221396,2024-09-04 06-40-41,244.77.152.129,-460309447,ims,201.218.208.206,-339771818,1218952465,27124,-48
huawei,-126,226050320274218,40708503329,2024-09-04 06-43-24,143.244.18.246,717979178,ims,117.226.239.168,959079723,-1783946181,-31051,-46
huawei,5,226055257029973,40752244567,2024-09-04 06-40-34,37.45.204.85,-2018340041,internet,106.12.111.29,437194582,-1462818670,-1328,47
huawei,89,226059722139089,40751915064,2024-09-04 06-44-32,160.143.123.28,-2016940448,ims,151.54.102.222,581229792,1484893976,17602,37
huawei,-127,226051664230029,40737355269,2024-09-04 06-44-58,2.92.168.67,-1622605298,internet,218.153.180.99,-518624385,-1724989290,3551,-31
huawei,65,226057539824746,40742855560,2024-09-04 06-43-52,19.199.152.104,-1111183395,internet,217.41.178.127,-1894745270,705005409,-22938,45
huawei,-79,226054622388713,40785311003,2024-09-04 06-41-03,170.13.40.222,-198906989,ims,60.183.166.79,1767262446,-1851856618,-3853,108
huawei,118,226052688523659,40761891072,2024-09-04 06-40-44,209.255.157.104,-2060473440,internet,94.103.7.121,1563062741,1529716591,-10437,-45
huawei,-73,226056547935095,40774157251,2024-09-04 06-42-15,39.39.23.244,-457190192,ims,220.191.118.186,-1377082287,1857213773,-15106,-101
huawei,4,226053134560021,40729947547,2024-09-04 06-43-44,252.202.141.220,-1175936267,internet,124.95.131.139,-1625909456,4253904,9564,54
huawei,-46,226053277637690,40703280957,2024-09-04 06-40-49,92.195.96.72,1225714313,internet,250.91.177.117,2128750402,864931321,31052,-79
huawei,-128,226056822733027,40794389444,2024-09-04 06-43-20,151.108.251.73,-2087374148,internet,34.47.113.143,-19325830,-1874995051,21404,-18
huawei,0,226051598261024,40760822499,2024-09-04 06-40-04,201.118.129.5,-907467696,internet,41.172.68.204,1961763766,1771951955,-17476,35
huawei,-38,226055594481254,40786084557,2024-09-04 06-44-39,128.180.204.0,-430191011,internet,135.238.214.245,470854143,-1711037063,-8092,42
huawei,-58,226050223712460,40756048628,2024-09-04 06-44-21,48.233.172.235,-997035481,ims,216.0.82.216,2035614209,2041778494,-13827,54
huawei,-25,226059193901639,40746925366,2024-09-04 06-44-12,59.28.114.95,1174092261,ims,60.149.76.42,533988021,-368580820,23157,96
huawei,-9,226057031880458,40721484175,2024-09-04 06-44-23,89.226.212.240,655735323,internet,24.238.158.70,-1219198188,-1370009494,28688,-83
huawei,-74,226055344943921,40738488152,2024-09-04 06-40-15,226.230.158.36,-693886879,internet,24.8.195.252,-1174299961,-1913153377,19994,-116
huawei,-3,226050517103840,40770675735,2024-09-04 06-40-19,65.121.96.14,-867564232,ims,21.102.9.250,1285336911,1348812482,-18960,-86
huawei,-109,226051716679426,40775484649,2024-09-04 06-44-05,236.97.54.157,1157525177,internet,41.9.217.229,-1251368816,-408783943,-28158,-12
huawei,-84,226059993977416,40727807221,2024-09-04 06-44-59,30.170.198.81,-553547922,ims,95.44.195.56,1640799514,-2032769610,30521,13
huawei,-65,226059857583635,40733778670,2024-09-04 06-44-34,23.223.155.204,583803031,ims,110.42.195.114,754972984,-1405868360,-14516,-31
huawei,23,226056433347436,40770760323,2024-09-04 06-43-06,126.50.152.205,-1094850593,ims,81.161.157.27,-72998489,1736882124,18456,16
huawei,-126,226052727478428,40757200626,2024-09-04 06-43-17,142.40.10.52,-1720876254,internet,45.127.118.14,-377028752,-2082519627,-9917,56
huawei,120,226054873034233,40738285413,2024-09-04 06-42-31,39.28.1.172,-139403712,internet,120.115.209.9,-1856576293,-452251442,13896,4
huawei,-88,226054471680242,40710654140,2024-09-04 06-40-06,233.67.178.179,-1275332842,internet,214.134.81.30,-35975720,-1177584073,-30540,-15
huawei,-101,226059696799689,40711480796,2024-09-04 06-41-02,104.193.2.104,-1514393634,ims,3.72.126.80,804406037,-1833976395,-30031,21
huawei,-94,226053526604779,40711892401,2024-09-04 06-42-07,215.218.236.11,797532801,internet,107.195.217.242,-1839088977,1286330463,-5040,-116
huawei,-3,226055054532661,40774527378,2024-09-04 06-40-42,105.151.144.83,-108770682,internet,134.19.166.91,1727004764,420237108,-25591,-65
huawei,34,226053556047854,40786224554,2024-09-04 06-42-58,136.236.190.80,488171639,ims,253.6.156.185,-1508080602,-150055647,16063,52
huawei,-107,226056617277639,40747361109,2024-09-04 06-43-52,117.127.245.85,-1915190594,internet,173.140.234.39,-1880535648,1116673917,-14596,-44
huawei,-23,226056857765623,40761226736,2024-09-04 06-41-28,106.69.116.141,2086983526,ims,72.193.157.193,1878366960,1043015572,26238,41
huawei,-28,226055280483779,40724248830,2024-09-04 06-44-11,106.71.145.147,557268772,ims,84.218.115.120,1430095975,-748113674,17335,102
huawei,-93,226055230889905,40739634857,2024-09-04 06-42-09,246.141.249.26,-12965682,ims,13.96.138.43,149037209,-1356353152,-14062,-58
huawei,78,226050563792495,40761597044,2024-09-04 06-42-37,144.68.215.49,-933279075,ims,172.3.64.74,1827174762,1439610741,9706,-19
huawei,62,226059592105786,40710606407,2024-09-04 06-42-46,233.18.94.45,-358643489,internet,151.26.246.150,-1174975358,2138022213,-10120,70
huawei,-23,226050583096037,40784031023,2024-09-04 06-42-27,234.107.220.134,1561782884,internet,210.201.140.246,-735707870,1660625528,-16840,124
huawei,65,226053018043493,40790654904,2024-09-04 06-44-18,173.220.79.152,-562645894,internet,158.158.244.128,43257703,1791309310,23949,49
huawei,-31,226053415500340,40701171270,2024-09-04 06-42-15,109.171.238.97,612097246,ims,113.203.247.108,-896232814,-2008766008,26459,-88
huawei,46,226059495973496,40765193232,2024-09-04 06-44-25,178.181.67.186,-1683190116,internet,208.19.128.105,-1568320308,398130348,16477,18
huawei,-26,226051479888838,40711561617,2024-09-04 06-40-41,126.76.80.120,1171671240,internet,178.168.143.212,194026726,1595388047,-30205,35
huawei,105,226057924062019,40746082379,2024-09-04 06-44-10,180.162.216.116,-493582108,ims,110.48.214.225,711586913,2025798953,17279,0
huawei,0,226059889582101,40719405709,2024-09-04 06-41-22,125.30.169.132,-1183993333,internet,180.185.77.63,-1649540215,2122414395,24065,119
huawei,13,226055181017042,40792245663,2024-09-04 06-43-30,4.104.133.106,-253038613,internet,207.92.253.90,763345587,1080782410,32429,5
huawei,-81,226057376649856,40774359125,2024-09-04 06-43-21,170.1.14.69,853749919,internet,55.231.17.190,1096004490,-2046011276,-7476,83
huawei,16,226056116706409,40714569496,2024-09-04 06-43-35,44.235.79.200,285901552,ims,76.136.26.231,-814111316,-40065415,31985,33
huawei,-106,226055866949457,40778112390,2024-09-04 06-40-11,114.35.61.138,-2114033856,internet,136.223.109.69,2013795629,482081260,31069,38
huawei,-26,226057628154144,40735057526,2024-09-04 06-42-35,122.204.92.187,2071446899,internet,225.8.63.72,270613198,199157605,-30251,-43
huawei,58,226059470694421,40740862085,2024-09-04 06-42-19,94.182.145.52,-1265628854,ims,163.231.244.115,-1753513117,762639055,-16865,-117
huawei,-122,226051112142035,40795359940,2024-09-04 06-40-55,13.140.47.245,2010867726,internet,205.200.251.68,-778832353,555515515,23351,-3
huawei,87,226052845351368,40791359930,2024-09-04 06-41-56,156.25.115.218,1078456419,ims,82.84.158.13,1465144765,-31266346,24874,-28
huawei,25,226057495074278,40780648757,2024-09-04 06-41-44,54.160.240.193,192155348,ims,166.131.43.232,-335662617,-1270041620,734,-21
huawei,26,226059791305307,40766636440,2024-09-04 06-43-56,122.235.146.156,-696938079,internet,102.14.12.189,-559414849,-1193177100,-29587,-96
huawei,-90,226052221458457,40782019297,2024-09-04 06-43-37,90.27.17.87,1641065462,internet,218.217.230.190,1726011870,455985018,20099,-96
huawei,-67,226053536864699,40775319327,2024-09-04 06-42-06,54.251.218.157,53303560,internet,29.118.231.82,-1552342205,1637588359,-30201,94
huawei,-53,226057665433670,40774999319,2024-09-04 06-40-31,36.190.138.216,-1906772236,ims,71.75.150.65,-777372015,650553395,18623,-93
huawei,100,226053594159627,40758390631,2024-09-04 06-44-28,18.234.244.36,240348929,ims,159.104.202.61,1128887854,1639814584,2660,-71
huawei,60,226050122138960,40750090053,2024-09-04 06-43-20,40.84.215.134,-1621550163,ims,194.179.207.178,-998661362,-1281589731,-2817,-30
huawei,-102,226059740732992,40775659058,2024-09-04 06-43-12,249.182.154.231,-993006130,internet,7.191.119.232,1373806935,-2008581222,24025,-67
huawei,-10,226057193426709,40763404836,2024-09-04 06-43-55,76.14.5.45,-1299595667,ims,6.78.70.245,-6715241,-119700253,9265,-54
huawei,120,226050106715596,40743509260,2024-09-04 06-44-21,5.46.95.113,1550975751,internet,60.37.53.90,-1232817965,665947246,-1550,-21
huawei,-75,226053755630594,40773283817,2024-09-04 06-44-39,159.1.105.79,-1510548862,ims,115.142.25.132,968843545,2042660097,30527,-23
huawei,-35,226059834726504,40798420249,2024-09-04 06-40-33,200.50.247.22,1524855753,internet,62.139.225.5,1400820320,-332482631,12832,25
huawei,-81,226056099680145,40705847900,2024-09-04 06-42-44,23.204.194.148,-503761986,internet,109.78.55.209,889848844,816383579,-29244,3
huawei,84,226055446862630,40758328306,2024-09-04 06-40-31,207.131.211.16,1816904630,internet,15.216.109.114,207050825,-1275584109,-415,42
huawei,-75,226052153412206,40798253333,2024-09-04 06-40-04,9.232.215.212,1085959939,internet,104.48.147.253,1564278297,-675483402,-23614,64
huawei,-62,226054021753089,40774826255,2024-09-04 06-41-51,83.117.34.13,-1650635350,ims,84.54.169.58,-1201322006,-965910447,23846,91
huawei,-29,226050807868412,40763169156,2024-09-04 06-43-30,81.88.215.232,-1836402323,internet,96.183.138.129,1424353546,-1649515223,23434,-27
huawei,19,226051003090086,40799480580,2024-09-04 06-44-21,178.2.189.191,2016650806,internet,229.108.45.146,1096459037,-291086058,-20445,55
huawei,5,226052002837116,40732271309,2024-09-04 06-41-24,250.227.65.83,-1062446642,ims,217.51.250.75,1609231144,1802204196,24386,-24
huawei,107,226053767550994,40781587696,2024-09-04 06-40-53,151.80.93.185,1181180794,internet,157.26.56.48,-988041039,1191768467,10322,-17
huawei,23,226050086192607,40747420117,2024-09-04 06-44-22,203.239.107.86,-330660470,ims,215.137.49.164,727248098,-1161087431,10632,-92
huawei,-63,226055892016342,40700619680,2024-09-04 06-44-09,110.136.174.154,882451379,ims,126.24.150.18,-1810762804,-1739235729,-28128,37
huawei,-65,226058109373288,40773670613,2024-09-04 06-43-52,187.190.21.90,-549822177,internet,202.132.78.185,982642394,-1821342546,-15856,-115
huawei,-64,226051181759705,40740657660,2024-09-04 06-42-33,247.242.190.253,1808413925,ims,213.235.253.0,-1974693135,652717227,19257,-12
huawei,83,226054364226684,40735187657,2024-09-04 06-40-22,36.47.191.34,-497402875,ims,54.162.173.136,-1981395559,-1462551973,-27043,-4
huawei,112,226050075520455,40735099775,2024-09-04 06-43-42,195.54.241.183,-1804916445,ims,73.125.160.186,-2072505013,805986818,8123,70
huawei,32,226052274795990,40731714250,2024-09-04 06-40-01,32.175.119.146,335254916,ims,151.4.102.147,-1616179885,-56250061,-24940,19
huawei,-18,226057402110649,40757857053,2024-09-04 06-40-27,157.38.245.186,148817957,ims,66.176.8.44,1128100351,345292042,2194,-3
huawei,-94,226057281378951,40773208218,2024-09-04 06-41-54,81.65.216.28,-796800618,internet,156.76.34.191,1587680974,1604021691,15705,46
huawei,83,226053381169552,40723472328,2024-09-04 06-43-37,211.35.206.232,-864753265,ims,83.174.237.216,1561032440,1550487443,12170,-71
huawei,-42,226052927150024,40703956161,2024-09-04 06-41-40,152.126.115.16,676262171,internet,23.207.107.100,1839283142,606623390,9885,-108
huawei,52,226051666951069,40700978171,2024-09-04 06-44-08,121.224.120.9,-606643336,internet,79.122.24.32,1501606226,-1385085712,-26384,89
huawei,84,226059268683210,40700675526,2024-09-04 06-40-02,117.37.69.33,1224025328,internet,250.184.115.44,1671791817,-238434448,-7694,-7
huawei,90,226054582627029,40706445987,2024-09-04 06-44-42,13.154.174.94,584431322,internet,51.162.244.125,-1377344872,-792453561,-5858,64
huawei,-106,226059696433919,40711268662,2024-09-04 06-42-26,147.186.79.159,859957002,ims,174.23.190.40,1761720142,-1084565569,14269,108
huawei,-27,226051623847992,40792209221,2024-09-04 06-44-03,193.13.37.100,-1088767420,ims,173.67.12.51,466848956,-2104593956,2676,-9
huawei,-70,226054272203017,40701204440,2024-09-04 06-43-47,2.101.70.254,794416570,ims,252.142.173.135,258591260,975643741,31949,44
huawei,78,226051884181119,40799148974,2024-09-04 06-40-57,125.146.107.81,-2026161739,internet,76.29.32.5,-566865248,-1016295407,-22730,-86
huawei,-55,226054052622862,40707459747,2024-09-04 06-40-15,213.137.150.44,-1215501696,internet,226.160.245.140,-158493191,-1548969903,23573,-97
huawei,60,226050278503754,40716554164,2024-09-04 06-42-22,224.81.246.67,1103953366,ims,118.191.9.242,-605924042,70737795,21248,4
huawei,75,226052394436150,40723733112,2024-09-04 06-41-50,92.78.199.3,403513505,ims,81.228.7.77,-1095585983,564142306,4613,41
huawei,-122,226057930668174,40762004908,2024-09-04 06-44-36,245.140.99.117,-964914442,internet,198.83.205.14,1482305863,-1232181641,-16586,67
huawei,-79,226056214062196,40732535015,2024-09-04 06-42-52,141.109.27.85,517705192,ims,185.192.88.69,-1869561171,-738973845,25575,-31
huawei,-85,226053394463904,40799748769,2024-09-04 06-44-13,96.120.18.202,-1828876252,internet,147.10.153.210,456069123,1161843386,-25284,-113
huawei,-117,226058271873046,40798718445,2024-09-04 06-41-59,32.14.131.62,697197409,internet,200.36.206.137,489259584,-25364540,-13887,114
huawei,124,226056905596960,40774046350,2024-09-04 06-43-51,56.222.133.30,-35589046,internet,196.223.201.178,282217788,609877702,-20652,17
huawei,12,226058207851984,40771993328,2024-09-04 06-43-06,195.253.75.121,1129092000,ims,237.211.190.167,-666916236,1179142238,16318,-8
huawei,10,226052564022455,40701631049,2024-09-04 06-40-48,147.227.136.30,-1469513436,internet,145.147.220.162,653238394,896357633,5780,90
huawei,-42,226050333074171,40783156602,2024-09-04 06-41-17,235.141.204.40,1305474429,internet,106.113.51.212,-643035575,-1377117146,6093,-12
huawei,19,226057677939380,40799847318,2024-09-04 06-40-24,252.165.196.141,-357213909,internet,142.216.179.85,434716408,598983476,-16492,-91
huawei,31,226055974510846,40771761149,2024-09-04 06-40-38,112.105.101.79,-435969146,internet,174.174.111.16,712294780,-1024476838,-13054,2
huawei,44,226051993694160,40794462715,2024-09-04 06-44-57,145.57.166.19,-1272196320,ims,218.228.254.203,-1128572321,-1625422499,30395,-4
huawei,-55,226052172922983,40753369748,2024-09-04 06-43-58,154.142.224.187,-1224614108,ims,206.63.81.7,157464098,2144827490,-11381,-59
huawei,-101,226057888309917,40717578978,2024-09-04 06-40-52,52.244.20.6,687173419,ims,131.27.94.197,-511758134,-1650055954,-19597,126
huawei,-85,226053102430006,40763756321,2024-09-04 06-44-20,151.141.138.141,1569451550,ims,94.95.145.53,-1305007849,870028122,-22886,97
huawei,-36,226055323389081,40727627703,2024-09-04 06-43-34,185.250.111.168,2013916689,internet,96.55.146.5,-2118497359,-1531848452,5517,-102
huawei,-105,226051425440373,40700331506,2024-09-04 06-43-48,26.91.164.212,14789014,internet,116.8.62.138,719388519,922283377,28253,-88
huawei,68,226059836578036,40771062823,2024-09-04 06-42-34,102.18.223.37,-1991683846,ims,89.130.187.123,1452409874,-1071182753,11671,101
huawei,0,226058921873699,40704229734,2024-09-04 06-41-55,93.188.245.56,583901784,internet,252.118.247.187,990645688,-920597854,13758,44
huawei,-114,226052724301037,40792652880,2024-09-04 06-40-31,147.134.94.192,-262133687,internet,158.162.17.44,-1594660921,1612189527,-22986,81
huawei,55,226055915123431,40774977243,2024-09-04 06-43-55,71.129.204.90,-1058970379,ims,142.106.252.23,-696266600,18186807,14494,122
huawei,43,226057167568952,40758899106,2024-09-04 06-41-50,126.75.100.106,-273030742,ims,166.225.201.172,1730793973,1910157024,28989,-126
huawei,38,226057440901532,40700534518,2024-09-04 06-40-36,185.113.63.44,2063142695,ims,161.30.91.89,-507219281,1932686421,-14216,-34
huawei,63,226054298520822,40784732780,2024-09-04 06-42-53,247.145.180.244,1273652977,ims,239.202.244.6,1237109759,1245232341,-21280,119
huawei,-114,226057182418366,40726845613,2024-09-04 06-40-13,101.55.173.37,584250978,internet,77.126.205.26,-60470749,1411008379,17987,-19
huawei,95,226058229075094,40745903552,2024-09-04 06-44-20,195.56.203.164,-2022353352,internet,33.98.147.226,692464641,927586848,226,7
huawei,-80,226051756057656,40748680594,2024-09-04 06-42-41,76.13.217.97,1926036726,ims,31.116.11.17,-792571097,968663396,13126,-93
huawei,20,226050922908384,40719078326,2024-09-04 06-43-40,233.63.227.248,-764616081,ims,126.224.196.63,-138846388,-1680598746,-15099,18
huawei,-93,226051813572634,40744372858,2024-09-04 06-40-54,207.138.178.250,-83231113,ims,122.93.217.23,512704825,-610676199,-28314,22
huawei,86,226053044686020,40791280570,2024-09-04 06-41-04,152.249.240.0,1882922651,ims,79.198.66.236,827615884,-1997215593,-26567,19
huawei,48,226051047634048,40771570391,2024-09-04 06-40-05,167.79.244.31,426545837,internet,241.242.53.1,895865124,1628126900,-26594,65
huawei,34,226058018533820,40735367247,2024-09-04 06-42-29,51.248.27.205,-639293164,internet,254.114.16.28,-469790334,1077142492,31057,-6
huawei,-85,226052264155280,40754909260,2024-09-04 06-43-57,182.121.92.10,1453317073,ims,113.167.122.236,-1643806801,1161202283,-22779,114
huawei,39,226055538696065,40760991920,2024-09-04 06-43-51,208.82.20.120,1518696998,ims,127.32.5.84,-1633022286,-291240606,-20735,-51
huawei,55,226050075537211,40799048792,2024-09-04 06-42-34,243.111.199.5,1021723943,ims,151.88.98.153,-891471006,-470055567,-16009,-38
huawei,49,226051258928114,40709299113,2024-09-04 06-42-19,137.71.24.141,-146673826,internet,163.67.196.236,-1076695738,1686915806,14397,-75
huawei,92,226057870775622,40796640757,2024-09-04 06-43-36,205.206.154.236,-914959811,ims,29.85.232.161,1766414070,-591355530,26711,-61
huawei,100,226059658478584,40734193146,2024-09-04 06-44-50,185.195.203.119,-269235713,internet,73.225.18.207,93102154,111670509,-1094,78
huawei,-30,226055012134149,40743969326,2024-09-04 06-44-03,23.55.198.183,-1692337180,ims,213.93.71.82,1287699059,-2113953226,21299,69
huawei,108,226059921081752,40733485650,2024-09-04 06-44-08,219.170.209.175,-2130455239,ims,228.146.116.196,403741483,1327737607,18807,76
huawei,122,226050684729127,40713093260,2024-09-04 06-43-56,75.34.14.62,-676525390,ims,218.48.103.147,-514811191,169915104,31050,82
huawei,-67,226051399023336,40776908334,2024-09-04 06-42-51,55.32.169.154,2009530941,ims,164.63.209.173,1849517879,1338939558,-1889,-44
huawei,-13,226057773246499,40730197625,2024-09-04 06-43-29,136.198.215.99,-1865690715,ims,77.164.250.96,-1260904009,1984898960,2587,118
huawei,87,226050862285299,40748819276,2024-09-04 06-40-36,134.231.249.250,1292500414,ims,9.189.31.217,-1390083110,2119852776,-32505,-70
huawei,-71,226054868252613,40716922034,2024-09-04 06-40-03,123.116.71.199,519573216,ims,242.238.153.163,-1694840551,1377690328,-19051,-83
huawei,-28,226051707919318,40771839625,2024-09-04 06-42-47,46.218.140.21,-925919250,ims,112.9.147.82,1651097478,1917194804,-10075,-72
huawei,44,226056609930802,40704263211,2024-09-04 06-43-59,174.87.165.134,-1122931420,ims,90.215.67.69,1725119367,-510685247,9258,-74
huawei,-5,226057766497408,40775061303,2024-09-04 06-41-42,136.3.43.181,-1916867238,ims,151.35.234.216,-1988098939,-441353098,31874,-47
huawei,4,226052148463431,40718028285,2024-09-04 06-42-17,237.194.152.42,1892967805,internet,206.150.220.63,-2099694235,-1994522905,3508,8
huawei,37,226053778456614,40795575645,2024-09-04 06-40-48,42.250.108.95,-678449281,ims,107.117.224.203,-1641543795,1199490943,-1379,-28
huawei,-42,226050592909058,40774228774,2024-09-04 06-42-47,175.100.194.46,-1569699418,internet,180.219.35.247,1382400875,1626976200,-14516,21
huawei,35,226059048391233,40775827185,2024-09-04 06-43-15,234.130.141.240,-704942913,internet,52.202.127.134,426760592,-1581373009,31986,84
huawei,-123,226057753002266,40740849924,2024-09-04 06-40-05,177.5.128.255,-900550072,ims,212.132.67.153,913805614,-246595574,-15123,-70
huawei,115,226056593077076,40768285341,2024-09-04 06-42-52,251.21.98.61,-1327004362,internet,62.70.247.125,-2034134493,992189858,-25864,40
huawei,106,226053716881909,40771327759,2024-09-04 06-43-42,84.114.169.252,-1479532027,ims,250.182.249.237,-250632966,-1826898674,-2535,-40
huawei,52,226054819007566,40785760991,2024-09-04 06-44-15,87.107.0.248,-2097842042,internet,255.201.173.146,-1077278942,1131883113,-9364,-4
huawei,-78,226052552487471,40744376067,2024-09-04 06-42-30,209.66.24.58,1497405788,ims,188.144.230.117,916586819,1581049568,12520,103
huawei,-47,226053543135682,40733947989,2024-09-04 06-43-23,144.177.90.117,1523227438,ims,235.131.48.182,-2084959603,1767866276,-20776,78
huawei,-49,226050765065140,40758817665,2024-09-04 06-44-32,224.162.83.53,292419718,internet,83.235.78.227,-199035888,922790872,-368,39
huawei,90,226052927378174,40722141476,2024-09-04 06-43-00,9.135.252.181,396067275,ims,130.22.80.39,-1458252415,-462595298,-12376,10
huawei,24,226054665603008,40786243718,2024-09-04 06-44-28,222.12.164.87,28947489,internet,172.185.230.59,1223662860,55457707,12926,103
huawei,34,226052882794297,40754820587,2024-09-04 06-43-48,49.9.189.24,-2075476126,ims,230.71.190.86,-1361404740,-358591844,26869,-51
huawei,-1,226055868726204,40712817759,2024-09-04 06-40-05,28.66.72.236,583137986,ims,179.75.255.211,1091055535,-1437188060,-32433,-96
huawei,-76,226050222095756,40770491209,2024-09-04 06-44-36,246.29.163.244,1652634056,ims,93.63.154.47,1405354949,-547414920,2815,43
huawei,98,226059773999276,40716394517,2024-09-04 06-41-30,53.7.175.29,1147083755,ims,213.97.75.74,-1500763121,1191673693,25861,79
huawei,98,226050927949421,40782755342,2024-09-04 06-44-22,226.129.176.225,-1481991340,internet,52.176.254.238,-1570283874,-923786006,30450,13
huawei,118,226054761564735,40779813279,2024-09-04 06-43-09,97.234.157.75,-560927544,ims,239.161.66.140,62193043,450477349,4069,38
huawei,-84,226055648069320,40791839244,2024-09-04 06-42-31,124.182.120.221,-1550636732,ims,196.189.52.250,-737125641,-772556734,-13049,17
huawei,-62,226052085290194,40778835569,2024-09-04 06-44-18,243.226.118.48,-150994775,internet,192.24.109.253,-81408079,-165672308,5511,50
huawei,-123,226053795549998,40790407908,2024-09-04 06-43-23,57.4.43.28,426220954,internet,0.75.143.82,-2071163995,1383524872,-28535,117
huawei,13,226057765645968,40756098410,2024-09-04 06-40-38,2.236.3.16,-702557543,internet,182.199.3.218,-327310268,434540604,23586,22
huawei,36,226054151175984,40752202998,2024-09-04 06-42-36,251.228.216.242,16171933,ims,82.239.22.116,198983078,-153029428,28815,-6
huawei,46,226053002106895,40779513595,2024-09-04 06-42-50,229.226.120.54,-1846555892,internet,33.236.176.4,341775206,-297156849,-9374,78
huawei,-54,226050269705853,40732589065,2024-09-04 06-41-32,136.96.148.46,-1162221195,internet,22.212.241.158,1401493799,-1306411154,-30406,-126
huawei,-63,226056879200262,40734004661,2024-09-04 06-41-42,18.213.247.222,-1105080728,ims,123.204.159.133,1347437306,1094937371,6218,-122
huawei,-79,226059700934706,40782611279,2024-09-04 06-40-26,76.42.182.158,18695218,internet,16.66.0.118,-93453082,-891698337,23631,-82
huawei,-99,226056533054500,40704781842,2024-09-04 06-41-41,136.103.25.245,-2116468020,internet,207.13.165.62,414249191,798386077,27134,31
huawei,70,226051357780145,40704824053,2024-09-04 06-42-49,248.125.164.230,-352057277,internet,96.140.69.37,247047864,-1904282553,-27402,113
huawei,-123,226059116724299,40795007642,2024-09-04 06-40-41,6.122.220.174,281264773,internet,82.19.43.203,602711457,348606893,19084,43
huawei,-91,226058112398832,40770326973,2024-09-04 06-41-15,230.134.159.150,-1002244037,internet,170.255.135.206,2012715590,-793573584,-13431,65
huawei,116,226055306278651,40767837697,2024-09-04 06-41-29,32.239.239.190,1110616104,internet,206.189.216.35,1715036570,1439794802,11536,44
huawei,-109,226056895523711,40714210918,2024-09-04 06-40-51,251.188.156.148,120828377,internet,64.237.92.26,497646910,436811019,8327,88
huawei,-118,226055862664620,40772657695,2024-09-04 06-40-46,53.159.197.210,-2045172873,ims,223.128.53.58,598035435,1389345898,32231,-104
huawei,-116,226051630651210,40775407126,2024-09-04 06-43-32,191.173.171.230,-696994614,internet,47.73.74.231,-3941645,-643696752,22466,-38
huawei,12,226050007953650,40715617864,2024-09-04 06-44-19,124.83.7.172,1661220417,ims,224.12.23.251,-596487355,981043742,-3685,14
huawei,-79,226054879357240,40779265896,2024-09-04 06-43-05,113.76.250.35,-669909032,internet,74.36.112.144,1469858785,-1278403582,-9455,7
huawei,13,226053522580876,40752633461,2024-09-04 06-43-15,24.2.199.206,1160578940,internet,27.222.41.227,1615331525,-2079147583,-23733,65
huawei,-29,226058441267562,40790821685,2024-09-04 06-40-53,40.194.84.223,-1541916137,internet,99.186.155.147,-2125856675,166176886,30535,123
huawei,-107,226050035022065,40797712587,2024-09-04 06-44-25,124.229.52.10,-2012383668,ims,89.46.134.61,-1022970813,715188807,26493,54
huawei,10,226055847269180,40784355385,2024-09-04 06-42-34,52.207.79.41,-883363220,internet,145.192.64.195,-1262799417,522560251,23339,-113
huawei,-125,226055745460044,40733750186,2024-09-04 06-41-03,31.233.138.128,-1964006070,ims,79.234.42.92,150764973,-483166310,-11243,113
huawei,58,226059498838837,40717780118,2024-09-04 06-44-33,25.142.111.239,-1750351819,internet,135.228.20.157,-1048397086,-1200037440,24823,-93
huawei,-109,226054563815092,40751669805,2024-09-04 06-43-42,109.221.196.8,-1864434904,internet,54.50.222.101,1865681027,620323862,-10910,84
huawei,-74,226053074048262,40792539810,2024-09-04 06-42-27,188.179.204.147,-2048186733,internet,94.53.48.209,1489580316,2114172385,30020,-102
huawei,90,226053689258297,40760657788,2024-09-04 06-42-43,146.253.132.147,-1469150118,ims,124.162.131.97,-1808990812,1763413273,-29165,119
huawei,-107,226052083901883,40701321887,2024-09-04 06-42-34,147.125.210.104,671059512,ims,109.227.73.11,-336626326,-767573746,29339,-73
huawei,82,226056118509391,40760573416,2024-09-04 06-43-53,240.202.18.65,2140755410,internet,235.155.183.180,-634937137,-242867058,-10689,97
huawei,-59,226056276249518,40746731955,2024-09-04 06-42-57,143.238.3.2,519750253,ims,252.35.108.247,-566720370,968180336,-20626,28
huawei,44,226054419875423,40790304202,2024-09-04 06-45-00,12.17.67.4,-459182530,ims,167.72.62.30,1824725609,1204015247,29660,2
huawei,16,226058219216297,40746113798,2024-09-04 06-42-58,171.219.50.67,885251981,ims,55.115.240.176,-783276213,533508242,15620,124
huawei,43,226052430548500,40735627258,2024-09-04 06-40-22,100.72.2.146,-535960923,internet,145.212.85.218,108494649,-1844385969,12149,16
huawei,12,226050748553040,40793847771,2024-09-04 06-40-44,238.176.48.194,1835117110,ims,239.194.173.39,503385961,523576277,28630,-47
huawei,86,226053692992386,40784250959,2024-09-04 06-42-08,182.3.31.58,1045242675,ims,121.72.77.221,-762502242,-128873356,19276,82
huawei,103,226055212402793,40711425717,2024-09-04 06-44-22,44.121.86.73,828375939,internet,101.220.107.204,-1571981881,1154279185,-18105,62
huawei,-121,226054755835512,40778022065,2024-09-04 06-43-28,144.201.102.251,-1288102771,internet,166.215.15.18,-1864103352,-142016826,-27589,75
huawei,-26,226051345080099,40785305508,2024-09-04 06-44-14,127.144.172.45,-1992284307,internet,101.146.209.92,1475060115,-2068727248,25849,-123
huawei,1,226051025710727,40766474896,2024-09-04 06-40-41,237.241.163.151,1619185196,ims,210.170.192.75,-1447075362,1986219010,-928,71
huawei,39,226058388253679,40725944229,2024-09-04 06-44-45,8.25.73.62,1053767882,ims,178.202.184.219,1964532028,-1264201311,-8098,127
huawei,-82,226050329452640,40799763119,2024-09-04 06-41-55,94.230.131.81,-817943180,ims,251.137.77.199,1437023223,-891851740,-5883,-41
huawei,-125,226059246652015,40751486356,2024-09-04 06-40-48,7.168.168.228,-1532949267,internet,195.241.5.251,-1790421575,-487917090,11744,-125
huawei,93,226058069853458,40789664332,2024-09-04 06-43-08,71.147.75.18,-1324673003,internet,38.192.186.12,-666433710,1845314464,21004,-24
huawei,58,226052812392598,40789208290,2024-09-04 06-40-58,234.111.183.79,624294052,ims,7.80.124.224,-2055436575,-1227318469,-23003,32
huawei,-121,226054898344727,40767861918,2024-09-04 06-42-14,109.204.66.48,-43730562,ims,125.221.20.249,-799281657,-1121654477,23140,-116
huawei,-105,226057203052790,40702779866,2024-09-04 06-41-37,164.179.114.213,62553141,internet,128.150.52.173,-915314289,-1682066842,-4479,31
huawei,101,226058984190848,40720125719,2024-09-04 06-42-35,185.86.154.246,570579955,ims,124.245.19.168,1803257453,-1473483882,-11356,75
huawei,126,226054734020640,40723626347,2024-09-04 06-41-00,171.50.198.144,-529356556,ims,215.140.111.250,398498997,1078327005,-2873,31
huawei,-97,226059525526842,40789669191,2024-09-04 06-44-26,232.95.95.104,-759439328,ims,99.4.14.166,-1827266832,319332082,19141,25
huawei,103,226054716255972,40754383074,2024-09-04 06-42-53,21.123.177.224,740385571,internet,164.241.115.102,1304926041,-1077148807,22972,76
huawei,97,226059251226485,40767579989,2024-09-04 06-43-47,62.227.233.14,355739521,ims,234.5.67.207,-1228382620,1799261508,6276,-117
huawei,-49,226051067118424,40742756358,2024-09-04 06-42-21,88.180.213.152,307298473,ims,184.222.149.180,836846194,1969936997,-15330,-51
huawei,-4,226055027644507,40758163199,2024-09-04 06-42-52,46.196.249.96,653185169,internet,143.165.90.159,1290481385,1234307077,-25559,76
huawei,-118,226053865407239,40737429925,2024-09-04 06-42-52,46.4.41.201,-1013207989,ims,199.76.52.119,-381353290,-473573650,25284,-62
huawei,64,226050579947890,40776449131,2024-09-04 06-43-29,226.168.208.155,-836090969,ims,137.169.228.239,872193284,857663245,11129,-126
huawei,73,226050556751471,40768843748,2024-09-04 06-44-55,227.246.131.36,1373095460,ims,43.145.29.190,1792311043,-602440444,17226,-111
huawei,-23,226051232779617,40724390525,2024-09-04 06-40-47,100.186.192.185,-1964699093,ims,14.249.232.14,884208644,-404035048,-9337,119
huawei,86,226056770809429,40779796299,2024-09-04 06-41-26,180.176.159.50,168066210,internet,77.207.3.42,-744019025,-604192815,-25020,-35
huawei,-85,226055727806414,40731353953,2024-09-04 06-40-03,43.20.210.156,-2091451795,ims,230.16.136.155,-950753877,-800898769,-28218,4
huawei,-60,226057104731603,40744620767,2024-09-04 06-41-16,144.37.170.242,-216527972,internet,206.45.233.36,1086072519,-563177227,-31064,21
huawei,-116,226058243570790,40744783074,2024-09-04 06-42-22,80.255.119.176,-2014929997,internet,241.91.166.30,770836904,-478119623,-19327,-35
huawei,-101,226056803038731,40790190741,2024-09-04 06-40-30,41.22.141.84,-1268212246,internet,246.142.29.140,-96947108,-616603114,-10834,58
huawei,53,226050664608769,40796183883,2024-09-04 06-44-16,254.177.215.145,-799794898,ims,164.111.35.134,-576965149,-1595039571,-412,90
huawei,46,226050385891000,40746680274,2024-09-04 06-42-42,211.2.249.173,-649284294,ims,64.212.209.138,-1525068062,1585480062,4086,37
huawei,54,226058431312464,40779384167,2024-09-04 06-40-42,150.78.116.72,1938714233,ims,159.144.244.230,-1739806576,-620798979,-12556,123
huawei,80,226058642656173,40729830125,2024-09-04 06-41-08,69.112.44.195,1631595944,ims,37.121.114.14,1509018360,1770850594,1839,57
huawei,1,226057510418658,40734398607,2024-09-04 06-42-33,78.153.192.173,1766590024,ims,251.149.28.139,-522751278,-756156766,17872,44
huawei,53,226059322536558,40775109297,2024-09-04 06-42-31,4.58.7.14,-1041181194,ims,68.69.121.81,1526959800,1188322368,24870,21
huawei,5,226058728920356,40799747378,2024-09-04 06-42-49,69.175.9.124,-256823966,internet,153.91.166.86,-655911697,-1629259014,12520,-90
huawei,16,226052856425341,40718861097,2024-09-04 06-43-58,150.222.172.193,174451619,internet,27.55.184.214,-596204468,-171562093,-12068,-48
huawei,122,226059239145065,40749551329,2024-09-04 06-40-13,146.98.163.219,-216779962,internet,79.224.19.125,-603162971,-603534294,-13975,93
huawei,-60,226056111490207,40798291436,2024-09-04 06-43-06,67.32.86.126,878238985,internet,82.80.197.50,-387465796,1045229045,-29039,-25
huawei,-14,226056679456465,40758272322,2024-09-04 06-41-22,152.86.39.130,1673768867,internet,20.17.124.32,1716319406,-1839451660,537,-72
huawei,93,226059276869596,40754003243,2024-09-04 06-40-58,159.62.13.176,511770683,internet,52.11.166.166,-1818190041,523634352,10085,-91
huawei,45,226059613287297,40742260754,2024-09-04 06-42-52,175.35.241.147,-554865531,internet,99.97.95.57,1250045127,-971173950,-23957,69
huawei,80,226052893664100,40747195026,2024-09-04 06-41-10,193.121.157.190,43840572,internet,111.108.84.198,1034653001,-1654671709,9412,-97
huawei,20,226051407203749,40759341116,2024-09-04 06-44-16,245.245.240.67,-1580824439,ims,138.155.242.29,610530326,1203529074,1754,37
huawei,84,226050230789304,40728536490,2024-09-04 06-40-38,27.176.117.219,-1244180487,ims,97.110.11.51,-867920245,362065345,5163,26
huawei,-23,226054413507302,40743807936,2024-09-04 06-43-53,14.255.90.135,-501845186,internet,53.190.222.123,-1258392291,-1560476147,-20280,45
huawei,127,226051597140650,40789075846,2024-09-04 06-40-49,215.151.53.76,856130566,internet,136.74.90.61,1156954292,-161881229,-1364,-104
huawei,-5,226057943134212,40714374594,2024-09-04 06-43-02,254.126.166.228,646757793,ims,234.250.211.119,-1849343818,-1001997175,32155,93
huawei,23,226051926380000,40723069405,2024-09-04 06-41-38,151.79.166.38,-1589562017,internet,145.25.91.214,357347457,-1980700067,23542,-121
huawei,-10,226052373401306,40753899818,2024-09-04 06-41-18,21.60.48.212,1798679420,ims,221.216.232.57,633128518,-1898503718,-1089,-18
huawei,-127,226050163035045,40705718588,2024-09-04 06-40-51,170.0.59.104,115557300,ims,154.14.169.187,-568243430,899046255,-5420,98
huawei,30,226050916686678,40710176871,2024-09-04 06-44-06,157.220.170.94,-809842781,internet,38.63.234.65,-936807917,-1870107233,-28452,-22
huawei,69,226055991597421,40713176780,2024-09-04 06-42-04,186.158.179.133,1853208420,ims,1.246.200.229,-1423937720,1998354610,-11186,12
huawei,115,226059034373565,40700345642,2024-09-04 06-42-00,148.63.92.89,-870412207,internet,42.225.69.15,1296620761,-532388443,-11295,38
huawei,-128,226053600679337,40704283770,2024-09-04 06-43-35,180.245.154.36,-201525993,ims,1.38.241.207,1909960901,-2123697113,-29079,-100
huawei,29,226050447323234,40714116400,2024-09-04 06-44-58,48.52.134.207,1676859907,ims,180.238.104.141,380279239,-1284897799,-2391,-121
huawei,80,226054602659825,40781907818,2024-09-04 06-40-48,58.141.2.247,-1295251667,ims,169.76.27.62,-1796743689,69293000,32036,-44
huawei,-28,226059739190342,40739368941,2024-09-04 06-40-25,152.72.235.234,1331771850,ims,16.220.130.28,-1017382820,280346075,-29432,-71
huawei,14,226056903462385,40765796461,2024-09-04 06-41-57,124.201.0.232,1986756225,internet,232.43.124.77,-391175600,2094264741,-11134,111
huawei,-25,226053775180752,40744555954,2024-09-04 06-41-57,65.227.146.162,1137633892,internet,194.108.65.219,593601605,538271259,-7586,113
huawei,-69,226053416291148,40787978659,2024-09-04 06-40-03,143.137.48.5,1118619893,internet,192.212.202.98,1385487932,74565455,-2456,24
huawei,-18,226057503262556,40739929037,2024-09-04 06-45-00,199.71.174.65,388729208,internet,158.96.134.99,103190315,-1687111761,29302,-23
huawei,-49,226052456114297,40734128771,2024-09-04 06-40-52,218.148.49.61,-248322301,ims,46.117.25.194,1435396120,-1108953495,-11726,-17
huawei,-95,226059022862158,40743104893,2024-09-04 06-44-37,222.69.75.75,-1955984155,ims,153.96.9.216,-1143850475,-987969225,-4995,-40
huawei,-59,226051482516564,40724564758,2024-09-04 06-43-06,51.190.30.3,-2062186060,ims,86.150.23.151,1869855213,-1306295306,18034,-118
huawei,-78,226054117909435,40747578520,2024-09-04 06-42-00,35.174.236.233,-1210545446,internet,154.223.231.232,1130122411,1151649526,-29699,53
huawei,19,226056916414142,40747338330,2024-09-04 06-44-18,128.104.163.168,-592137165,ims,182.3.186.84,444410255,-835846494,-24689,24
huawei,98,226051260946934,40711726464,2024-09-04 06-41-18,93.118.134.65,-305689844,ims,255.62.148.113,-1641581983,1485060468,13295,9
huawei,-9,226059410224958,40747138394,2024-09-04 06-42-55,245.206.43.39,-480301508,ims,95.202.109.108,127584431,257679485,-2291,106
huawei,-47,226054153736770,40710439760,2024-09-04 06-40-59,37.126.224.139,1019776467,ims,31.41.235.182,1692264349,795878316,-30062,11
huawei,35,226058612821036,40706441325,2024-09-04 06-42-55,41.158.55.229,72441662,ims,139.91.65.147,1666555380,400494456,-7525,70
huawei,-81,226056041709882,40739906973,2024-09-04 06-43-45,10.76.121.206,920923042,internet,199.55.251.105,-1775685037,1652949476,-22348,-94
huawei,6,226054618748585,40773293867,2024-09-04 06-43-15,32.254.33.78,-1257487281,internet,231.213.93.224,-528487416,-511699846,8890,85
huawei,79,226058393213596,40716997197,2024-09-04 06-41-45,238.44.233.197,-129807341,internet,186.11.158.66,-1142900829,1039849225,4014,-24
huawei,53,226058095189613,40711806357,2024-09-04 06-43-56,243.190.59.113,95623446,ims,51.93.75.156,1933094657,1521279612,23062,44
huawei,-118,226051247394120,40791937483,2024-09-04 06-40-26,18.237.136.239,146467481,ims,211.4.53.132,-1669559726,862266565,-11770,91
huawei,-56,226057215354285,40799393632,2024-09-04 06-41-40,152.41.181.212,-1510147159,internet,50.103.122.69,-686486916,-158912805,-26374,15
huawei,-50,226051788101193,40713918225,2024-09-04 06-43-33,183.210.202.245,1299738859,internet,111.59.223.97,-1099181181,1799639191,10723,45
huawei,-10,226054117274158,40718815318,2024-09-04 06-44-34,84.243.235.212,-1965301266,ims,107.95.134.255,-1478777188,1390097824,7387,18
huawei,-62,226057636853739,40733499322,2024-09-04 06-43-28,193.7.13.194,195053794,internet,54.171.233.239,-1885680955,-1143092624,25409,-70
huawei,93,226056566732961,40725861807,2024-09-04 06-44-24,182.252.189.40,542754951,ims,145.154.174.79,-416459226,-1427651222,18064,75
huawei,107,226053578136847,40734707328,2024-09-04 06-43-48,100.96.24.135,902991604,ims,142.142.75.220,-1668562243,705674705,-32231,49
huawei,-53,226057067597452,40750950317,2024-09-04 06-40-23,218.91.72.46,240867405,internet,156.210.140.99,289991829,-1754115844,-20402,72
huawei,-62,226057502470096,40773028669,2024-09-04 06-41-52,182.134.195.139,-650080332,internet,216.233.31.65,1715449284,512603310,32564,-60
huawei,55,226058523006206,40762762684,2024-09-04 06-40-27,198.240.101.89,-1235608085,ims,175.176.40.85,1495166603,-1631481623,2529,53
huawei,-10,226053603233432,40702581565,2024-09-04 06-42-29,184.142.172.169,-419023796,ims,214.129.196.60,-1233142607,1591965881,1962,-28
huawei,14,226050942150263,40730620591,2024-09-04 06-42-35,165.175.90.166,-1150810793,ims,134.187.22.15,1039822453,-1153711518,-12726,-11
huawei,-116,226053414456703,40729687915,2024-09-04 06-43-33,229.106.232.176,392493376,ims,197.95.124.243,-60747037,-1032437630,-6346,-47
huawei,80,226053513487725,40738693521,2024-09-04 06-43-59,193.252.59.14,-1972418239,ims,134.219.69.88,-944699943,-360980576,17745,-16
huawei,118,226058073940270,40715636961,2024-09-04 06-44-48,89.26.35.205,-1403346778,ims,165.229.137.168,1088399027,563109124,-21576,49
huawei,-17,226051751218242,40780206648,2024-09-04 06-44-59,217.112.69.223,-641613448,internet,91.23.112.184,-1663730584,-1820108439,10777,94
huawei,102,226051289680304,40701650409,2024-09-04 06-43-42,97.38.204.81,1278242807,ims,95.5.183.186,977413472,1167940744,7601,45
huawei,-21,226054771148847,40712725348,2024-09-04 06-40-21,170.93.131.58,1833594841,internet,87.87.16.143,-1655843741,736580545,-8108,15
huawei,36,226053106582251,40761810844,2024-09-04 06-40-22,184.93.162.199,-963888531,ims,41.225.49.225,1266766719,-721312559,-3637,-38
huawei,-96,226054400020999,40774442958,2024-09-04 06-41-00,239.118.100.210,-241676822,internet,163.205.126.74,1453097831,-465509751,14533,-96
huawei,-63,226054553116851,40722887290,2024-09-04 06-45-01,224.223.44.233,505564405,ims,4.181.248.23,749224651,-198692495,31218,-21
huawei,117,226057373525291,40761378562,2024-09-04 06-44-44,192.181.160.60,693463040,ims,57.242.217.104,-1930475337,-1164348737,23270,-13
huawei,39,226054470833486,40735206587,2024-09-04 06-40-31,175.104.96.166,-1866059914,internet,162.94.44.242,1366361013,-994045655,15820,110
huawei,-43,226057326531950,40727914510,2024-09-04 06-42-11,251.167.17.188,1926865568,ims,40.135.18.180,407284118,-935368088,26580,39
huawei,26,226050239428090,40718594965,2024-09-04 06-42-39,225.246.197.246,-866982098,ims,176.180.116.93,-1698938027,95013098,11225,-67
huawei,-94,226051181200020,40735817597,2024-09-04 06-43-50,79.126.126.250,-766476144,ims,63.165.186.149,2039670982,1576223059,26476,-93
huawei,-98,226053311025326,40763529553,2024-09-04 06-43-50,76.187.125.49,1774451008,ims,229.217.179.30,1123535793,-821654842,-10234,57
huawei,24,226053496709652,40790126177,2024-09-04 06-42-53,205.151.106.109,-1095275953,internet,41.214.250.203,525096100,963759543,-31343,-126
huawei,-118,226052738220249,40766942124,2024-09-04 06-44-37,238.212.95.220,1736388315,internet,76.218.24.108,-213359630,-1639660540,20392,-89
huawei,33,226052873154742,40782441429,2024-09-04 06-42-08,50.238.45.227,-212186717,internet,231.121.81.165,-2070796977,-1913198561,5555,-108
huawei,13,226057253965462,40793684630,2024-09-04 06-40-46,198.41.50.50,-1352071971,internet,198.212.95.117,1861987016,-66285162,2695,95
huawei,40,226058843422244,40775327301,2024-09-04 06-41-32,251.97.8.211,1269901412,ims,177.113.64.5,-1386563684,-1699391622,-30388,-76
huawei,112,226057637641195,40749595529,2024-09-04 06-40-39,182.248.242.245,1867032777,internet,251.95.144.122,1522581071,-846358073,-4392,-6
huawei,29,226056044485221,40754192123,2024-09-04 06-41-59,145.43.204.31,105179624,internet,128.174.80.222,20299376,1505049802,27183,-46
huawei,27,226052810966661,40757158265,2024-09-04 06-44-34,30.55.176.167,1727865347,internet,60.129.48.202,-1897922863,-142914801,-15395,4
huawei,-50,226051977137953,40798471616,2024-09-04 06-40-48,76.146.236.144,-125476729,ims,38.33.240.208,636433511,327939778,-12945,-24
huawei,-61,226056604289838,40789753370,2024-09-04 06-42-12,191.241.242.89,1170814390,internet,27.48.72.136,-1912613409,-1297520553,4034,-19
huawei,78,226053921640391,40716367761,2024-09-04 06-42-16,30.173.55.194,-931314236,ims,5.174.69.189,1498668788,-326418945,-12117,-18
huawei,47,226055084193173,40705063877,2024-09-04 06-42-58,86.174.108.155,-1476203215,internet,145.195.192.13,-1059871063,1664372720,-16591,119
huawei,41,226058948281593,40747623671,2024-09-04 06-43-21,34.178.32.74,-1049258593,internet,115.136.69.177,1868192200,482231604,30463,-26
huawei,-107,226055425203464,40774282457,2024-09-04 06-44-20,159.90.158.56,1288269514,internet,199.31.151.219,1954339208,-1615486674,26127,-84
huawei,109,226059125047048,40744755524,2024-09-04 06-40-36,136.251.215.113,-1718616554,ims,206.26.124.62,1640921036,54156197,-7762,5
huawei,-88,226059147469037,40708552915,2024-09-04 06-44-55,117.254.91.54,1995504204,ims,133.36.154.214,1996058342,370267404,-26432,-87
huawei,116,226058694814689,40727380866,2024-09-04 06-40-40,97.160.108.20,-776339409,ims,65.19.27.245,1757492698,1992282491,-20882,37
huawei,-75,226054461550351,40761305912,2024-09-04 06-42-59,32.15.214.125,2136120830,internet,164.203.2.164,-171971642,-1663625692,-4247,-109
huawei,-85,226050563828562,40733537866,2024-09-04 06-42-39,6.78.211.203,351785167,internet,204.153.84.169,879166572,-1078226766,-16741,49
huawei,-95,226050022638322,40701777251,2024-09-04 06-43-59,224.140.106.100,-1012877212,ims,12.227.133.73,-1950771110,-1738350594,22022,-4
huawei,85,226059457018801,40706497324,2024-09-04 06-42-15,201.47.37.220,122784825,ims,112.254.35.147,1906879923,-1594013246,24509,26
huawei,-31,226052516554705,40790469155,2024-09-04 06-43-02,54.194.169.6,-1303756641,internet,93.207.161.181,-466472556,-54722521,21854,59
huawei,66,226050684382810,40762764297,2024-09-04 06-40-01,34.161.154.69,-1858714159,ims,169.37.125.108,1122076507,1695816520,3366,-9
huawei,-76,226057431807705,40763097749,2024-09-04 06-42-31,167.245.242.252,1108841386,internet,63.238.75.216,-329089897,-2112644666,5728,45
huawei,57,226053277394880,40756550177,2024-09-04 06-43-17,211.28.249.108,-1506384643,ims,169.244.150.254,-856099330,2083844978,-9326,5
huawei,-59,226054009606019,40726180881,2024-09-04 06-44-17,46.48.72.149,-520800093,internet,125.204.213.209,957194622,379017463,-801,-10
huawei,35,226053713345334,40702558100,2024-09-04 06-44-14,196.155.1.1,-845625807,ims,68.227.165.46,-1977456383,-471729494,31880,63
huawei,22,226053619158621,40700369481,2024-09-04 06-43-52,105.158.120.65,1976274890,ims,53.129.175.66,849069262,-241471822,15543,59
huawei,-123,226053229627668,40770593115,2024-09-04 06-44-42,6.108.47.66,-1287274750,ims,19.147.164.155,-1252676029,1504733037,-17121,4
huawei,-121,226050688286620,40740986079,2024-09-04 06-43-50,78.67.212.173,-1785240323,internet,9.106.2.155,1613869601,283470701,-29971,6
huawei,-32,226051891542074,40723557362,2024-09-04 06-40-04,9.1.7.64,1104930909,ims,81.200.102.64,1862211167,336322712,31593,17
huawei,-12,226050653829743,40770809843,2024-09-04 06-41-00,206.17.239.60,683615358,ims,19.77.128.224,-1733188185,1739231626,14430,-65
huawei,22,226053681056103,40770517391,2024-09-04 06-43-17,202.109.252.60,-391891909,internet,228.106.21.209,-160863576,2042257616,-16016,8
huawei,-86,226054368155631,40746802202,2024-09-04 06-40-53,79.20.44.16,-357310432,ims,43.29.183.198,-239129619,2124897387,13487,29
huawei,107,226058471348207,40709371524,2024-09-04 06-41-02,180.193.144.29,1747015002,ims,45.230.233.95,2132604885,778360889,27700,-44
huawei,26,226059216297740,40739992281,2024-09-04 06-41-46,247.173.98.52,1035303634,internet,157.15.67.104,-1456535318,-743225351,25335,-11
huawei,78,226052395589443,40793655121,2024-09-04 06-44-23,143.234.186.93,1561528750,internet,228.96.111.141,1576588943,-1052136994,15539,17
huawei,49,226057208138221,40796630434,2024-09-04 06-41-16,129.76.89.80,-1173288470,ims,208.19.248.99,-2024652528,-1800992706,6637,-105
huawei,17,226057993291513,40793363846,2024-09-04 06-44-46,96.173.48.193,133345718,internet,215.132.120.2,-1644665285,-909170657,6775,-25
huawei,-60,226050084835072,40747378935,2024-09-04 06-40-54,162.184.218.100,-882692675,internet,206.201.66.145,-1813947528,-2031937378,4858,-127
huawei,98,226057449276171,40721220119,2024-09-04 06-40-42,137.184.246.248,73855566,ims,6.145.36.99,-1987582660,568276622,5796,19
huawei,52,226055691968673,40700094319,2024-09-04 06-44-45,210.21.53.175,1883223469,internet,91.86.44.19,-405116835,1893417460,-5024,124
huawei,-104,226056467447696,40737980130,2024-09-04 06-42-31,204.111.45.66,-1772437683,internet,246.12.186.8,1945166629,-1183033156,-3945,120
huawei,-27,226051777074312,40700348090,2024-09-04 06-44-27,20.85.209.151,-2115242082,internet,122.168.17.47,2135923824,203817967,-23394,89
huawei,-37,226056085351578,40796375974,2024-09-04 06-40-25,151.66.33.95,-1613722430,internet,72.157.135.250,-620110447,-438785123,-11009,45
huawei,-64,226052902695228,40721625116,2024-09-04 06-43-40,96.58.120.190,209405416,internet,4.54.198.40,-1596820910,552892775,-6161,98
huawei,-121,226059171059953,40707814001,2024-09-04 06-40-22,4.234.238.21,142801140,internet,94.33.170.196,1280039567,-1561854013,-24772,-7
huawei,78,226052821902379,40767740285,2024-09-04 06-41-49,2.193.220.214,948272067,internet,136.161.106.144,-1402878699,-141369191,-12336,103
huawei,-115,226057103450443,40771289589,2024-09-04 06-41-04,18.111.244.220,85606870,ims,176.250.9.241,839951953,-1672785923,3319,-2
huawei,-18,226052714278422,40727374106,2024-09-04 06-40-38,103.107.23.128,1654297426,ims,155.135.255.84,1137454692,-1662791149,10717,-11
huawei,18,226058627902805,40770041612,2024-09-04 06-41-34,54.131.166.189,1140041664,internet,28.43.221.165,-719247142,-2105564562,21619,-49
huawei,-105,226050117090834,40767225857,2024-09-04 06-41-43,91.74.76.89,-1522032746,internet,137.13.90.103,267453293,840681977,65,-40
huawei,-1,226053598815423,40798230696,2024-09-04 06-43-23,128.123.231.183,1225834206,internet,62.208.151.214,-1428366738,659966429,-8161,40
huawei,-32,226059806152434,40733251441,2024-09-04 06-44-27,36.177.93.1,-954935280,ims,185.234.116.24,427754950,-250497833,16996,-62
huawei,42,226059919362131,40731206844,2024-09-04 06-44-08,134.174.38.29,-1869022651,internet,83.198.65.131,-725381380,260000676,24882,-7
huawei,58,226059676380565,40716346781,2024-09-04 06-42-37,92.34.39.222,-1292724655,ims,208.154.91.224,1837277425,-1657596067,1104,77
huawei,47,226056596304352,40798806906,2024-09-04 06-40-13,16.175.13.27,1177776465,internet,97.193.93.206,-147923035,-838445081,14391,19
huawei,-119,226053437897244,40703473011,2024-09-04 06-40-45,123.184.250.78,1322542770,internet,151.174.50.224,90725671,1240464693,-31752,82
huawei,113,226054506100271,40700798904,2024-09-04 06-42-10,5.218.234.216,-551668536,ims,138.57.23.94,-91842893,-1491746624,19727,3
huawei,-80,226055080444587,40730157183,2024-09-04 06-44-08,121.139.18.80,-612302996,ims,80.236.115.127,-117162707,1794704565,11160,43
huawei,-97,226050507492034,40793026292,2024-09-04 06-44-32,89.209.135.131,-441419326,ims,40.238.31.173,-1547756884,197213450,16804,55
huawei,65,226051310436258,40712456613,2024-09-04 06-40-13,173.200.160.11,1790886307,internet,21.100.245.65,87268472,-845272627,-11456,105
huawei,-108,226057104538176,40755930812,2024-09-04 06-44-46,209.133.206.188,710167477,internet,4.12.36.36,1134093687,1633709536,28464,82
huawei,-128,226059965711300,40709583972,2024-09-04 06-44-13,182.135.253.178,-474096761,ims,223.72.63.67,-661669248,-420120671,-29883,57
huawei,75,226052395705614,40786383766,2024-09-04 06-42-37,93.116.22.183,2001402235,internet,231.22.198.44,-161987519,-927675100,-4935,55
huawei,-33,226053904254632,40738492894,2024-09-04 06-41-45,178.24.28.165,-1464011290,internet,156.3.7.226,1306197033,442475132,21042,-22
huawei,-86,226058426463595,40778529505,2024-09-04 06-40-36,67.41.87.36,-2112565137,internet,100.98.121.78,992380997,1305031560,-12407,24
huawei,-121,226050174657636,40794419640,2024-09-04 06-40-45,158.72.57.207,211727010,ims,135.214.241.150,1857716328,624049424,-16016,58
huawei,90,226052040642650,40724796649,2024-09-04 06-43-27,168.187.36.132,1228826145,internet,196.166.116.219,-124396820,396948188,3650,-41
huawei,110,226059417207634,40717803324,2024-09-04 06-41-02,245.204.126.100,-16461127,ims,103.154.84.253,-1813776376,2051966607,-29129,36
huawei,54,226053902046491,40790353709,2024-09-04 06-43-33,99.93.157.14,-332446510,ims,6.33.34.69,-759602084,-1108786354,17868,40
huawei,-28,226054993875239,40797347838,2024-09-04 06-40-20,49.152.97.124,1825383655,ims,130.26.214.75,80939400,-936514411,-7770,-124
huawei,55,226058384576361,40759795631,2024-09-04 06-41-29,87.237.245.151,-1473178550,ims,62.177.113.14,1931360352,240678656,-30245,-87
huawei,-16,226051372333874,40728658600,2024-09-04 06-40-11,82.215.106.253,-1848945884,internet,73.214.237.245,-1239844817,641752343,-6939,59
huawei,35,226057684792603,40765520136,2024-09-04 06-44-01,56.103.233.253,-1775550458,ims,155.35.253.247,2107417687,-1023019093,4285,72
huawei,97,226059706765923,40774435829,2024-09-04 06-41-07,22.230.10.120,1168257043,internet,106.120.243.127,-236745027,-69996842,-3388,-113
huawei,79,226055394977782,40770060307,2024-09-04 06-43-05,142.205.189.107,-764441965,internet,248.209.137.11,261921113,1706126404,-12906,-37
huawei,57,226059417247901,40799643055,2024-09-04 06-42-05,175.142.137.67,963849695,internet,245.142.193.90,1565127572,202574898,-27872,50
huawei,14,226056652053328,40766979817,2024-09-04 06-41-28,27.105.134.196,710277569,internet,245.200.248.202,577907968,-134270369,-10964,-56
huawei,-38,226059339392825,40705942268,2024-09-04 06-40-46,203.194.93.57,-1977207704,internet,250.10.195.163,-56761001,-1415439981,-24867,-86
huawei,111,226054293912564,40759445141,2024-09-04 06-40-49,251.183.112.133,1013686163,ims,77.195.112.197,-531149523,-879111306,-20216,-108
huawei,-81,226053048405434,40702408724,2024-09-04 06-40-29,106.88.240.40,552942000,internet,142.144.187.222,-1590690836,-639655492,1234,-70
huawei,122,226050323366546,40717316821,2024-09-04 06-44-47,104.98.246.224,-619928313,ims,138.13.90.248,-1955680902,-1603342628,-11786,96
huawei,99,226056539947522,40740764441,2024-09-04 06-41-42,211.205.56.175,-995053523,internet,160.107.181.170,1464559808,934386311,26002,74
huawei,122,226057704573393,40757525134,2024-09-04 06-44-18,78.40.201.55,946081320,ims,174.42.73.56,-1475818685,-1548547539,-15196,-114
huawei,-109,226052879316009,40731451328,2024-09-04 06-41-42,78.28.212.41,-1092037682,internet,94.37.174.160,1747448311,-1130489070,-11349,-89
huawei,-1,226054949524927,40795858488,2024-09-04 06-40-28,219.84.228.190,664071016,ims,75.191.85.37,1583224877,-84951708,10012,-76
huawei,101,226050240634843,40769700277,2024-09-04 06-41-19,43.109.21.156,-1013341667,internet,10.33.228.163,1462527586,2041547486,11428,28
huawei,76,226052355966972,40719895855,2024-09-04 06-44-57,62.101.215.26,1468137285,ims,164.184.188.168,-21305374,-417424051,-17571,52
huawei,40,226054931972537,40728400793,2024-09-04 06-44-27,121.196.119.160,-318451726,ims,61.173.55.152,-753109240,1482915580,25885,31
huawei,-41,226058227668768,40729171438,2024-09-04 06-42-08,28.73.73.74,-1141970581,ims,220.231.244.176,-85230761,2034260852,21244,-6
huawei,-29,226050486813247,40709774153,2024-09-04 06-43-10,98.0.171.203,-1126110471,internet,243.104.209.205,-455867620,1253249935,-12475,15
huawei,67,226056577995537,40790020126,2024-09-04 06-43-58,139.62.224.101,-2072860388,ims,136.186.22.115,-1524019907,403134152,-15855,120
huawei,-46,226051111559639,40729873852,2024-09-04 06-40-25,243.66.60.4,-462117253,ims,255.83.132.255,-1314791547,-1090462297,-14769,-104
huawei,-32,226057009546318,40734520129,2024-09-04 06-41-53,186.49.181.229,1102097693,ims,158.12.50.168,-1879836866,1894875622,12652,64
huawei,-61,226055663561966,40765224404,2024-09-04 06-40-35,116.155.1.227,1331483890,ims,196.66.244.227,-537774293,1020423822,11985,101
huawei,-87,226053472268161,40766781893,2024-09-04 06-43-48,154.24.52.12,1413492357,ims,139.202.205.199,1468245991,-2057721108,20976,-113
huawei,-43,226052560985740,40761121929,2024-09-04 06-43-57,219.56.251.234,-939239134,internet,57.251.212.114,354500246,887393695,-32052,-126
huawei,-105,226052584976549,40781145557,2024-09-04 06-40-20,155.24.80.249,679829690,internet,55.117.39.150,1191009393,283211478,-3889,-64
huawei,-60,226052476762887,40789735863,2024-09-04 06-43-41,67.44.222.169,911517049,internet,135.5.182.203,-671602897,951671129,9564,116
huawei,18,226051363849640,40776393777,2024-09-04 06-43-34,49.208.233.179,178205464,ims,22.80.122.53,-382003436,-1932467179,30754,-57
huawei,-30,226051568734211,40712266367,2024-09-04 06-40-06,163.168.238.223,-1938487955,internet,206.77.227.187,-1871990527,558230130,-28116,-116
huawei,58,226056526730797,40742493877,2024-09-04 06-40-43,11.109.192.125,1087644014,ims,176.230.73.191,-1654332010,114298450,397,1
huawei,56,226050493154282,40725081648,2024-09-04 06-43-43,162.170.65.53,1670166721,internet,239.4.233.99,344908431,1737948573,-6098,-121
huawei,-64,226052472038473,40795763981,2024-09-04 06-40-38,89.63.7.223,-626778810,internet,47.91.132.129,1149445314,-565880299,-28397,-38
huawei,11,226054065932256,40739844374,2024-09-04 06-40-33,212.60.195.199,1109538204,internet,151.8.170.0,-1467813475,1822643806,-31576,-40
huawei,-81,226056328943217,40785541116,2024-09-04 06-41-11,152.241.57.166,-2084101882,internet,105.102.214.26,-1395497862,253257712,1295,7
huawei,-74,226055524385753,40733159777,2024-09-04 06-40-29,67.91.195.49,-1652510528,internet,56.155.196.254,-661555838,1070918465,-31529,75
huawei,-69,226055189054779,40747179786,2024-09-04 06-44-57,194.137.125.106,2055803119,internet,178.40.60.244,-1116571677,909223173,-19653,-125
huawei,1,226054378457017,40737884508,2024-09-04 06-44-13,88.49.4.217,2111819006,internet,99.241.147.130,-1508906314,1405003013,15323,-70
huawei,-56,226053601173386,40781360428,2024-09-04 06-40-46,15.217.94.245,-57355162,internet,58.177.8.153,1225675575,-2070181985,15638,-41
huawei,-72,226057145812359,40791972935,2024-09-04 06-41-49,164.0.63.178,1536332343,ims,144.59.229.245,1664365318,952118858,-31955,-3
huawei,-124,226054006997063,40782215418,2024-09-04 06-43-13,171.187.86.16,-876857927,ims,102.153.2.174,-313774785,-1900327889,25150,-122
huawei,-66,226058389570324,40752381969,2024-09-04 06-40-28,245.231.27.181,368936909,ims,223.95.178.136,-1174011233,-152950700,-12311,-48
huawei,-93,226050394636490,40771781493,2024-09-04 06-43-19,202.50.6.63,-1077408939,ims,114.7.24.39,2114387686,-1853724635,25945,-39
huawei,20,226054876687904,40748154525,2024-09-04 06-41-05,24.39.61.161,224429603,ims,180.79.57.173,154999165,227360774,15917,92
huawei,55,226053127349182,40704874630,2024-09-04 06-42-36,138.43.68.214,-1183077394,ims,254.17.118.132,527913454,-1771555338,-19677,-109
huawei,53,226051884292619,40749313819,2024-09-04 06-45-00,50.172.150.204,-1192978392,ims,158.176.156.141,-2029371436,-1098116395,407,44
huawei,77,226055303856063,40779914186,2024-09-04 06-43-38,135.19.69.46,-947304863,internet,23.148.57.89,928368442,-1005259659,18657,23
huawei,-63,226050573459033,40791503988,2024-09-04 06-40-17,178.159.95.43,440788647,ims,99.40.214.123,-367040318,-777786201,-21298,-98
huawei,55,226058919275561,40782486978,2024-09-04 06-43-34,63.233.103.140,1581294428,internet,209.50.86.95,676817856,181511478,-1886,111
huawei,-35,226053386622117,40756236700,2024-09-04 06-41-47,82.96.31.82,-1456200359,ims,161.168.169.214,-1804810126,834816043,-28970,-30
huawei,-22,226052116508120,40739316817,2024-09-04 06-41-55,236.203.41.27,-917305378,internet,52.114.112.68,1051626813,-1083877943,8861,-9
huawei,60,226053486528102,40744903038,2024-09-04 06-42-04,203.219.234.99,-1944853484,ims,200.2.132.116,569755166,23416577,28979,-120
huawei,122,226052981768402,40738016722,2024-09-04 06-41-17,65.211.112.79,813481823,ims,254.40.237.80,1382200309,1058902654,-21818,-33
huawei,-25,226052582075590,40794631940,2024-09-04 06-41-00,205.182.106.136,-718036856,internet,38.204.2.60,2009184882,1721169304,-6715,-96
huawei,-68,226052352327819,40711909726,2024-09-04 06-44-27,26.213.144.187,959963553,internet,119.251.21.248,339335378,190478206,-22571,33
huawei,60,226054146933198,40738909458,2024-09-04 06-43-04,156.64.139.37,669530060,internet,110.50.109.110,686029323,1831448161,15624,-28
huawei,45,226054255567724,40730245415,2024-09-04 06-42-49,57.86.186.217,-1991727993,internet,124.54.219.120,183359520,-1323470081,-27431,-16
huawei,50,226051793224372,40748448338,2024-09-04 06-44-31,19.138.233.143,285557483,ims,40.247.32.149,1078187281,1115218615,16659,-83
huawei,-69,226055757644125,40760785538,2024-09-04 06-42-17,69.174.117.194,809139358,internet,44.75.178.168,1922837393,-1860621992,-19626,96
huawei,73,226053442059572,40715889703,2024-09-04 06-40-28,156.152.224.171,-1086409100,ims,119.156.252.42,238426066,-193267372,1239,93
huawei,87,226051113734069,40788638458,2024-09-04 06-42-08,42.223.165.4,397586477,ims,102.149.48.12,445770841,-343848948,-18584,33
huawei,3,226054854249632,40763653130,2024-09-04 06-41-12,148.114.59.83,-531746948,internet,68.162.8.39,226874307,1146841646,28664,-44
huawei,-5,226056101842681,40726562709,2024-09-04 06-43-48,252.151.145.170,605391664,internet,172.16.142.194,-282060774,227881505,-3932,-84
huawei,-81,226057740554583,40787019210,2024-09-04 06-44-19,52.226.92.242,1290399250,ims,57.249.104.22,1751876760,1427708573,-24775,-69
huawei,110,226053789344985,40736831440,2024-09-04 06-42-17,215.36.22.24,1443766338,ims,215.13.6.102,1666073306,776265987,-26538,58
huawei,-75,226058827538500,40706469449,2024-09-04 06-43-12,163.27.174.45,735202249,ims,77.251.187.156,-2022690561,-118557200,-28361,-55
huawei,-125,226059909350725,40767413401,2024-09-04 06-43-42,244.11.214.128,-586189880,internet,150.223.104.49,-2010788158,-882410042,-27318,78
huawei,88,226053297806243,40763662174,2024-09-04 06-40-27,168.203.34.125,-912313601,ims,186.47.77.79,-1252174538,2006887592,30130,65
huawei,64,226058929200585,40700154298,2024-09-04 06-41-31,243.166.85.103,-367212337,ims,232.19.53.220,-596396583,-69008530,-7272,105
huawei,37,226056566076118,40717713568,2024-09-04 06-44-05,159.195.8.166,-1907467605,ims,99.98.177.233,-717196241,-1187255441,32704,-12
huawei,116,226051685192709,40798511352,2024-09-04 06-41-44,25.72.235.82,-228055786,internet,206.82.89.176,2060830449,-919197214,-32403,-70
huawei,97,226055526616579,40719708551,2024-09-04 06-43-38,29.203.101.33,713713751,ims,200.234.191.32,-983246888,644873207,15517,68
huawei,-97,226053807636902,40737935200,2024-09-04 06-44-40,119.98.95.246,1741545288,ims,215.62.205.130,-2115017237,1638478165,-23827,75
huawei,73,226051505671266,40751982142,2024-09-04 06-40-41,38.21.122.77,1979263842,ims,62.5.150.59,-463481057,-118891497,-18237,9
huawei,-17,226058734078854,40782599943,2024-09-04 06-42-47,166.43.31.15,62439657,internet,56.33.55.162,-1816779659,671452690,12998,-124
huawei,-72,226050107266540,40763057629,2024-09-04 06-42-21,231.186.150.151,-1431036609,ims,55.71.139.26,1108764449,-1368173912,-19080,-64
huawei,90,226059971942883,40764994003,2024-09-04 06-43-00,82.171.167.81,32535610,internet,17.100.226.211,589877820,-334613640,-3854,-22
huawei,57,226055067626870,40717155942,2024-09-04 06-40-20,230.115.50.35,-517639548,internet,132.240.82.116,-313974334,-1820915387,-4856,-33
huawei,-69,226050963129422,40770689975,2024-09-04 06-43-16,167.241.255.215,599828809,internet,83.40.100.195,584212646,-1019038195,-14130,-114
huawei,-123,226051916094684,40752996729,2024-09-04 06-42-16,124.159.199.195,1699451272,ims,150.201.17.60,-1960721573,2060871671,1562,-114
huawei,-72,226057757244571,40714953074,2024-09-04 06-43-08,79.202.7.226,842285744,ims,206.222.124.233,-1243446846,-49322326,17795,-99
huawei,-77,226054462290358,40707618270,2024-09-04 06-40-24,140.141.233.240,791140265,ims,208.162.191.37,916415095,121044588,-28244,78
huawei,-61,226059619264355,40711219517,2024-09-04 06-40-48,83.100.5.231,-701107201,internet,65.39.228.85,1423072036,-1604249922,25203,-39
huawei,74,226055285472390,40724231764,2024-09-04 06-44-36,160.254.225.1,-1003566811,internet,196.165.226.25,1564249144,1273087895,-16389,21
huawei,-53,226051206619275,40785248996,2024-09-04 06-43-34,236.233.65.198,1000938812,ims,187.156.81.69,618941423,-1212971676,-8830,57
huawei,-71,226050892113091,40764182790,2024-09-04 06-40-55,120.214.246.87,-542701848,ims,112.253.244.230,-223984639,1267710502,-17428,-65
huawei,-103,226057150397431,40786671012,2024-09-04 06-40-11,97.31.124.77,2107602432,ims,15.77.21.105,1662722387,-1327409451,-11367,3
huawei,-99,226052544513605,40752298699,2024-09-04 06-43-33,215.218.71.93,-1425847790,internet,98.145.235.130,749756524,1129582168,6043,-14
huawei,-127,226058874986118,40757055522,2024-09-04 06-44-21,189.181.77.20,-150070155,internet,11.144.77.51,-897852666,-1008757529,747,-38
huawei,17,226056746770058,40700207101,2024-09-04 06-43-14,62.143.135.192,-71541953,ims,73.35.222.10,-16118939,-2146911959,-294,51
huawei,-86,226055541269375,40794741188,2024-09-04 06-41-26,132.254.45.88,1660332514,ims,199.146.120.27,-119805484,-766567088,-8030,43
huawei,15,226050786508381,40715758314,2024-09-04 06-40-26,71.21.23.236,-1199648932,ims,165.130.12.4,-1633757391,-1904298525,-3965,-114
huawei,72,226052997277204,40719327338,2024-09-04 06-43-52,123.187.56.208,266441647,internet,176.135.11.7,-1343883873,1381754839,9397,46
huawei,50,226052922874878,40701126206,2024-09-04 06-41-40,56.246.89.128,2002441162,ims,218.236.154.99,1552210943,437493177,-28269,23
huawei,65,226053612685447,40723858312,2024-09-04 06-40-02,72.249.222.249,-1493841049,ims,214.48.3.33,1053064924,-1536824118,21038,-32
huawei,-29,226051397784572,40731447667,2024-09-04 06-44-18,29.80.177.85,-161789122,internet,189.186.239.253,974338765,1087559741,17213,70
huawei,25,226051867111268,40711207457,2024-09-04 06-41-16,182.149.37.149,733036956,internet,64.210.128.70,-212774957,1575090440,26622,-101
huawei,-75,226057322784480,40784398057,2024-09-04 06-43-37,189.246.176.19,-1795485115,internet,230.122.172.186,-403380223,632557647,-5764,-75
huawei,24,226058897135685,40717493434,2024-09-04 06-41-17,183.224.174.91,1180920604,internet,23.11.192.1,1711116493,37018624,-29984,70
huawei,-64,226050901107548,40787890112,2024-09-04 06-44-48,19.238.235.4,670644974,internet,224.173.110.50,1273415598,1036511824,29420,32
huawei,1,226055995434599,40703208358,2024-09-04 06-41-10,15.64.26.86,-1224267827,ims,233.238.220.42,714405164,-1813959200,10361,-46
huawei,-56,226059134320778,40756498267,2024-09-04 06-44-20,201.245.12.125,-886383733,ims,101.181.153.236,-1178209120,419691584,-5079,-91
huawei,-92,226052159920283,40707038524,2024-09-04 06-43-56,104.87.184.228,-266175946,internet,24.157.168.13,1114269088,-1053703470,-17247,-116
huawei,26,226059145241214,40723712705,2024-09-04 06-41-18,140.177.193.129,1250990391,internet,215.156.26.239,-1008248682,800738216,-24563,79
huawei,105,226050496624163,40736597842,2024-09-04 06-40-29,122.116.249.95,1605842055,internet,214.84.197.160,-1554203397,1432649964,-13518,11
huawei,-95,226055899291498,40782502744,2024-09-04 06-40-15,192.91.105.188,-884478856,internet,133.169.193.225,-1315136998,-1179701530,7091,-126
huawei,86,226050945260799,40718993188,2024-09-04 06-43-12,69.60.77.24,1464950257,ims,131.23.133.128,-889635553,2088839725,-25931,-47
huawei,70,226055752036094,40765601424,2024-09-04 06-43-42,213.96.166.94,-1795530052,internet,156.248.171.77,-1157257302,-2117960973,7739,-100
huawei,78,226050044606137,40767958565,2024-09-04 06-43-54,47.173.44.12,-517041689,internet,64.247.251.11,48484102,-1437219813,2686,34
huawei,85,226055922774853,40746172419,2024-09-04 06-41-33,16.162.235.116,153465515,ims,134.127.57.143,1044408677,-353963084,11922,107
huawei,12,226053785498657,40700560492,2024-09-04 06-41-09,66.43.99.110,-1768678881,internet,69.129.86.199,-1146647600,-1619943423,6058,41
huawei,70,226058674839511,40724479039,2024-09-04 06-42-49,202.146.68.105,2014975457,ims,55.216.194.167,-1328452453,291687714,18088,97
huawei,-110,226052961838873,40792289766,2024-09-04 06-43-12,215.248.94.67,175180496,internet,195.102.24.110,-720898861,-1954835852,-32469,81
huawei,-92,226051014020907,40742001957,2024-09-04 06-43-07,36.215.111.63,416995324,internet,29.134.135.31,156872296,1569182388,-21674,-79
huawei,-109,226057060755584,40747160185,2024-09-04 06-42-12,58.33.235.160,-532961357,ims,81.212.83.128,499188022,-476971000,26714,74
huawei,-65,226054711786882,40799973899,2024-09-04 06-42-27,241.223.171.200,-135332522,ims,228.90.15.186,-453622519,-858903352,-12471,-69
huawei,-124,226055734840184,40753008173,2024-09-04 06-44-23,48.240.76.158,-1807303525,internet,177.58.13.254,-1262038071,2038798578,9669,22
huawei,34,226053937744316,40701488124,2024-09-04 06-44-24,131.204.244.54,1621747958,internet,16.6.29.85,-1150781463,310481517,-22414,94
huawei,-55,226056850119896,40759970630,2024-09-04 06-42-49,15.242.148.181,-1101933517,ims,32.179.132.79,1583650397,-1722491728,-6191,77
huawei,107,226051899469501,40763243497,2024-09-04 06-40-22,216.204.36.160,573919632,ims,127.96.51.60,901522038,2112096337,-8645,35
huawei,-56,226055570597907,40792814218,2024-09-04 06-40-09,234.130.166.77,-870026473,ims,190.159.213.227,2067903261,1342073003,-31302,-88
huawei,117,226053035299020,40753817219,2024-09-04 06-40-07,126.178.77.154,-858330516,ims,164.213.49.31,-785542634,461228903,-27451,-90
huawei,103,226051356722658,40780626793,2024-09-04 06-44-30,48.130.24.169,812922801,internet,25.185.131.4,1884077584,585104635,-5074,-44
huawei,-116,226059092868054,40755115379,2024-09-04 06-44-18,207.123.126.105,1671874032,internet,50.134.147.159,-1024141415,338162957,8204,-57
huawei,2,226050873086204,40730299935,2024-09-04 06-41-07,32.226.206.152,1103839274,internet,129.234.38.85,-359334721,-1231104696,-28699,-30
huawei,41,226053134613598,40732633249,2024-09-04 06-42-55,123.161.195.113,436911935,internet,79.88.26.141,-1023444516,-1576990957,-1240,29
huawei,-125,226056716650974,40772497926,2024-09-04 06-41-56,105.57.118.41,391449205,internet,129.55.82.108,-1897407513,-2025855129,-4625,-80
huawei,-99,226057745595037,40709656100,2024-09-04 06-41-28,117.188.60.112,-1579590747,ims,219.154.243.152,1822761231,-273226765,-24841,94
huawei,-48,226057434057767,40712650640,2024-09-04 06-43-41,252.41.14.96,-1602717829,internet,7.124.145.8,446654751,147908567,-16828,97
huawei,-45,226054563021921,40746199360,2024-09-04 06-40-06,183.245.253.151,715976215,ims,124.169.187.109,1409181426,-364511965,-11870,1
huawei,-85,226056310014639,40715497809,2024-09-04 06-40-21,135.28.210.7,-1425401247,internet,202.234.229.228,-1067934298,1264637844,31402,-59
huawei,105,226055124820285,40750391288,2024-09-04 06-42-43,170.163.63.135,-362681984,ims,228.37.199.201,588282165,1757893081,30721,-117
huawei,100,226056827290012,40715242387,2024-09-04 06-42-28,182.109.59.113,1334388588,ims,52.157.14.153,-1364601504,-2104932132,-3722,-91
huawei,-75,226053920773322,40752360736,2024-09-04 06-43-31,205.67.126.244,536072320,ims,123.56.0.116,1733268434,-705419066,10844,-17
huawei,-45,226052767929894,40735622453,2024-09-04 06-44-08,18.93.179.125,324155003,internet,225.158.60.100,-717695256,1175323116,-4052,2
huawei,-36,226052487286416,40746649753,2024-09-04 06-41-08,152.93.213.14,-1094928715,internet,38.9.116.38,-1833682858,1730557088,10542,11
huawei,-9,226051049248359,40742730058,2024-09-04 06-41-38,12.114.75.187,-515238899,internet,54.142.236.35,-1318807634,2110142922,-29515,76
huawei,-15,226051643012399,40744424745,2024-09-04 06-42-55,211.252.79.183,-577200625,ims,180.224.66.166,-124810557,-1330360552,17805,53
huawei,-6,226053152140693,40772282838,2024-09-04 06-44-35,225.159.60.138,1351302928,internet,21.239.41.161,-796567504,1832182829,28308,75
huawei,-75,226057968469089,40741098304,2024-09-04 06-42-02,25.200.38.170,1264686919,ims,130.249.16.231,82935251,-1871760649,-21883,56
huawei,38,226051440929766,40767716778,2024-09-04 06-41-00,62.126.18.225,2013823755,ims,41.191.39.205,1988952011,1702618443,14051,125
huawei,-117,226059675887091,40733825411,2024-09-04 06-44-23,130.15.77.28,-1102705190,internet,141.179.177.170,708577548,266426434,-2251,-26
huawei,-79,226054337046600,40739975788,2024-09-04 06-41-00,155.224.143.13,-1932985360,internet,220.105.171.185,895199464,-273680065,-24734,-63
huawei,104,226057789909849,40786067488,2024-09-04 06-41-41,60.66.129.110,994119812,ims,190.31.22.161,1134197491,1450034157,-2655,-122
huawei,-4,226055912109134,40798685316,2024-09-04 06-41-38,13.109.73.29,-1425573098,internet,235.12.195.201,-563552641,383564384,-30825,-44
huawei,-86,226057164408992,40741348052,2024-09-04 06-44-28,224.108.170.215,-2021178968,internet,148.225.190.16,1920976091,-1972841058,-21587,-127
huawei,127,226051703407089,40708937275,2024-09-04 06-42-58,137.107.247.22,-416767000,internet,50.56.212.7,888448359,-1751695667,16211,88
huawei,19,226059230636090,40719085822,2024-09-04 06-41-27,77.129.142.233,-865864082,internet,164.22.83.218,-80868280,2138506647,28894,96
huawei,-17,226050289414962,40762771983,2024-09-04 06-44-28,204.150.189.182,-2124146585,internet,242.13.238.236,-94762876,527092507,24762,80
huawei,-122,226052584087078,40734767927,2024-09-04 06-44-02,104.174.168.216,-477688938,ims,156.78.158.246,982380456,-378546295,-1984,4
huawei,-106,226059169455246,40703742661,2024-09-04 06-44-38,48.47.146.249,-2603677,ims,55.121.182.25,-1352636186,36503510,16080,64
huawei,-112,226059066287614,40765325739,2024-09-04 06-42-19,192.194.22.115,289039421,ims,191.226.37.53,1246605452,-1305016903,27967,4
huawei,115,226054088397348,40724403803,2024-09-04 06-40-58,214.52.151.188,39859586,ims,135.35.240.10,-1471479042,20846945,16813,46
huawei,-88,226056127248886,40740923664,2024-09-04 06-42-48,185.159.112.187,-1444829120,internet,125.62.47.241,-1391822379,-797911713,-17826,-87
huawei,2,226052893067526,40748710844,2024-09-04 06-43-20,178.86.108.44,1191646416,ims,209.69.34.207,-885922508,585640517,-14929,-74
huawei,-67,226056637610073,40751430551,2024-09-04 06-43-15,68.247.154.63,199370243,internet,172.158.195.142,-1850644218,-825157661,-11271,-17
huawei,45,226055908846631,40780164461,2024-09-04 06-43-06,215.137.217.165,2080541973,ims,168.255.239.92,1044885760,-595011303,-21533,80
huawei,45,226057703583313,40754409563,2024-09-04 06-43-48,96.93.97.254,1055404397,ims,196.237.53.137,2026140263,-1234849608,-4296,-104
huawei,93,226056216414405,40723249624,2024-09-04 06-44-00,149.182.135.44,235841546,ims,183.226.196.51,-905656389,420012367,-6381,106
huawei,66,226057635552578,40748754709,2024-09-04 06-42-02,142.133.0.187,418995499,ims,0.206.101.197,80822647,-147643668,-8654,-93
huawei,-106,226059403874192,40748628367,2024-09-04 06-41-09,44.71.67.129,-491498021,ims,63.35.110.124,-1590103635,-1763210866,15318,-88
huawei,74,226052153155030,40750223632,2024-09-04 06-44-53,187.208.50.63,422095099,internet,157.244.175.71,-1844576860,-1747102703,-3344,-7
huawei,37,226057299617658,40714304259,2024-09-04 06-41-18,144.158.246.176,-461393828,ims,159.250.242.213,2032689660,-517643520,18627,-31
huawei,125,226056331020092,40726595600,2024-09-04 06-40-35,60.215.251.251,401193868,ims,176.42.8.118,1129688988,965071433,4068,-100
huawei,0,226052223278822,40747448988,2024-09-04 06-42-00,188.63.16.92,1132793567,ims,112.14.106.140,-1859515769,1518403228,-29453,18
huawei,51,226052889739186,40793946973,2024-09-04 06-42-50,143.15.42.184,14650946,ims,51.213.206.92,-1742860303,-41784870,-30844,105
huawei,-123,226055905362326,40725592455,2024-09-04 06-41-37,117.209.192.182,-491565393,ims,62.173.202.254,316415625,1991125902,6339,-97
huawei,-94,226058101719431,40715501534,2024-09-04 06-42-35,41.238.202.164,-224807441,internet,197.44.191.116,-2040586626,1256424258,-31178,-109
huawei,-105,226050346634071,40733545701,2024-09-04 06-43-54,83.33.187.223,1252389464,internet,83.17.180.16,1313254218,-2115214845,11580,-37
huawei,21,226052577428688,40789380712,2024-09-04 06-43-37,225.5.89.136,2076004501,ims,12.186.238.31,723934491,-1951427976,16695,-63
huawei,-18,226056778911441,40799371037,2024-09-04 06-43-32,145.148.158.26,-240711312,internet,238.99.136.130,1225172149,-1319614323,-19183,-47
huawei,-16,226054862935713,40704276579,2024-09-04 06-44-53,229.197.178.186,1974471875,ims,60.195.0.63,548484300,347247800,13190,84
huawei,85,226054849512414,40748105359,2024-09-04 06-41-57,233.4.35.29,-374661046,internet,197.99.168.157,2087060475,18397383,-2941,82
huawei,-67,226054019461239,40763490480,2024-09-04 06-41-32,239.156.43.40,1090025926,internet,145.12.18.48,985457142,1942182634,-24655,17
huawei,9,226058951688759,40799093057,2024-09-04 06-44-24,25.252.159.152,-569137331,internet,230.1.221.77,-1815785767,282347909,5373,18
huawei,75,226055663815276,40782234333,2024-09-04 06-40-01,155.66.223.120,-362099736,ims,68.217.254.1,-843449384,-360845735,-14682,-81
huawei,12,226050727884184,40719640771,2024-09-04 06-41-29,176.122.223.252,-1809258032,ims,231.94.120.149,12243884,2021396182,27508,-94
huawei,52,226055567147625,40795434597,2024-09-04 06-40-58,191.200.232.95,-456493343,internet,232.88.233.3,-252546848,1850506138,-24669,-111
huawei,21,226058066798202,40756843820,2024-09-04 06-43-30,172.102.147.73,-706747230,ims,79.121.89.84,1465640607,1764019685,-8087,120
huawei,56,226056052173646,40744307828,2024-09-04 06-44-41,112.62.72.35,1554754322,ims,108.161.59.156,1609994370,2041439395,682,-52
huawei,2,226054436657880,40759970711,2024-09-04 06-44-55,138.134.222.172,-611641757,internet,207.62.197.146,2086172299,-1536596906,-12961,92
huawei,-80,226056262414610,40747730261,2024-09-04 06-44-13,2.14.244.213,96865846,internet,18.119.124.153,842451279,-1836766493,18745,81
huawei,11,226058069950114,40792085846,2024-09-04 06-42-58,193.18.124.156,-1235441295,ims,119.205.13.121,522077818,17865131,30396,-42
huawei,65,226055160802073,40731355080,2024-09-04 06-40-44,67.214.95.172,317609921,internet,170.23.10.12,808644846,-1518526689,4273,30
huawei,6,226054199320738,40791441036,2024-09-04 06-40-25,96.135.57.163,1466690213,ims,120.22.220.134,-1344808875,-2073145921,-30223,-76
huawei,-108,226057895939846,40722622915,2024-09-04 06-40-36,45.79.66.106,-169621230,ims,26.226.186.163,-819502634,1922537713,29979,-22
huawei,13,226054607352210,40744251300,2024-09-04 06-42-14,41.20.111.11,62978740,internet,123.106.63.110,-589671103,-400074120,-20719,39
huawei,114,226052262090776,40777823985,2024-09-04 06-43-54,110.9.100.69,-1494781867,ims,31.212.210.86,-64676556,-1436151182,12862,46
huawei,-27,226059361951358,40759817500,2024-09-04 06-40-42,41.211.184.187,864825177,internet,101.148.115.184,2083250501,-911302918,-915,-119
huawei,-97,226050312829390,40710583679,2024-09-04 06-41-23,159.214.26.37,513188462,ims,152.34.210.55,357949687,1730931079,-29483,-104
huawei,112,226051108656727,40789369591,2024-09-04 06-43-47,185.65.225.232,-1541352058,ims,44.215.237.190,-289659616,-297741994,-5837,7
huawei,-107,226054517888792,40743679629,2024-09-04 06-43-49,102.203.160.179,1878493899,ims,255.177.247.159,-607573839,-1615420289,5667,116
huawei,16,226057504115864,40768118900,2024-09-04 06-43-17,85.231.34.10,1913466880,internet,198.39.118.253,-1101755984,446277066,-5917,-38
huawei,92,226059114755315,40707857378,2024-09-04 06-41-12,138.95.151.202,-1801094491,ims,251.127.17.130,-91580709,-926984531,11435,-97
huawei,58,226054886207695,40798873090,2024-09-04 06-43-28,82.176.224.225,-476567756,internet,12.120.146.245,-1565503698,204391008,-16018,117
huawei,77,226050000023768,40730719268,2024-09-04 06-44-06,110.113.220.120,-2051373215,internet,41.114.113.243,-279719042,990977675,-15177,93
huawei,-80,226056837476967,40701590779,2024-09-04 06-41-49,34.139.184.127,-20950772,ims,158.213.252.48,-473548927,-664764408,-27300,87
huawei,-93,226051943811518,40749760305,2024-09-04 06-40-45,14.142.162.205,-95258787,ims,183.189.75.60,-1925310439,-1754483879,28991,-25
huawei,-57,226057844926488,40717859430,2024-09-04 06-44-29,202.54.254.245,1080427923,internet,89.62.69.166,-2119031403,661748481,22045,-71
huawei,115,226053971490522,40737847257,2024-09-04 06-42-34,60.61.158.179,927339516,internet,98.144.141.126,1212474790,66103393,1747,-125
huawei,-18,226052075984637,40763650726,2024-09-04 06-41-49,33.162.86.97,-1407202755,ims,242.114.191.114,1638280233,292968670,20212,58
huawei,-113,226057565791163,40708348698,2024-09-04 06-42-50,61.236.40.255,-757333754,ims,254.122.129.207,-728787110,-578662618,29866,-33
huawei,114,226055978867753,40759087733,2024-09-04 06-43-49,147.254.205.248,-738771163,internet,227.114.207.114,841400103,823868031,-30335,111
huawei,10,226056672585418,40773820299,2024-09-04 06-41-03,79.200.73.112,1696301282,ims,241.249.121.66,1376203197,184358007,27753,-33
huawei,-81,226059141780680,40723633986,2024-09-04 06-43-27,6.76.159.201,1904975686,ims,167.37.111.140,293971269,1527290454,2424,65
huawei,-12,226055801899322,40739059971,2024-09-04 06-40-28,239.141.99.192,-2121497871,ims,76.13.176.232,-825025947,-1618494815,-24966,-4
huawei,94,226058141976507,40733650897,2024-09-04 06-42-54,86.98.243.186,1507078257,internet,230.202.160.153,-1900796539,1642362156,-32411,26
huawei,63,226059870259983,40793942962,2024-09-04 06-42-35,51.19.46.54,-649422240,internet,214.130.9.102,-1472908347,-271949883,-31789,36
huawei,21,226054015959961,40774746491,2024-09-04 06-40-17,10.14.113.192,1031298659,ims,101.77.214.10,-42650744,1417516281,22970,82
huawei,-72,226051558475854,40759729701,2024-09-04 06-43-48,147.71.104.85,-1814153817,internet,98.95.39.60,-772554574,-1868156749,25953,93
huawei,16,226051859823115,40753954761,2024-09-04 06-43-27,202.3.120.37,1252269634,ims,80.136.245.192,-292728407,828754802,-14544,-106
huawei,-104,226050532753068,40757465386,2024-09-04 06-40-51,230.112.63.69,-983393642,internet,180.112.231.162,-1853960991,-1261965662,-12740,-27
huawei,89,226052841759420,40759086460,2024-09-04 06-41-09,53.227.245.76,1988207399,internet,123.121.223.86,1241629980,-1225822878,-8317,-36
huawei,-60,226056457243576,40780771268,2024-09-04 06-43-25,83.48.191.167,-1672054960,ims,211.249.225.14,1789312205,344460701,26339,69
huawei,116,226051426169237,40753612783,2024-09-04 06-44-50,199.96.169.95,1408891611,ims,93.236.37.138,482477634,-397993463,20281,2
huawei,-19,226057346603005,40769875036,2024-09-04 06-42-27,131.57.63.25,-2020561042,internet,39.185.104.148,-947746728,-981411962,-13429,71
huawei,-41,226058845716864,40715393125,2024-09-04 06-43-27,19.149.240.90,152959678,internet,153.189.218.114,-1629666933,860928646,-13665,85
huawei,-2,226057950584682,40728749067,2024-09-04 06-43-24,30.193.26.200,-820056792,ims,172.216.104.27,369679452,1691755841,-31904,-56
huawei,51,226052328761282,40784302194,2024-09-04 06-41-11,253.234.141.185,-124393991,ims,117.64.37.25,564867503,-220550887,-13797,-37
huawei,67,226057689800100,40704127738,2024-09-04 06-41-50,140.247.181.232,-2028658899,ims,26.124.78.48,1488942589,-192302239,-28965,-53
huawei,-43,226059419301160,40723701446,2024-09-04 06-41-22,51.83.10.92,1589976289,ims,37.4.88.190,720980167,-1249210427,-11064,74
huawei,63,226051554988207,40708726693,2024-09-04 06-40-40,46.64.54.146,756084698,ims,224.138.91.133,376620292,-287842098,-30416,-80
huawei,-128,226059831075203,40726534406,2024-09-04 06-42-31,162.165.145.248,-399483805,internet,114.235.175.248,1477650461,1118151864,-10582,-1
huawei,37,226059335665978,40791434076,2024-09-04 06-44-16,128.59.68.195,-820276190,ims,67.21.185.180,1259026920,604272362,-32470,75
huawei,-91,226059954416234,40704126079,2024-09-04 06-40-03,108.213.96.57,-526742609,ims,53.78.117.16,-1418658115,1224727459,31855,55
huawei,48,226058139054019,40799453753,2024-09-04 06-40-39,60.14.100.144,-68415207,internet,234.154.248.57,-1326568745,1342848284,-15853,-80
huawei,-91,226056171177310,40768893918,2024-09-04 06-44-18,227.111.64.187,1425042984,internet,227.214.148.42,1507680178,-178870649,-21073,111
huawei,-1,226052045540119,40740961831,2024-09-04 06-41-46,169.46.109.170,-1995251022,internet,89.241.94.112,-1549634864,-1375146500,19877,-75
huawei,73,226056654078050,40707410464,2024-09-04 06-44-12,250.106.159.74,-537294549,internet,101.21.113.3,-819038683,1942658438,-23196,125
huawei,-27,226057871264770,40739994386,2024-09-04 06-41-11,140.7.137.83,-533818613,internet,200.39.223.134,623184097,16997710,-1457,22
huawei,49,226050392291631,40780427426,2024-09-04 06-41-16,68.212.147.54,-136082833,ims,70.139.76.1,1438512183,-1704020199,26657,71
huawei,-27,226059710010913,40742473431,2024-09-04 06-43-18,205.54.37.238,-1099001061,internet,60.227.156.94,1604190412,745455611,18145,-106
huawei,72,226052154560045,40719058637,2024-09-04 06-42-33,116.248.201.185,549853411,internet,207.92.179.225,239305846,1658497795,30326,-25
huawei,-18,226058143313498,40719099777,2024-09-04 06-40-23,162.79.41.205,-1190021885,ims,208.108.155.45,101408750,-295829019,15539,-43
huawei,92,226053483736382,40715538384,2024-09-04 06-42-53,68.10.117.39,783201879,internet,135.247.171.176,-2114852716,143292247,-14589,58
huawei,-114,226054622955277,40702515433,2024-09-04 06-43-23,174.16.186.31,763375173,internet,125.116.183.150,-1054440026,289124111,11847,109
huawei,25,226053246357328,40766618291,2024-09-04 06-41-08,200.38.9.49,-1684348120,internet,89.224.254.208,231907113,1628569500,11109,-85
huawei,64,226059246634729,40784811598,2024-09-04 06-42-17,85.229.198.21,1745116594,internet,26.223.211.75,-749072379,1408435845,9508,28
huawei,-11,226056072125182,40731059139,2024-09-04 06-41-57,201.243.83.250,1521083394,ims,69.139.36.155,-446316748,-70963487,-29529,7
huawei,-81,226054957666335,40757441674,2024-09-04 06-44-10,39.110.54.99,-172481646,ims,92.214.106.55,1352967331,2130118931,9329,68
huawei,35,226054050358514,40752301905,2024-09-04 06-41-59,111.15.153.16,1789464976,internet,162.119.195.28,-1944945136,-872520429,13030,-28
huawei,39,226052996325611,40779240024,2024-09-04 06-44-46,162.120.230.30,-825985869,ims,168.33.70.213,-1708126028,-896317697,27576,7
huawei,-75,226051266954153,40760733836,2024-09-04 06-44-00,241.212.229.14,-391196978,ims,209.228.226.56,-119274149,270095870,-19895,70
huawei,120,226055544943574,40705066801,2024-09-04 06-44-09,34.29.79.203,-1454513900,ims,85.102.170.238,-873318511,-55301315,-17885,75
huawei,118,226059918398000,40741757702,2024-09-04 06-40-32,247.36.251.13,297301472,internet,103.193.7.30,187766705,-1470529021,-10656,-20
huawei,-124,226050215936404,40737152802,2024-09-04 06-41-16,110.40.92.7,-1637029769,ims,38.49.223.210,-250738526,-1003678761,-26655,8
huawei,91,226055744776000,40765838445,2024-09-04 06-43-36,43.153.189.71,-1797444701,internet,55.54.21.181,-1765420117,1987670977,25642,65
huawei,32,226054471517980,40724787352,2024-09-04 06-43-11,129.15.224.251,602326153,ims,156.54.240.197,-854205067,-860329208,-18161,87
huawei,-53,226053109344062,40772134504,2024-09-04 06-41-25,112.74.21.250,565333257,ims,85.21.125.20,-1721340072,-594730314,-20579,-38
huawei,-6,226052627080463,40714629642,2024-09-04 06-44-18,152.219.227.60,-1434745666,ims,146.203.132.202,1369287458,-689367446,-21401,-1
huawei,-115,226056628745343,40743410507,2024-09-04 06-42-38,145.163.195.194,645979838,ims,145.234.33.192,-1624576392,-515052345,13119,10
huawei,-16,226050237563080,40762463429,2024-09-04 06-41-03,83.89.95.243,1540166930,ims,168.94.255.210,371998220,1836718860,22299,50
huawei,-58,226051329283018,40728357559,2024-09-04 06-44-58,0.71.181.187,-1848235293,internet,133.6.168.16,-77372436,-920258224,-18135,41
huawei,-93,226059644122077,40767462852,2024-09-04 06-43-33,76.205.35.0,873598418,internet,80.102.68.77,1777436401,984230874,-21234,-95
huawei,-123,226051574043482,40796756701,2024-09-04 06-42-57,133.127.25.240,-757119483,ims,134.102.198.40,496255669,105245085,22331,87
huawei,107,226059051461964,40759163190,2024-09-04 06-41-22,44.51.234.236,-172975062,internet,105.142.164.188,717881427,-591911084,21586,-92
huawei,13,226058216080687,40785081143,2024-09-04 06-43-00,108.159.84.38,321954940,ims,9.11.14.88,-2011055647,351388403,12298,-106
huawei,110,226053797728532,40755666734,2024-09-04 06-40-32,52.90.71.234,-316770349,ims,230.107.124.29,-912341220,-162345954,7201,-99
huawei,23,226053539887698,40721780760,2024-09-04 06-40-29,79.118.174.237,1112422149,ims,75.154.157.172,2001348953,-1193992644,-28892,-125
huawei,90,226053733753909,40779998136,2024-09-04 06-40-07,67.68.172.9,-66602289,ims,246.81.157.123,1738217777,-372473386,15962,-98
huawei,36,226058149386346,40717232237,2024-09-04 06-41-17,223.83.43.38,-1182749307,internet,24.143.197.18,1948944193,1694594072,12023,99
huawei,126,226058475250878,40795061619,2024-09-04 06-44-19,167.129.197.83,421680355,ims,174.203.192.168,-665571407,1371822640,-6358,95
huawei,-98,226053748755615,40706616491,2024-09-04 06-40-36,83.12.15.55,1114936977,internet,83.204.186.200,1367384681,-1055212810,-23610,-63
huawei,23,226058280106927,40758395483,2024-09-04 06-44-39,25.96.226.133,-471930074,internet,53.184.154.8,-1670248552,594424752,19123,-59
huawei,125,226050413359445,40792706353,2024-09-04 06-40-50,122.148.170.92,2113856056,internet,30.212.202.3,-1973882214,896858767,18356,-81
huawei,3,226056224933363,40753471605,2024-09-04 06-44-48,18.117.254.196,-1060722959,internet,228.131.221.128,-1841199943,-2046535669,25595,24
huawei,-94,226050531360899,40744807721,2024-09-04 06-42-38,210.232.115.65,451943069,ims,29.138.250.154,-763790093,1165282127,32729,-81
huawei,-91,226057528063492,40723231033,2024-09-04 06-40-52,124.162.225.231,-842105766,ims,207.239.102.113,-124701166,396011276,14819,17
huawei,-90,226057376582337,40746106513,2024-09-04 06-41-13,211.68.164.59,-324303417,ims,115.210.135.22,-1658544285,-645781438,28267,103
huawei,-3,226051421645098,40752945046,2024-09-04 06-41-25,238.77.50.27,192394989,ims,23.163.213.48,-2093460647,1128434460,-17996,53
huawei,21,226056911987651,40748810546,2024-09-04 06-43-09,140.143.40.227,-1930495173,ims,8.235.94.122,-738128113,1616518062,527,109
huawei,-30,226052852363047,40767597578,2024-09-04 06-43-25,77.236.153.28,501714006,ims,97.11.229.33,-1910089286,1235598498,-8542,45
huawei,-100,226053317102393,40723838694,2024-09-04 06-44-58,13.160.82.186,-1839967153,ims,110.7.152.12,671789775,780261112,-6649,-47
huawei,24,226053225283748,40734363941,2024-09-04 06-42-29,176.142.59.231,-1382955310,internet,187.120.188.38,2089481232,-38662340,3635,114
huawei,-27,226055736246748,40797812392,2024-09-04 06-41-02,73.180.50.81,-1971654020,internet,9.164.48.88,1659251746,1446383243,-25822,-107
huawei,-35,226052881939857,40743033633,2024-09-04 06-42-21,29.158.22.42,2022642407,internet,188.122.66.99,2044874071,1860970909,-1923,-76
huawei,101,226058541710096,40727693078,2024-09-04 06-41-10,72.25.174.29,-145444393,internet,58.49.121.140,823779698,6977734,-27872,-58
huawei,103,226052704502148,40740759455,2024-09-04 06-40-44,75.89.97.136,757035601,ims,96.225.72.217,772181030,842258099,14912,-54
huawei,-39,226054740809034,40780908559,2024-09-04 06-43-46,34.176.96.241,1190325993,ims,244.117.217.69,7727932,-703359348,3856,-125
huawei,40,226054348792688,40759433298,2024-09-04 06-44-59,239.95.219.58,969336397,ims,22.61.71.13,980776072,-1755224955,8789,122
huawei,41,226051408904453,40760419919,2024-09-04 06-40-41,122.150.99.59,-2139255197,internet,26.138.251.84,-1789585874,1742662785,-31211,43
huawei,110,226055157978305,40705429326,2024-09-04 06-43-07,86.53.223.143,454895553,ims,18.218.9.3,-1978279907,134981890,-20350,104
huawei,29,226059942056864,40774016047,2024-09-04 06-41-53,210.94.141.157,200501186,ims,170.196.41.102,-2000815773,-565110268,-19110,-107
huawei,-36,226056171645025,40710335267,2024-09-04 06-41-42,7.76.121.130,-2004146171,ims,55.188.55.191,1973567342,221578407,-580,40
huawei,63,226059556877944,40734517793,2024-09-04 06-43-51,54.184.139.54,2010489467,ims,133.90.84.23,1634957060,1821811587,-15025,55
huawei,-14,226058519132997,40780743752,2024-09-04 06-42-40,82.62.22.36,557104460,internet,238.0.227.117,987670818,-388905739,-21674,-98
huawei,-84,226053295927380,40764516892,2024-09-04 06-43-16,64.22.50.119,-705480246,ims,195.55.1.52,1023085141,714372529,-18553,5
huawei,-110,226054787092454,40796298161,2024-09-04 06-42-12,24.14.126.110,1154384619,internet,148.179.121.197,-1356156411,1115096643,24264,109
huawei,-56,226050935157518,40782398976,2024-09-04 06-43-56,67.95.221.130,1764192738,ims,151.242.168.3,325113644,-2095980699,10130,101
huawei,34,226055309147725,40779692859,2024-09-04 06-44-08,78.86.168.78,1013608525,internet,252.166.156.51,767824338,-642633012,8758,50
huawei,52,226052370606597,40752910581,2024-09-04 06-43-08,74.53.241.26,54278883,ims,56.164.83.68,-1742013772,435614814,28773,-38
huawei,-89,226050892863502,40710194631,2024-09-04 06-42-39,187.241.230.57,-907603752,ims,53.45.125.252,-409251033,1748653913,-16419,-8
huawei,-98,226054818409373,40705593205,2024-09-04 06-40-39,172.57.80.139,86102470,ims,142.31.190.37,370027170,-407595868,1889,-126
huawei,126,226055099537123,40736485828,2024-09-04 06-41-00,0.149.75.64,-1732223344,ims,208.7.180.64,191488689,516266007,-9859,-69
huawei,-34,226057501906346,40760913652,2024-09-04 06-40-14,164.169.114.20,643130974,internet,121.126.26.64,984119452,2145052698,-27368,-109
huawei,23,226058713506278,40792007483,2024-09-04 06-44-48,208.172.209.240,-566005045,internet,14.151.77.18,1505078214,-324242207,-20913,87
huawei,10,226055758045259,40784423833,2024-09-04 06-44-52,36.5.128.201,-701081076,internet,0.180.155.115,1500063034,-1349024394,14317,-100
huawei,-47,226054902808892,40782210403,2024-09-04 06-44-41,235.40.168.239,-775181710,internet,21.142.228.238,-616386733,257118048,-1782,65
huawei,-85,226058128707528,40702079498,2024-09-04 06-42-58,157.225.86.146,2025733328,ims,3.181.97.67,-1341895950,-918523935,31200,63
huawei,83,226056614359072,40753335063,2024-09-04 06-44-55,9.149.7.15,-1194794511,internet,10.61.251.117,-758050490,-722599299,24336,78
huawei,53,226050439793173,40793695734,2024-09-04 06-43-40,230.103.140.163,114558112,internet,196.108.115.75,-806465592,-2019423558,-16367,-127
huawei,3,226058949569187,40706952751,2024-09-04 06-43-18,207.171.6.240,-700147043,internet,24.177.243.184,26743761,446912354,-22121,15
huawei,-93,226059571836311,40727105888,2024-09-04 06-42-29,75.245.212.17,-1666682223,internet,10.106.180.201,-194903229,324623317,-22767,-46
huawei,-83,226053348976027,40721893669,2024-09-04 06-40-30,161.213.3.37,-2000728748,internet,43.185.43.103,-770193766,151226985,23542,121
huawei,95,226058965555871,40765765880,2024-09-04 06-41-42,223.123.150.212,1418739247,ims,125.76.232.194,-1608728215,581541611,-29147,85
huawei,109,226058686873422,40728527025,2024-09-04 06-40-47,118.81.57.135,535487296,ims,46.246.233.208,1029784544,-345364144,7804,-65
huawei,-79,226054256970450,40721198090,2024-09-04 06-43-54,142.111.109.36,-1158859763,internet,37.6.206.198,-436715904,870218692,20355,53
huawei,107,226058866542794,40735775754,2024-09-04 06-42-55,173.119.117.213,-1642985055,ims,238.102.112.88,660000234,1030473871,13701,32
huawei,-87,226058419700403,40773679877,2024-09-04 06-40-15,121.68.46.24,-376208075,internet,96.221.14.189,60063861,-344000229,13893,-81
huawei,13,226055173941912,40780203527,2024-09-04 06-42-22,132.118.163.174,-365584517,ims,192.21.186.173,-100156487,2043215755,16456,83
huawei,-81,226053620763517,40727467591,2024-09-04 06-43-01,141.74.106.51,-391243885,internet,15.154.223.140,-1629498014,-15148285,-28219,-47
huawei,-54,226053952334306,40703901529,2024-09-04 06-40-49,129.218.73.167,1147196281,internet,98.159.72.74,446882649,1367894462,6876,78
huawei,-66,226053330658946,40791990063,2024-09-04 06-43-00,159.123.66.66,2074305812,ims,164.50.246.184,-1166858455,460409710,21587,-98
huawei,112,226058003041498,40730841928,2024-09-04 06-41-21,196.20.224.6,-701461087,internet,58.11.64.106,-2066063921,-29970606,12041,78
huawei,82,226052392418904,40757399387,2024-09-04 06-42-07,26.217.244.197,1818234479,ims,15.114.219.231,-1616871341,1450593315,6654,-116
huawei,-31,226056535544881,40725991843,2024-09-04 06-42-51,155.212.14.228,-1022074624,ims,163.53.247.97,439254212,-2110080394,-32283,118
huawei,19,226050352729881,40750730752,2024-09-04 06-44-38,147.75.81.126,-170225493,internet,32.111.198.172,-1605138156,1834403096,-15564,85
huawei,98,226056751441842,40734728415,2024-09-04 06-44-25,179.97.211.69,-1091571982,internet,2.50.7.84,2063194553,1395381347,-4242,-22
huawei,73,226051168164910,40792147375,2024-09-04 06-42-05,123.148.190.127,-9901755,ims,15.23.207.30,-24280437,-120297691,-29488,-112
huawei,-60,226052079510862,40750330576,2024-09-04 06-43-53,156.222.9.200,1196397820,internet,68.123.206.65,974373081,-101328001,19887,67
huawei,20,226059034946925,40714742747,2024-09-04 06-42-17,182.4.70.74,817557933,ims,57.174.159.29,-1453406760,-2015674433,23403,71
huawei,-57,226051537407525,40745657131,2024-09-04 06-42-29,229.94.199.136,719434144,ims,218.159.68.126,-1268038274,-1898055238,18894,117
huawei,28,226057194461696,40739682950,2024-09-04 06-43-38,157.147.212.111,1290372358,internet,84.163.109.140,-1031214977,473334984,9878,-69
huawei,-42,226053683015648,40776090955,2024-09-04 06-44-01,55.31.235.245,-1637018338,ims,57.5.88.58,772174572,-420173132,-6162,-52
huawei,-111,226053430945599,40711548490,2024-09-04 06-40-03,184.1.7.147,413623320,internet,17.4.29.189,-1611614937,-1055504182,7490,-79
huawei,106,226053336670680,40709464079,2024-09-04 06-42-33,223.72.66.175,-242113625,internet,186.51.143.59,-1565177548,856715225,9752,53
huawei,-92,226057548563851,40771889390,2024-09-04 06-40-45,132.147.205.194,-392227822,ims,30.107.237.20,527515368,-1639969903,-26735,24
huawei,39,226055248357403,40736653674,2024-09-04 06-44-29,72.225.137.54,-251337786,ims,49.234.136.40,-49262833,-110633018,24800,43
huawei,97,226054723429887,40723287546,2024-09-04 06-42-27,178.136.79.145,1523563844,internet,230.188.70.30,1230490876,-289345788,-19353,27
huawei,-44,226050602812908,40715727891,2024-09-04 06-43-02,194.12.148.142,-895633191,internet,146.162.171.135,362376994,1698496815,-13210,-23
huawei,107,226056644662683,40767015558,2024-09-04 06-41-58,97.19.146.151,1063325983,internet,232.252.189.37,984990787,1216942803,-13831,-69
huawei,-80,226055446388694,40787679387,2024-09-04 06-43-20,123.129.83.107,-1630277968,internet,15.253.68.244,2125879523,500390295,5789,-68
huawei,-87,226051376550303,40783514636,2024-09-04 06-42-10,163.162.219.62,1049412422,ims,179.113.185.6,-886452277,384008882,-32724,-76
huawei,54,226058413528054,40797193773,2024-09-04 06-42-43,127.2.97.137,-1425244141,ims,110.30.101.218,-1038153568,2042208685,19348,22
huawei,-88,226059888031938,40787178830,2024-09-04 06-42-26,181.191.159.39,-1601469942,internet,222.96.166.154,251048829,1074896401,22916,70
huawei,-20,226052257454927,40794272135,2024-09-04 06-42-44,85.236.99.30,-1335545174,ims,165.240.57.6,1670383205,-909509354,22685,-120
huawei,43,226055524858659,40741591222,2024-09-04 06-42-36,24.111.250.203,-921705407,ims,43.180.151.167,115037531,-760809553,29957,27
huawei,-4,226054595829733,40709490348,2024-09-04 06-40-13,152.55.161.44,-1422618163,internet,177.66.1.150,-1189433745,-915668018,-7834,-92
huawei,-6,226056408114428,40750696985,2024-09-04 06-43-13,122.14.118.236,-577172773,internet,146.67.125.151,1937112143,-4630391,-2630,93
huawei,-93,226059835632717,40777150582,2024-09-04 06-44-29,60.243.52.137,549137913,ims,136.31.238.25,-1694882562,721911209,13680,47
huawei,-119,226058419549790,40755943507,2024-09-04 06-42-35,222.249.142.87,-1283764180,internet,103.22.9.155,1645404064,1913901516,11583,-79
huawei,-4,226051391843443,40794334187,2024-09-04 06-44-22,173.145.245.10,956529616,internet,60.119.140.176,1286389584,1045142546,-6256,8
huawei,-91,226054071971798,40797242857,2024-09-04 06-40-38,147.246.212.45,1957837522,ims,28.127.52.226,406333550,1997191897,13372,-31
huawei,-28,226050729072385,40738662633,2024-09-04 06-42-20,95.96.220.102,-1975525952,internet,224.85.103.12,-844545489,152616920,-19566,-85
huawei,59,226055364252291,40709672051,2024-09-04 06-44-52,202.24.99.133,744356761,internet,184.22.45.207,-1952732232,1581757916,-11652,115
huawei,11,226056697139895,40767304119,2024-09-04 06-42-29,108.224.66.194,791034283,internet,122.138.18.241,-22374521,643817024,20470,-5
huawei,-72,226051691351511,40762943373,2024-09-04 06-41-26,164.114.70.239,1446391208,internet,220.77.72.217,743103124,1339167589,21803,-71
huawei,-49,226052449437501,40712221214,2024-09-04 06-41-41,1.27.182.40,1319798774,ims,111.190.168.59,588915657,-1014473831,-25857,-41
huawei,-128,226056179744201,40771181946,2024-09-04 06-43-55,173.197.82.165,453681333,internet,26.106.108.220,-1666960826,-1707356367,10378,-108
huawei,-58,226054359172461,40745594891,2024-09-04 06-41-51,70.115.35.173,1199110813,ims,212.172.239.146,-1373028002,-326949631,-28674,87
huawei,-76,226053590088953,40799290844,2024-09-04 06-42-23,203.34.131.85,527369742,internet,113.194.151.201,-1417361727,-1159034540,-8728,-128
huawei,-85,226059466548543,40751244332,2024-09-04 06-42-47,27.166.86.100,-1170337906,internet,24.147.238.129,-749658171,-2068728615,15044,-122
huawei,-42,226057600176937,40767380474,2024-09-04 06-41-01,72.16.70.190,279679589,ims,249.115.183.170,1343194085,1582204339,-15267,-23
huawei,-116,226051545044888,40787544745,2024-09-04 06-44-39,129.126.72.156,1891772068,internet,212.31.149.61,-1436150608,-1106480529,6337,-16
huawei,98,226051905849332,40720226728,2024-09-04 06-40-37,209.197.186.52,1154189004,ims,244.131.173.5,294213512,931045234,-2341,20
huawei,-76,226057674763624,40700109514,2024-09-04 06-44-16,183.186.103.4,541878888,internet,212.169.138.141,886339824,741991585,23602,-26
huawei,98,226053210551598,40798119775,2024-09-04 06-40-31,142.144.228.168,1403920254,internet,31.147.94.168,1219978846,513906887,11411,39
huawei,51,226052930455637,40787050094,2024-09-04 06-44-50,56.195.147.49,-528318207,internet,116.202.255.24,1028462735,2055557002,-8268,59
huawei,105,226052618856541,40737299364,2024-09-04 06-44-17,168.161.202.139,1408367389,ims,1.30.227.5,-1337736266,257855978,19007,-114
huawei,27,226055334985175,40732004479,2024-09-04 06-44-28,5.122.103.8,-56359758,ims,206.142.242.93,546918701,1231745535,-6797,-107
huawei,-106,226055936870846,40711426796,2024-09-04 06-44-00,143.200.33.56,149363180,internet,240.170.10.204,186945936,3203355,27232,117
huawei,-87,226058425141436,40710249893,2024-09-04 06-42-46,158.123.10.206,-756744765,internet,146.27.167.111,-2092658213,-1490171894,6059,127
huawei,120,226059862501643,40741552114,2024-09-04 06-44-43,98.76.157.194,-372650956,internet,252.35.1.45,1259563735,-113195118,-20643,14
huawei,49,226057342440792,40749469249,2024-09-04 06-43-26,179.180.169.176,469463101,ims,58.190.16.16,-1625076836,905682700,6101,45
huawei,-12,226056705695996,40747756283,2024-09-04 06-44-46,54.140.223.98,-565682024,internet,42.105.172.31,-1538000252,458829548,30092,-71
huawei,118,226051194528521,40719548555,2024-09-04 06-42-20,37.156.9.148,1941724610,internet,232.240.7.129,1879859517,-606941358,13145,-1
huawei,-99,226054991493953,40735457313,2024-09-04 06-41-03,217.4.3.20,-1631107938,ims,25.41.150.84,127870177,1074105024,5067,52
huawei,-69,226058856158983,40773692513,2024-09-04 06-44-09,119.236.63.97,-663267952,ims,147.37.69.81,-569896278,1595141465,-22994,-2
huawei,-106,226056870545091,40782016428,2024-09-04 06-44-54,201.193.110.115,-864804876,internet,48.120.180.126,-1329761815,-1653544186,-1304,124
huawei,-14,226057321819498,40705353994,2024-09-04 06-43-25,115.40.132.79,-2045883879,ims,6.106.3.176,2131631519,-1213842357,6800,18
huawei,92,226057041830989,40717708551,2024-09-04 06-43-41,181.2.183.27,893219340,internet,51.91.132.172,1514141912,1025703776,-11206,-56
huawei,46,226057312588746,40798793508,2024-09-04 06-43-42,231.102.46.239,-327710191,internet,174.100.2.90,-1693901884,-171714318,-16978,-8
huawei,28,226054787945223,40754161033,2024-09-04 06-40-03,111.247.181.26,-276262327,ims,61.97.185.186,183045786,109968012,15312,27
huawei,95,226054733303980,40784626130,2024-09-04 06-44-14,5.166.101.45,1636384844,ims,150.31.228.220,1488449693,-670479476,14716,-87
huawei,-26,226057938139096,40742791183,2024-09-04 06-44-03,135.237.145.11,1336668475,ims,148.241.26.60,1703386622,-827537700,17622,12
huawei,108,226059661989003,40718676843,2024-09-04 06-42-21,173.165.115.189,-457491028,internet,164.40.34.161,-1596169938,1459734770,25720,83
huawei,-67,226057553456713,40793596798,2024-09-04 06-42-23,124.59.198.47,-73119705,internet,212.104.10.115,824629007,1156917057,16279,69
huawei,-25,226056737628252,40751439384,2024-09-04 06-42-48,105.68.162.4,-1167573182,ims,104.61.206.69,-116036645,-192508354,-5282,-97
huawei,23,226050907859277,40743236774,2024-09-04 06-44-36,72.234.181.48,569716213,internet,55.9.117.182,-95154664,-156822467,12309,58
huawei,-36,226059229366846,40757631219,2024-09-04 06-41-00,67.223.150.142,-1872973115,ims,245.60.57.255,627266878,2122973620,29793,-124
huawei,98,226053354473328,40784802670,2024-09-04 06-40-51,96.183.88.222,832212384,ims,38.121.3.161,-886276381,-707125358,-9911,-100
huawei,70,226050655011880,40761103995,2024-09-04 06-44-21,177.247.139.126,1157870000,internet,201.77.210.169,823733818,45636032,-14993,-70
huawei,37,226057078704271,40717611926,2024-09-04 06-44-38,215.211.134.239,12946938,internet,134.120.22.73,1044887520,218132184,17202,70
huawei,66,226050651707641,40759069785,2024-09-04 06-43-20,198.210.76.166,1049639386,ims,87.205.164.61,625912487,-742853673,-29493,-27
huawei,39,226051911028048,40708608387,2024-09-04 06-42-16,164.133.208.21,1341075484,internet,94.131.16.118,-803946610,-351272220,-28724,-92
huawei,-118,226055276810598,40740593299,2024-09-04 06-41-41,14.23.40.207,-221447385,ims,133.218.97.138,-1938375089,-2085430219,-4779,52
huawei,118,226054803729699,40762454137,2024-09-04 06-40-22,79.241.47.129,1395396150,internet,52.246.24.207,-183015160,-794746225,3524,88
huawei,-93,226059904141448,40733174012,2024-09-04 06-43-18,183.44.101.91,362026708,ims,110.132.249.241,1184775462,734592882,-14119,-34
huawei,-127,226051819046525,40796724333,2024-09-04 06-43-46,207.101.47.188,793038851,internet,29.77.84.153,-391051802,-468504367,-14401,-107
huawei,-27,226058777634579,40726715429,2024-09-04 06-43-44,66.103.116.217,548236485,ims,161.85.137.250,693542427,329386861,-170,125
huawei,-107,226057704785480,40734383554,2024-09-04 06-44-07,28.211.204.0,659288933,internet,113.139.243.226,-1287890589,-544803643,-24729,101
huawei,24,226056074868769,40752789324,2024-09-04 06-40-11,48.182.85.178,-684976296,internet,73.174.250.2,1169239894,1809240096,-8740,54
huawei,-78,226055600569170,40774379206,2024-09-04 06-43-46,78.209.128.115,-476087595,ims,46.244.3.63,162245496,982575611,18976,-108
huawei,-47,226056994579227,40713625687,2024-09-04 06-43-11,197.14.42.19,2032301538,ims,12.105.229.24,-1983257308,761483209,-3507,60
huawei,-118,226059134140415,40742557477,2024-09-04 06-43-34,129.248.162.39,194795129,ims,20.164.133.110,1847183341,-881460831,24343,23
huawei,-118,226053077956969,40747794002,2024-09-04 06-40-04,247.29.115.135,-509592964,internet,181.242.57.204,981152705,-376174932,18014,74
huawei,-21,226058353085087,40717016714,2024-09-04 06-44-53,159.220.8.244,119144095,internet,148.145.207.57,-981040938,-379552346,7355,-119
huawei,-15,226054365831673,40792315733,2024-09-04 06-44-38,214.38.113.206,-1889016234,internet,229.31.246.106,-372759253,1152104003,15845,72
huawei,75,226054600072907,40772805295,2024-09-04 06-43-55,115.30.45.161,1426078768,internet,24.128.102.234,422846202,-1008517375,10458,-54
huawei,71,226057830146112,40790236991,2024-09-04 06-44-25,214.48.51.73,-1550374680,ims,72.1.115.104,-705286667,-689674757,-31970,35
huawei,-94,226057964423727,40746898973,2024-09-04 06-43-23,174.251.209.205,-450086604,ims,252.122.142.239,-1521272946,972778595,9829,12
huawei,-64,226054496960529,40739076374,2024-09-04 06-40-26,62.147.15.252,-1102788382,ims,235.204.224.75,-46715299,931438182,27972,27
huawei,78,226057195957109,40753117840,2024-09-04 06-41-57,65.34.12.22,427539146,ims,103.165.180.26,-1039265894,-620209168,2406,-79
huawei,-87,226058680024910,40787290467,2024-09-04 06-42-49,19.150.76.67,-1241476507,ims,114.168.173.165,1034806521,-1434258703,-12492,-15
huawei,-70,226058726988126,40706376293,2024-09-04 06-41-23,10.126.174.47,1465696385,ims,148.45.33.244,1865641076,2073709582,30053,38
huawei,78,226056908316918,40758908389,2024-09-04 06-41-16,214.249.123.17,1864961159,internet,68.25.11.10,-1987832574,-1263727480,5494,-126
huawei,91,226054667431315,40733234509,2024-09-04 06-43-44,153.163.68.82,917174354,internet,121.200.50.229,-382801549,-1096522508,-30968,120
huawei,-93,226057804098756,40778932106,2024-09-04 06-42-31,170.247.102.192,-1793324684,internet,79.60.255.75,1185156264,-26173173,-15570,-104
huawei,-7,226052381473211,40794474293,2024-09-04 06-43-34,74.169.58.230,-1330871268,internet,248.93.212.103,-1536109829,1537094270,-32322,68
huawei,68,226054965590724,40768352369,2024-09-04 06-40-11,151.68.189.134,845079548,ims,7.224.196.92,2078191702,112182921,-14540,41
huawei,-32,226051063530405,40747093574,2024-09-04 06-41-08,109.76.142.148,-1480282744,internet,22.108.143.20,-931751478,910150484,27819,38
huawei,39,226058312493135,40720249800,2024-09-04 06-40-08,5.43.77.229,331398758,ims,151.152.167.80,231757148,-1090975123,-22902,109
huawei,56,226054544109770,40763095647,2024-09-04 06-40-03,155.9.66.65,966844421,ims,15.228.161.76,1665495655,693760255,-26921,117
huawei,-86,226050869579727,40741824862,2024-09-04 06-43-19,42.23.255.8,-500776520,ims,70.140.224.235,1522020905,565207352,27381,64
huawei,-110,226050032131037,40731236554,2024-09-04 06-43-24,98.126.83.229,612834307,internet,131.8.180.189,102056215,-1935532741,14921,-118
huawei,125,226053952846424,40763873726,2024-09-04 06-41-15,192.108.16.27,-1427016771,internet,213.240.79.104,1734590600,766099966,-5775,-20
huawei,-17,226057269445125,40781349340,2024-09-04 06-43-05,116.22.250.30,1176390167,internet,202.197.225.235,-957255912,-1132213636,31338,102
huawei,-75,226051145380083,40766594241,2024-09-04 06-43-51,186.206.96.223,1212094800,ims,144.114.123.222,-1154814460,1555171779,11507,-11
huawei,29,226050754844437,40780094870,2024-09-04 06-43-42,161.177.79.176,308053603,internet,104.208.8.62,-829683057,161360520,-9011,-103
huawei,16,226057406402626,40734918364,2024-09-04 06-40-42,169.115.5.161,-1407405231,ims,148.215.202.174,-1654283213,-1680628531,28196,65
huawei,99,226053697163842,40705041848,2024-09-04 06-42-09,224.189.58.231,214032272,internet,111.131.80.179,-721358538,1391512167,17549,-98
huawei,-96,226054753264535,40795569696,2024-09-04 06-42-19,191.106.46.248,-1577072785,ims,255.243.46.138,1520908816,1895005248,29149,41
huawei,38,226054936971873,40773774698,2024-09-04 06-40-35,116.222.118.161,1405577732,internet,42.219.21.147,491902901,-609629081,13221,71
huawei,100,226051079445535,40718229192,2024-09-04 06-41-22,23.244.220.22,760308650,internet,176.170.75.35,852360857,970673249,-2144,-37
huawei,61,226057827843491,40710924686,2024-09-04 06-43-23,120.115.217.47,-948523737,internet,43.63.116.126,-1968315093,-1896031012,4819,118
huawei,-120,226053002659791,40749140773,2024-09-04 06-41-02,135.126.223.63,-1246141326,internet,198.126.162.53,-1012688715,477467952,12217,1
huawei,89,226059554820601,40798828860,2024-09-04 06-43-51,199.161.223.6,1960143625,internet,99.76.232.139,-1597409770,-657723436,-29415,-117
huawei,125,226050327422862,40729830127,2024-09-04 06-43-50,254.48.131.86,-1663497485,internet,31.87.121.66,-601411879,-164991939,16273,81
huawei,-34,226051600067678,40787324823,2024-09-04 06-40-58,17.125.13.216,-1755380810,ims,236.133.104.126,862130366,1060699676,-4149,-1
huawei,-73,226057383918801,40720582539,2024-09-04 06-40-48,208.154.120.156,-2053513473,internet,229.233.50.146,-628881489,1280047359,-22920,106
huawei,89,226054421619616,40722378716,2024-09-04 06-43-49,150.93.223.103,1163710421,ims,176.254.149.129,-1369080907,388769997,22195,-128
huawei,-106,226055949171681,40718575839,2024-09-04 06-42-55,37.111.255.56,231144262,ims,86.23.206.150,-376379968,-2012519632,-2331,-1
huawei,-5,226051899763208,40770047467,2024-09-04 06-44-54,163.228.205.86,1583941781,ims,35.15.217.165,-131202793,1079323560,17468,119
huawei,-23,226059550672070,40771557113,2024-09-04 06-40-39,88.108.134.174,234154226,internet,82.148.148.233,-1494163633,-1525882299,-16066,-123
huawei,-128,226052921474056,40774107550,2024-09-04 06-42-27,159.200.20.156,-1317043627,internet,52.73.28.195,-776290571,-1794794007,-17678,101
huawei,-48,226053311943946,40719913811,2024-09-04 06-41-19,102.75.8.5,-1732237534,ims,215.215.225.150,811639847,-1424790797,-11247,-82
huawei,71,226051625153805,40787102023,2024-09-04 06-44-40,10.66.253.102,1670348614,internet,177.93.123.216,-2018130188,789894228,-2449,2
huawei,8,226050165648666,40741092419,2024-09-04 06-43-32,83.81.59.175,-353967087,internet,43.48.114.131,-2061086123,-2016572173,19441,-58
huawei,47,226054298785512,40707658778,2024-09-04 06-43-01,173.27.126.207,-1083045172,internet,171.49.249.122,2092092194,-1665268635,-25562,-95
huawei,-24,226055381613317,40772601436,2024-09-04 06-45-01,157.159.67.57,-1704510151,ims,200.2.109.116,722287316,982911794,-24066,-91
huawei,-3,226050012088668,40741619750,2024-09-04 06-40-38,209.137.84.35,1280384722,ims,126.18.232.244,1016279065,1437414444,32532,97
huawei,-3,226055922991330,40742783262,2024-09-04 06-43-54,171.99.245.175,837115663,ims,148.0.5.219,-1419463405,1320644212,55,102
huawei,-91,226059361881327,40797729337,2024-09-04 06-42-43,241.91.157.227,-1828027722,ims,30.206.252.183,-857801078,1765330096,-18946,33
huawei,125,226050937200701,40780173583,2024-09-04 06-40-29,237.133.133.56,2071716448,ims,72.238.155.133,-1405635814,913720614,-8896,-121
huawei,-90,226056120067530,40712085895,2024-09-04 06-43-59,64.141.205.123,-814905543,internet,221.104.31.120,1996155784,659639780,-3435,-59
huawei,-44,226053654595698,40788124336,2024-09-04 06-44-35,71.118.182.51,-1841547481,internet,97.212.205.21,1319041550,-1424783234,-12585,69
huawei,-94,226051090191311,40790301787,2024-09-04 06-41-22,94.108.113.167,-200591142,internet,79.69.231.131,-1761298119,-311207769,14165,124
huawei,-121,226052913982442,40727572834,2024-09-04 06-43-55,13.90.175.160,2058266730,internet,53.251.22.84,-2026968929,1341144048,26453,62
huawei,-2,226052945049866,40769646951,2024-09-04 06-44-46,138.122.15.125,492752719,internet,152.92.2.30,-2025399763,107625406,-14643,-10
huawei,104,226056012020011,40735408575,2024-09-04 06-41-59,132.130.85.162,1311848826,internet,86.252.217.240,-583677261,-938552526,28056,-118
huawei,15,226057126728684,40749176440,2024-09-04 06-41-12,57.174.40.82,-1118738680,internet,19.80.17.60,595392483,2058701629,-11794,33
huawei,-81,226059128908029,40739907240,2024-09-04 06-41-30,126.66.128.94,-1814910939,internet,177.54.250.44,1072288524,-1729380558,-14140,-85
huawei,54,226059410597443,40765207074,2024-09-04 06-45-00,124.118.39.148,-1226322198,ims,221.167.124.133,-102127329,-913372749,-4883,-95
huawei,45,226052409330580,40795440085,2024-09-04 06-44-00,6.107.161.205,485272609,internet,234.220.235.38,626803094,-1389275497,-28789,34
huawei,-20,226055898279240,40722235529,2024-09-04 06-41-35,21.27.182.45,-1417274614,internet,234.154.162.182,399069302,1403228253,2730,-121
huawei,-16,226052067321280,40780574375,2024-09-04 06-42-04,146.227.255.172,-132513567,ims,10.232.58.196,1386658031,-20560764,11441,-27
huawei,-87,226051396475618,40783496471,2024-09-04 06-40-34,207.7.43.223,-600034206,ims,253.224.45.7,-600326208,-548132951,21292,-110
huawei,-113,226057638986203,40738482298,2024-09-04 06-40-12,241.141.221.215,-961625607,internet,242.211.105.187,1757827850,482817653,-28407,26
huawei,119,226057663436484,40787024093,2024-09-04 06-42-21,88.169.200.5,-62525432,ims,167.20.247.226,1620113062,-230817856,-8827,52
huawei,25,226058209975320,40768829742,2024-09-04 06-44-09,162.128.155.157,1797673995,internet,247.169.173.254,595024996,-174866706,-5962,100
huawei,57,226057559080384,40766529517,2024-09-04 06-40-02,41.111.152.73,-805146994,ims,126.116.8.248,-2092407717,480040416,16421,-126
huawei,-47,226057429836868,40735791000,2024-09-04 06-41-05,36.156.39.81,-1710627340,ims,69.14.62.247,1558386493,1577561054,23159,26
huawei,73,226056149664544,40709507265,2024-09-04 06-40-43,154.204.228.59,-891204240,internet,27.116.219.210,789016291,285302058,-2904,23
huawei,-86,226057364080785,40796758365,2024-09-04 06-41-44,179.85.230.113,-1002786940,ims,20.59.64.225,-1282549235,-68350068,23877,-91
huawei,-11,226055440202757,40780876958,2024-09-04 06-40-06,150.201.192.216,995644645,ims,90.228.214.36,-1909317641,1784225102,-24742,-89
huawei,69,226051865632898,40728085646,2024-09-04 06-42-51,31.145.239.71,-1307114032,ims,152.81.173.204,-571085054,-873373975,26479,-36
huawei,-112,226057500279399,40746829416,2024-09-04 06-41-56,54.118.119.180,1007850264,ims,84.41.30.167,1776736151,2025441277,1504,54
huawei,-72,226053226092224,40734957357,2024-09-04 06-43-16,51.57.168.107,-1453328542,ims,147.114.111.185,1701349787,-726904743,24773,79
huawei,123,226052747272568,40782499119,2024-09-04 06-42-42,180.149.189.236,-1942432006,internet,186.170.230.134,-588951651,-416380058,-13164,-71
huawei,-40,226056860794471,40738873172,2024-09-04 06-41-21,208.40.181.248,-1402219241,internet,194.211.47.20,206745006,-442726213,-20823,89
huawei,-110,226050464964424,40751161442,2024-09-04 06-41-29,184.159.250.49,-1221391941,internet,198.189.136.92,-584309792,-525038284,18926,125
huawei,-69,226058483293863,40714098103,2024-09-04 06-43-33,73.217.58.249,866992608,internet,180.235.103.194,1214467606,1308786068,-28016,88
huawei,16,226058114206476,40783877890,2024-09-04 06-44-14,68.151.209.86,-2077660463,internet,38.93.127.126,-1865204177,353338781,18843,-9
huawei,-40,226058987690711,40710104074,2024-09-04 06-42-32,212.40.182.162,660163140,internet,26.23.108.232,-1901191705,-1392039679,7007,-38
huawei,9,226059041336943,40795082557,2024-09-04 06-41-55,95.130.112.169,1797363967,ims,134.123.45.93,-2078777266,-604570205,26708,100
huawei,66,226058561838334,40706349523,2024-09-04 06-42-59,65.59.38.163,1076753765,internet,113.205.74.70,1235585560,-535145329,10325,-26
huawei,115,226057072762104,40754284863,2024-09-04 06-42-21,225.48.232.51,262454919,ims,65.144.111.150,1087471810,-555503642,-4654,-51
huawei,-87,226056898891581,40726263136,2024-09-04 06-41-55,29.216.95.58,724538098,internet,192.249.163.90,279808197,321906785,11331,-78
huawei,-120,226058014588908,40753852538,2024-09-04 06-44-22,175.134.210.83,-425268837,internet,159.123.20.218,-193473118,1919603563,27607,-126
huawei,-20,226055596535914,40770314146,2024-09-04 06-44-30,237.114.28.25,1798564456,ims,140.13.173.116,273608970,-1711693758,-12912,-30
huawei,-42,226055139913956,40757929658,2024-09-04 06-43-21,26.225.125.107,740145308,internet,82.215.218.140,-1589682945,56078625,-32558,126
huawei,45,226058765738955,40782004263,2024-09-04 06-41-14,219.237.187.58,-172097744,ims,13.83.15.142,-254282596,-479030189,1100,-116
huawei,76,226057255152378,40730813155,2024-09-04 06-41-01,77.168.95.246,-460984409,internet,97.97.10.202,1840320534,-2009580951,-21720,-68
huawei,-53,226059028456338,40773623759,2024-09-04 06-42-54,58.80.154.233,1221030635,ims,140.87.230.193,-67569889,-2097666303,-21097,1
huawei,72,226058290681184,40705610910,2024-09-04 06-43-17,235.31.218.244,-317176584,internet,199.117.218.3,-1047230553,-751462458,-11979,-13
huawei,-5,226057830827044,40786972421,2024-09-04 06-40-38,74.195.194.229,1433595844,internet,207.233.177.62,-1139340155,-973381823,-277,23
huawei,-6,226054445264746,40702026662,2024-09-04 06-41-34,187.110.153.157,-592663463,internet,190.49.108.157,1436524291,1372908624,29821,74
huawei,-58,226056282915324,40703734167,2024-09-04 06-41-41,156.245.85.77,-992796161,ims,6.160.23.17,845593629,47579516,30946,112
huawei,12,226059913661025,40797773409,2024-09-04 06-41-12,144.29.65.71,540854979,ims,164.177.185.21,-101943614,-681594603,20243,-50
huawei,-108,226051454675289,40754270591,2024-09-04 06-44-43,251.0.194.30,1891829395,internet,59.213.158.205,-366781237,1463647027,-24942,68
huawei,-117,226051583946177,40764667636,2024-09-04 06-44-19,199.220.10.238,698479169,ims,58.169.247.112,507242623,290143909,23763,101
huawei,-57,226050867160255,40746894036,2024-09-04 06-44-06,8.251.227.48,1072504843,internet,45.141.99.71,829918066,1742128360,10493,47
huawei,15,226059001950851,40716438999,2024-09-04 06-42-10,217.56.152.150,-773318137,internet,30.55.251.251,-1848848746,-861923651,-1794,54
huawei,59,226058390586812,40776118416,2024-09-04 06-41-55,1.72.204.138,-2130618657,internet,102.59.232.138,-1631505897,-175976003,2203,17
huawei,77,226056717180697,40774774481,2024-09-04 06-40-56,104.177.121.163,622677629,internet,104.83.255.228,1835958272,-1099317822,-19117,-118
huawei,102,226054924314097,40769244050,2024-09-04 06-44-21,52.252.238.117,-103799029,ims,54.102.31.22,-1074166653,85488629,-4920,-15
huawei,-73,226053301311644,40744776858,2024-09-04 06-43-50,232.54.3.191,-1017464924,ims,107.140.174.144,-4368959,-191704877,-31368,63
huawei,14,226059171607174,40755158527,2024-09-04 06-42-30,132.44.197.124,1562124793,internet,79.17.139.182,1761365979,-1258381488,30799,-117
huawei,-93,226055862092994,40746498579,2024-09-04 06-43-32,197.23.169.36,-1204985693,ims,11.123.41.143,-646504220,2006000669,-30862,8
huawei,10,226050826909189,40740537543,2024-09-04 06-43-37,157.53.158.167,1413695317,ims,94.247.40.27,-1100291675,-1879669196,24337,-58
huawei,94,226050570776872,40786291662,2024-09-04 06-41-19,34.237.247.35,-2114320213,ims,229.72.45.142,2037272165,608532952,1827,126
huawei,-82,226055404284966,40709685640,2024-09-04 06-44-26,6.116.233.21,1019924281,ims,161.104.239.80,1462731480,2008991177,29254,17
huawei,-122,226057167085300,40700402484,2024-09-04 06-41-26,176.251.11.166,-1973029678,ims,10.146.175.222,87053415,1971411379,-10977,-27
huawei,74,226054205605732,40781869626,2024-09-04 06-42-17,10.188.6.163,-1941432677,internet,180.168.134.65,2072608621,100716157,-30733,95
huawei,8,226057433969375,40728099038,2024-09-04 06-43-13,248.173.147.114,-2063808278,ims,144.189.68.120,-1146172922,-1719698087,21520,-64
huawei,-60,226058061874834,40728871110,2024-09-04 06-44-16,140.215.69.209,62602022,internet,117.145.223.8,-1444022015,-1291050802,17542,93
huawei,50,226053409643066,40772576675,2024-09-04 06-41-36,126.17.200.208,3484963,ims,64.129.130.220,-351707074,-1096586741,-4301,13
huawei,115,226052730260387,40744416390,2024-09-04 06-44-21,227.86.137.68,1668701992,internet,56.97.251.192,-1201683014,-1145969284,31919,-121
huawei,124,226059657084451,40730066763,2024-09-04 06-40-15,179.244.2.30,-1754942193,internet,115.140.191.202,1577140578,-1648173656,-5521,-43
huawei,44,226054729936466,40799413202,2024-09-04 06-40-19,226.142.128.166,407640861,internet,177.202.213.78,1413554143,1476702927,-29727,-70
huawei,-63,226059067981693,40750422716,2024-09-04 06-42-47,36.207.92.239,-2034606254,ims,254.188.122.114,-95841020,763349664,5174,-6
huawei,-58,226050927525787,40717425413,2024-09-04 06-44-18,8.138.129.54,967119085,internet,91.251.116.4,-507900201,1056501626,15728,-112
huawei,9,226051591449786,40736167632,2024-09-04 06-43-23,182.25.80.69,-391468745,ims,207.32.202.231,-87353604,162997962,-6882,81
huawei,-94,226053498002091,40742906924,2024-09-04 06-41-19,205.217.212.116,-817333034,ims,193.179.174.163,2025170994,-1379428444,-15673,-37
huawei,95,226058025136391,40789857921,2024-09-04 06-41-09,14.94.39.99,924451541,ims,4.42.156.48,139826422,1060518712,28204,-44
huawei,-37,226055858057448,40793400588,2024-09-04 06-43-11,9.241.171.181,-1050729610,ims,221.184.164.21,665557953,442230451,-13311,-20
huawei,-50,226051633703104,40716609072,2024-09-04 06-44-32,0.45.151.133,-1230787931,ims,223.78.179.53,-176087803,63363977,-7992,72
huawei,-31,226053713659751,40732014533,2024-09-04 06-40-09,44.171.108.8,1374770155,internet,254.198.183.217,1254002666,1818833709,-15755,103
huawei,60,226052815609040,40727799151,2024-09-04 06-44-00,246.129.80.100,-599783974,internet,57.114.0.248,-294395705,468907971,-19274,-119
huawei,45,226051320063128,40772657288,2024-09-04 06-40-10,143.125.76.222,-1475194571,internet,27.104.237.191,1582607740,315560786,-17182,119
huawei,-126,226050717057900,40747653331,2024-09-04 06-43-36,105.153.22.204,-209911778,ims,214.206.119.158,413598712,-1467798211,-30061,40
huawei,-13,226056481284039,40787629150,2024-09-04 06-40-45,84.71.171.40,2061704666,ims,189.6.84.113,1072456817,-1428694398,-1709,-28
huawei,65,226057367690382,40757194066,2024-09-04 06-40-13,134.172.45.62,-1668630736,internet,229.245.53.129,1637820803,-831088849,-22527,60
huawei,96,226054173941326,40774184625,2024-09-04 06-44-44,253.207.230.227,-412544751,internet,59.106.155.3,-1462142405,144031516,14824,7
huawei,-36,226057951512121,40772962315,2024-09-04 06-40-07,84.60.239.218,1744704648,internet,105.148.67.11,182379338,-1582595899,-3994,101
huawei,7,226054408221079,40740787792,2024-09-04 06-44-35,24.136.236.131,549431759,internet,253.33.99.237,2125772359,-408637984,-7989,-116
huawei,-122,226059456379556,40785145797,2024-09-04 06-43-09,172.196.154.25,-2126931121,internet,153.28.231.208,1104363481,631712880,16199,-120
huawei,80,226051822085651,40754254202,2024-09-04 06-43-33,5.138.73.236,1425294515,ims,162.62.67.223,-57878418,269279962,-27933,56
huawei,-124,226054428601751,40746646193,2024-09-04 06-42-14,132.245.156.120,759343503,ims,178.253.221.80,-594684671,-11215404,7093,-4
huawei,90,226054068590742,40761010867,2024-09-04 06-42-44,218.130.168.25,1509658029,internet,40.76.150.132,439800864,2076641701,-19018,23
huawei,-85,226051404003818,40729483737,2024-09-04 06-42-45,67.183.196.155,817894036,internet,63.244.119.208,-338977194,670766690,8202,114
huawei,-30,226052987825495,40709269790,2024-09-04 06-43-43,124.106.10.51,597800373,ims,33.102.169.8,-1449088922,1043837893,-23767,0
huawei,-42,226052592324913,40772057919,2024-09-04 06-43-39,120.189.113.7,-335105099,internet,32.56.29.30,-1432879264,-128403583,-25671,36
huawei,14,226053220430258,40753873752,2024-09-04 06-42-24,138.181.156.5,1583194884,internet,204.76.120.232,-1547102175,-1070113739,-9857,0
huawei,-99,226054922207401,40787135019,2024-09-04 06-43-54,45.71.33.43,-178499635,internet,223.181.192.105,1968956936,-1780428993,-14349,15
huawei,15,226051759897198,40794881831,2024-09-04 06-42-32,218.225.181.238,-417903579,internet,201.15.87.182,-622524794,2100599592,26585,-12
huawei,23,226053107979549,40735242556,2024-09-04 06-43-48,90.92.90.148,685426070,ims,247.243.16.144,340491667,213660653,-20445,-121
huawei,-51,226051508121971,40718431634,2024-09-04 06-41-39,66.121.135.229,1440379862,internet,5.145.210.248,407121998,1518542158,-12691,13
huawei,-44,226053554714831,40752747893,2024-09-04 06-43-04,96.233.168.96,-661219613,internet,29.249.226.30,-264690823,-1800900649,6432,-32
huawei,-46,226050500207201,40793329960,2024-09-04 06-41-38,190.125.58.135,1787353985,internet,60.88.148.27,947518423,1299819946,24524,57
huawei,-21,226053001493954,40770644717,2024-09-04 06-42-43,143.121.154.5,-291918466,ims,249.141.55.132,-212843346,102474636,6159,28
huawei,21,226059465077255,40754211683,2024-09-04 06-41-53,9.191.103.29,1668085937,ims,49.27.28.198,1752855622,1894672070,-29289,69
huawei,29,226055831665663,40744054183,2024-09-04 06-41-03,7.136.236.184,1060215460,internet,13.113.229.191,1716465036,-1273768910,-5955,-118
huawei,13,226057360834656,40750942004,2024-09-04 06-42-15,207.49.238.255,549967894,ims,94.236.43.191,-1077831885,-1598653022,-13682,-31
huawei,-53,226051553241935,40774063025,2024-09-04 06-43-26,105.15.89.189,-1225565413,internet,88.172.84.137,403944902,-2004334070,19393,37
huawei,-9,226056891216442,40788927580,2024-09-04 06-40-53,96.129.29.102,926410273,internet,197.86.236.70,1619224193,-1390951801,22109,-72
huawei,76,226053047107723,40701334786,2024-09-04 06-44-30,207.91.163.182,426151961,internet,249.214.73.188,207927961,1630534040,22000,70
huawei,-124,226054807064147,40774326527,2024-09-04 06-41-12,172.108.27.100,957739366,ims,29.94.85.16,1417752911,-1463508918,-2560,88
huawei,-3,226050686249902,40714442779,2024-09-04 06-40-54,243.246.74.236,-844278635,internet,236.155.249.195,-1176502426,-616203694,-569,-26
huawei,49,226055175655310,40712375934,2024-09-04 06-43-27,227.219.12.51,-2038885374,ims,232.242.194.182,-1671438437,-2056040298,-9857,60
huawei,69,226057341643202,40703508949,2024-09-04 06-42-20,254.253.89.218,2036864916,ims,92.234.114.172,-1424101997,328314329,21013,58
huawei,98,226054307360822,40799636990,2024-09-04 06-41-46,249.171.16.192,1458456224,internet,164.184.137.2,-1086364229,-1555924118,-18425,-57
huawei,61,226052765509880,40747470104,2024-09-04 06-41-44,32.217.239.232,-1465193713,ims,22.27.228.171,1856935714,1591124844,5704,103
huawei,62,226057672787980,40775797350,2024-09-04 06-40-42,101.235.92.63,1720272784,ims,178.206.132.225,-1824685878,-996994717,-22071,54
huawei,7,226053851827684,40719999158,2024-09-04 06-43-24,229.125.154.177,-1314326363,internet,188.230.172.197,1421170823,-1637534114,-9009,-11
huawei,4,226054235551784,40705981225,2024-09-04 06-43-41,187.4.34.72,1380084934,ims,244.198.234.51,1472218083,2077937443,8458,93
huawei,44,226057639652555,40707445259,2024-09-04 06-41-12,66.184.254.180,-1616027875,internet,167.197.192.193,2121388705,285535776,-14567,-45
huawei,-48,226053061787133,40764853088,2024-09-04 06-40-04,181.241.180.117,-452860895,ims,66.253.194.58,-275053309,2026396744,-5105,-12
huawei,-103,226052045337715,40770116888,2024-09-04 06-40-04,81.119.231.103,347279286,ims,213.162.236.72,-677053864,-858863447,-5888,116
huawei,42,226051220059908,40778519984,2024-09-04 06-44-15,231.152.227.254,104754126,internet,124.155.219.139,-1972037541,-1907463759,8982,-58
huawei,22,226056114182360,40779986991,2024-09-04 06-41-16,242.218.25.239,1679580504,internet,102.84.232.191,206767823,1028163979,-19553,-28
huawei,-51,226052210570944,40755185541,2024-09-04 06-43-18,242.145.45.183,-970701151,internet,96.204.76.0,-2095805501,901286284,11742,-49
huawei,-20,226055206365904,40763576527,2024-09-04 06-40-20,93.10.195.225,1006042684,ims,186.161.180.199,854556772,887347247,17101,-25
huawei,47,226058193592600,40796441896,2024-09-04 06-41-18,29.117.203.219,-1146513796,internet,72.155.107.253,-333249214,-1864470249,15116,87
huawei,-52,226052234319013,40785557976,2024-09-04 06-41-15,158.105.103.41,-870248771,ims,14.60.19.167,-1748877808,1038223403,523,-4
huawei,-68,226057476585555,40783565729,2024-09-04 06-44-07,182.66.151.62,557284623,internet,162.151.10.226,1592044893,-37961701,-19778,-32
huawei,-10,226057447803145,40753027146,2024-09-04 06-42-24,147.89.19.114,1557871098,ims,127.218.250.247,-381660967,-2005328810,30818,53
huawei,-49,226054574352063,40772777565,2024-09-04 06-43-58,9.248.39.92,-262802161,internet,45.121.52.221,1305292401,-60768957,-31170,75
huawei,99,226051872242732,40741878223,2024-09-04 06-41-10,104.109.178.231,-2067627188,internet,28.214.53.79,-471934339,-2069415190,9591,-19
huawei,-47,226052393093367,40763525962,2024-09-04 06-40-32,222.48.169.19,-1356931450,ims,39.11.120.126,430080126,-647926297,-17570,48
huawei,95,226050205136197,40798625003,2024-09-04 06-41-30,198.43.208.8,-1374626990,ims,75.66.176.226,-1590255450,-96979470,-27713,-109
huawei,-107,226051455154557,40762507000,2024-09-04 06-44-43,221.121.224.89,-1274991961,ims,32.233.59.13,1809661435,1717231558,-3372,-52
huawei,65,226054257003144,40781756794,2024-09-04 06-42-00,193.114.129.81,1173571822,internet,194.155.20.194,896282884,362264671,18834,-98
huawei,112,226053965704519,40780113029,2024-09-04 06-40-48,39.1.20.71,-447298288,internet,102.224.197.239,1021465273,-780346803,-25239,-59
huawei,4,226059512330201,40738100095,2024-09-04 06-41-19,8.3.29.245,-1842141531,ims,254.142.143.157,1377882007,-1384923662,12781,-38
huawei,-67,226055266625001,40792395679,2024-09-04 06-40-24,8.13.177.216,-687421817,internet,240.193.182.90,-685288543,-456033537,12805,-74
huawei,26,226055334929110,40752075504,2024-09-04 06-44-20,162.194.119.63,-1964168712,ims,2.60.82.31,-1928604553,1049121317,-16096,109
huawei,-8,226055022102614,40707988172,2024-09-04 06-43-18,203.92.115.93,1751721506,internet,170.166.180.62,-622470242,-421769027,-20887,-11
huawei,-7,226053577345061,40773876221,2024-09-04 06-41-10,158.123.57.119,-2010262612,ims,178.54.41.240,1409715823,1005002079,-11386,96
huawei,56,226057493760838,40734773388,2024-09-04 06-42-15,48.61.24.169,-1760460968,ims,0.253.185.85,223028105,-295108980,-30899,-25
huawei,-125,226059930482534,40705133690,2024-09-04 06-42-51,237.250.62.236,459766893,internet,101.114.234.252,-164433159,-959456327,-7870,111
huawei,-110,226052229637463,40752729703,2024-09-04 06-42-49,195.137.223.54,191492000,internet,191.61.173.164,425530138,-467368644,-18826,4
huawei,-92,226055612881522,40709944021,2024-09-04 06-43-21,27.1.118.25,-890417026,internet,28.192.0.18,1503332970,-2021422009,-19470,31
huawei,91,226058054384643,40700637198,2024-09-04 06-41-06,47.15.18.8,-1230291660,internet,22.190.79.48,464440010,-1191472762,-19203,19
huawei,-47,226057061276218,40704312594,2024-09-04 06-43-20,245.123.115.55,543656432,internet,212.218.74.242,1988545931,1728966181,-19003,-47
huawei,56,226051849450950,40760538756,2024-09-04 06-40-23,142.95.183.29,892556311,internet,231.152.170.193,-1417340208,-392985255,-13054,92
huawei,-110,226050040869848,40774406577,2024-09-04 06-44-28,20.58.237.123,-935805322,ims,22.102.47.8,-2056413353,1879453119,15872,-103
huawei,92,226053217490774,40741984507,2024-09-04 06-43-51,128.110.192.37,1471646884,internet,243.115.18.175,-1414051898,306996104,20215,-82
huawei,15,226059171870224,40764532671,2024-09-04 06-42-56,3.134.131.81,1111833633,ims,143.1.179.13,339287752,1928912741,-19710,3
huawei,-68,226051037540940,40702882888,2024-09-04 06-43-11,183.222.33.221,2003720269,ims,248.52.48.170,788946132,1505162469,-21485,-47
huawei,115,226053876462776,40738978298,2024-09-04 06-40-22,18.194.68.110,-1788655171,internet,238.121.145.56,-1503781403,410065170,-22486,-77
huawei,110,226059888044622,40774229825,2024-09-04 06-41-45,175.181.142.172,1275338222,internet,137.55.201.10,1030967244,747266724,-14648,-106
huawei,-33,226057833736367,40726267121,2024-09-04 06-43-43,78.156.155.116,334706507,ims,56.37.157.194,271171554,-561883262,-17713,-30
huawei,106,226053615734120,40763094053,2024-09-04 06-41-31,107.242.165.19,-1888215400,ims,142.75.42.126,1460506208,1718571825,-29196,-57
huawei,-71,226057889179570,40720515265,2024-09-04 06-45-00,95.100.218.249,-147369091,ims,18.93.164.73,-808436199,-954077744,5243,-55
huawei,89,226054129516768,40781937305,2024-09-04 06-42-42,35.10.4.249,-1545449551,ims,170.212.241.118,538969760,-125805190,-30653,-125
huawei,-90,226059862242039,40769342777,2024-09-04 06-44-55,113.208.45.100,-869669534,internet,172.190.206.105,1547389795,-1839382023,27771,119
huawei,57,226057126231080,40700070106,2024-09-04 06-41-10,252.68.166.202,1443277302,ims,45.242.35.68,1273577289,-1833534608,11585,-43
huawei,-84,226059222810011,40711947213,2024-09-04 06-42-32,143.135.153.252,-1766020830,internet,135.25.28.190,-770932121,-29668365,28597,-80
huawei,-48,226057605373257,40738088056,2024-09-04 06-41-14,17.32.20.105,-1428484945,ims,202.66.247.145,1329084607,255716680,31315,42
huawei,15,226057678544973,40772185638,2024-09-04 06-44-50,118.64.233.161,161157454,ims,12.214.89.120,-1503290985,753652939,30374,-107
huawei,-20,226059247931723,40751334511,2024-09-04 06-41-17,171.236.180.177,-1951132030,internet,55.186.189.223,-1063015451,1348658566,-16840,117
huawei,114,226051673660039,40739170945,2024-09-04 06-40-49,164.249.112.135,-1063388393,ims,144.194.9.190,-1283930424,-734981339,25749,-31
huawei,109,226057095168083,40748989343,2024-09-04 06-40-39,42.132.166.219,1361242575,ims,41.59.211.61,1578431599,1169163965,-16987,-94
huawei,103,226057425817564,40795772395,2024-09-04 06-44-55,87.247.127.99,342535699,ims,139.23.20.94,-1567998326,401084420,20506,68
huawei,-119,226057167396291,40766675491,2024-09-04 06-43-48,98.155.6.205,-2082600166,ims,57.203.22.116,-582152468,708194713,28792,111
huawei,-110,226059796853092,40762011512,2024-09-04 06-43-12,205.245.114.66,772034063,internet,151.202.31.234,1926436839,929226537,1862,42
huawei,123,226050938072931,40745425004,2024-09-04 06-44-13,229.132.50.18,-452420696,ims,133.199.75.55,2043787509,-1542481530,-31638,-35
huawei,-76,226056406653098,40733556172,2024-09-04 06-41-42,87.82.6.149,1950801729,ims,190.99.147.237,-1777388329,897997931,1569,69
huawei,91,226059564419773,40790035284,2024-09-04 06-43-52,64.226.131.115,111049560,internet,85.187.233.79,949472990,-191780860,15846,82
huawei,57,226056897224955,40787298750,2024-09-04 06-44-53,225.139.31.32,1603499155,internet,204.58.20.65,1841185122,-494305669,31930,62
huawei,21,226055179943935,40735132189,2024-09-04 06-41-55,251.255.162.135,1246312314,internet,193.244.121.71,-118240377,-1956430585,-27504,91
huawei,114,226059277311273,40737233954,2024-09-04 06-41-34,104.135.14.152,605898223,internet,146.213.243.201,1130023766,-1439001520,10071,116
huawei,7,226056839337606,40763724981,2024-09-04 06-41-56,32.22.246.47,1752432503,internet,236.178.13.163,-2015908160,975341939,-11439,67
huawei,-84,226053846837636,40723720875,2024-09-04 06-40-41,0.46.31.120,-952093767,internet,1.149.124.140,397022002,1831686996,23887,-113
huawei,-66,226053698495436,40786254650,2024-09-04 06-43-41,249.23.57.224,1952494201,internet,214.28.153.42,610878821,-653748873,22676,50
huawei,-117,226050854503256,40784808293,2024-09-04 06-41-32,1.243.116.160,59965448,internet,242.114.87.53,1540544907,1236726393,-20680,-124
huawei,-128,226057731179159,40729924779,2024-09-04 06-44-17,224.146.121.141,-201231794,ims,225.166.165.154,-1127188329,1947288107,-3497,101
huawei,117,226054216288712,40780204666,2024-09-04 06-44-00,100.172.189.51,-1979738944,internet,52.233.7.201,-1455598452,2116835180,17673,-57
huawei,0,226050943351163,40764464753,2024-09-04 06-42-38,231.252.83.39,1754545821,ims,144.53.143.5,-204634383,1357662034,-6291,-19
huawei,44,226052866262327,40738358766,2024-09-04 06-40-20,235.81.154.217,-1344755384,internet,100.9.112.9,-1858608151,-2094140448,23266,-101
huawei,-40,226051133564313,40772333146,2024-09-04 06-42-57,101.29.138.187,-1350922656,ims,106.242.0.165,1515657617,-1386227812,25527,-92
huawei,55,226050136639296,40742338596,2024-09-04 06-40-15,179.235.234.121,1779674938,internet,47.208.127.194,1349085924,101526174,26529,-75
huawei,13,226052788421394,40771389020,2024-09-04 06-42-30,238.107.93.234,-1809577323,internet,58.49.13.196,-1880744367,1902274305,-17137,-54
huawei,-116,226054283761322,40744489560,2024-09-04 06-43-07,18.53.47.229,1641067043,internet,180.23.154.169,-881844994,-2024665755,-16135,60
huawei,97,226057330397251,40756850009,2024-09-04 06-43-02,250.235.30.114,-933787060,internet,13.17.237.73,-1636098754,-2019717812,24770,91
huawei,101,226053185527223,40739593837,2024-09-04 06-44-14,230.5.171.20,259748678,ims,200.53.16.87,-1233209081,-672193794,-27904,-27
huawei,52,226055825607800,40765088692,2024-09-04 06-40-53,106.48.126.44,-2090682069,internet,138.97.240.93,2142097286,89706165,-32482,-57
huawei,30,226057078412733,40706550562,2024-09-04 06-41-37,191.142.101.13,-1324769327,internet,213.36.220.89,-1998366347,-46088102,28100,-12
huawei,-107,226051413745976,40728965979,2024-09-04 06-44-00,254.131.215.176,1158447758,ims,198.190.26.123,907471081,-6030861,-11971,65
huawei,91,226054487021367,40764203377,2024-09-04 06-42-18,123.117.22.239,771818280,ims,60.88.211.43,-1715150818,1960509356,-11357,-67
huawei,-104,226055906916822,40740816104,2024-09-04 06-43-06,54.10.129.130,-1167729111,internet,48.196.46.47,1448042089,379939818,-30177,-23
huawei,58,226055096095109,40720303704,2024-09-04 06-40-35,228.250.105.124,-1636603789,ims,178.177.115.164,-1061064308,-1752076686,-9192,-39
huawei,-69,226052510599183,40777063524,2024-09-04 06-42-37,107.187.194.163,1859524845,internet,48.125.201.71,314686887,-1315040499,-5339,-17
huawei,-89,226057808806593,40734561764,2024-09-04 06-40-15,117.145.84.190,-758517953,internet,250.15.194.104,-637177495,-440710230,-15099,-99
huawei,80,226056185447676,40728278619,2024-09-04 06-42-34,38.41.17.200,999814419,internet,141.87.214.107,1557995706,1949491378,-10366,-75
huawei,81,226059001680206,40769320067,2024-09-04 06-44-50,71.172.231.151,413077121,ims,180.196.181.246,-204897939,-855812953,3830,-110
huawei,108,226054045053591,40789610634,2024-09-04 06-43-29,15.93.245.191,-842785317,internet,54.248.30.45,-844538014,-43264023,-10713,-61
huawei,12,226059659398487,40790777094,2024-09-04 06-43-57,248.61.27.41,-1548097422,internet,83.129.90.139,-182821917,-1008543001,24953,-38
huawei,84,226050727672509,40760288941,2024-09-04 06-43-43,145.132.71.180,173216236,ims,193.8.68.209,642764623,947529753,-10089,-109
huawei,-44,226056049014470,40701056142,2024-09-04 06-44-29,27.142.101.41,408696664,internet,71.63.229.154,-239980149,-1114366167,32143,-46
huawei,-18,226059802427749,40724435332,2024-09-04 06-40-59,92.219.185.22,193994901,internet,215.63.252.187,-2041632985,-1566036298,-10378,-53
huawei,85,226054106118607,40712435140,2024-09-04 06-42-51,252.151.199.75,-2071916553,ims,254.123.33.125,536161664,118689656,764,29
huawei,49,226053095502666,40726330474,2024-09-04 06-43-35,189.70.38.72,-222993167,internet,100.89.21.91,-1383828857,1915288221,-31658,71
huawei,-110,226053051388287,40740569841,2024-09-04 06-42-20,84.13.70.19,1736625094,internet,224.71.246.222,678057243,1236727317,-27918,54
huawei,-19,226052511299841,40722339875,2024-09-04 06-41-30,112.119.177.244,1470014333,ims,187.81.206.10,-1274129853,-29167647,-16425,-93
huawei,-12,226055192138346,40714364046,2024-09-04 06-43-16,86.77.163.96,1229409216,internet,145.252.160.45,-284356549,1388228086,-17441,-2
huawei,-50,226058456372342,40794395663,2024-09-04 06-43-04,147.161.7.143,1458667929,internet,59.148.38.28,2080113851,2048131050,6819,66
huawei,-31,226058559432195,40767628149,2024-09-04 06-41-21,159.195.227.242,1658706256,ims,16.17.94.221,-331346857,996462407,-30999,27
huawei,31,226054178603615,40701493981,2024-09-04 06-40-26,14.246.98.81,-253643420,internet,249.20.152.162,-1972822117,662498705,3223,28
huawei,-49,226059912691349,40791059910,2024-09-04 06-41-06,142.23.194.107,1005902244,ims,96.235.49.251,-1228938796,-1021623695,-7837,6
huawei,-122,226051503952355,40776934155,2024-09-04 06-42-16,3.250.33.246,-1533979096,internet,17.83.172.24,-1478083318,719209765,13405,-82
huawei,-111,226054529644588,40774853772,2024-09-04 06-42-09,37.30.133.242,476045237,ims,98.105.110.139,703595849,895307569,27445,-73
huawei,-93,226059345176156,40756742976,2024-09-04 06-40-03,133.225.191.2,2094985186,internet,144.179.255.185,-1345372030,-1564929338,18676,4
huawei,49,226054665927947,40721389935,2024-09-04 06-41-27,106.255.194.131,1875767876,internet,132.48.63.134,1216550361,461075166,-6581,17
huawei,123,226059417850845,40766862976,2024-09-04 06-43-51,169.52.18.210,299004457,internet,52.64.158.37,-1660247502,47140875,26154,-67
huawei,-20,226058594976277,40770208299,2024-09-04 06-43-01,240.59.188.130,-1100635468,ims,91.88.60.172,2071757249,1833739133,15881,-30
huawei,68,226053988420919,40732202685,2024-09-04 06-42-22,21.184.27.150,-1974328443,internet,156.250.46.122,-224951429,-727889821,3625,84
huawei,44,226054529398482,40718949506,2024-09-04 06-40-05,21.27.172.242,330818787,ims,145.211.60.188,-830029128,-1974591949,5983,7
huawei,126,226053226212382,40737211505,2024-09-04 06-40-31,95.65.213.188,1565956399,ims,133.234.85.47,340042701,-793677154,32032,106
huawei,-89,226057103635919,40762598307,2024-09-04 06-42-35,239.246.206.178,-2143050892,ims,30.46.168.157,1158309056,492128139,8356,-97
huawei,84,226054649975762,40773647845,2024-09-04 06-43-52,8.57.45.143,-214413443,ims,203.37.112.198,-72572540,296157009,-27911,-73
huawei,91,226059353679833,40780774903,2024-09-04 06-41-39,62.194.218.92,1871185343,internet,4.147.122.12,-1893552942,1753583210,8699,113
huawei,110,226058891572734,40749830552,2024-09-04 06-43-27,164.181.84.230,-473444616,internet,116.174.186.171,-307458492,-736983579,20262,56
huawei,-116,226056162856854,40734871430,2024-09-04 06-44-15,233.245.2.7,-58159144,ims,255.241.115.56,-641567353,1237224813,13858,-18
huawei,-120,226051625660365,40771270795,2024-09-04 06-40-58,196.87.96.207,-966017695,internet,247.223.207.10,-100736393,1922295590,-13522,-106
huawei,-100,226058017102562,40755893647,2024-09-04 06-40-56,237.118.181.91,476506826,ims,237.72.37.223,570894074,1723636117,-32049,95
huawei,-9,226058457373933,40721945673,2024-09-04 06-44-45,31.141.191.235,1102090421,ims,185.243.33.114,-437920494,-2104923590,31372,-21
huawei,121,226052622744096,40766004343,2024-09-04 06-42-14,35.157.177.149,-767681485,ims,217.205.118.91,-1322231812,-1237180079,-12218,-39
huawei,-73,226052943722262,40775591830,2024-09-04 06-41-24,121.20.101.4,1570279093,ims,115.147.127.128,-891481370,1718224453,20522,-8
huawei,12,226055857359637,40701581139,2024-09-04 06-43-31,253.53.230.96,-644663801,internet,83.87.65.60,10214010,654502123,-13992,93
huawei,23,226056084747867,40766474779,2024-09-04 06-41-05,208.101.56.24,1320410741,internet,99.93.70.157,1766406467,-1964930100,-26566,91
huawei,87,226051377443342,40795104410,2024-09-04 06-43-06,136.87.172.194,689645089,ims,84.236.211.225,932618887,1542110620,396,50
huawei,76,226055928050331,40712858051,2024-09-04 06-44-38,213.142.24.88,439979140,internet,142.5.54.184,1169335012,-850605913,230,11
huawei,-81,226057840769912,40770928271,2024-09-04 06-40-41,87.98.169.76,147511256,ims,92.249.102.229,206617280,-1078247619,-1165,-105
huawei,-103,226053903668648,40787465257,2024-09-04 06-43-14,229.210.141.248,-730536322,ims,22.101.161.108,-1499553470,-1949186219,-12101,-57
huawei,61,226051984056359,40711116000,2024-09-04 06-42-58,178.143.24.218,634079471,internet,209.139.177.111,-1227026834,1954354260,24496,-61
huawei,49,226052261233470,40758714619,2024-09-04 06-41-13,134.189.60.75,-1589444661,ims,0.168.116.167,138312248,1649439823,-1086,-53
huawei,-123,226059703585771,40736814749,2024-09-04 06-40-24,202.89.70.78,1278362898,ims,196.171.80.49,-264784198,1952665520,-14802,-51
huawei,-63,226059833907365,40742054279,2024-09-04 06-40-54,19.111.255.168,1596752752,ims,58.50.91.156,262894775,1515694769,22851,100
huawei,34,226055500583756,40717946767,2024-09-04 06-40-19,72.113.76.147,1514103130,ims,0.96.174.151,770627027,-644910873,-7340,-66
huawei,89,226056754649909,40716034250,2024-09-04 06-43-19,136.90.60.139,1171091809,internet,11.57.102.113,-1822352808,1211276136,21115,1
huawei,87,226058280027349,40797943333,2024-09-04 06-42-41,137.99.249.16,986159197,internet,50.9.148.29,1464779605,-441930946,32667,89
huawei,-31,226050424659429,40737685102,2024-09-04 06-40-36,125.127.18.209,-1278221629,ims,243.222.237.219,129428670,-220512580,17801,83
huawei,37,226057434014642,40704755335,2024-09-04 06-40-05,24.32.39.252,1659229898,ims,205.239.227.76,824413633,1935312353,-31168,-100
huawei,74,226053262276541,40784364599,2024-09-04 06-41-45,6.30.48.217,390203923,internet,52.76.253.248,-75939946,1464454591,-19774,80
huawei,98,226054224170609,40739381072,2024-09-04 06-41-46,37.245.156.75,2119293229,ims,165.117.153.48,-1369526238,1552060278,-22310,92
huawei,-19,226057544077770,40785188471,2024-09-04 06-40-47,252.45.117.103,471325671,internet,64.154.44.57,478740555,-2061994700,-25673,69
huawei,64,226053446469146,40720551340,2024-09-04 06-41-42,255.19.189.55,1660816514,ims,162.181.162.127,367031167,-1076136480,18330,33
huawei,-13,226058943160931,40721726776,2024-09-04 06-41-09,204.142.6.193,2098875456,internet,74.88.12.41,-583374893,-112565425,2905,-28
huawei,-36,226057271529036,40771861065,2024-09-04 06-42-14,176.38.206.196,1206962932,ims,214.253.75.224,1700117662,1562777888,-28788,-119
huawei,89,226058652103189,40761718352,2024-09-04 06-44-32,23.13.121.95,1355927985,ims,127.184.201.194,-1254099288,470904237,-5770,121
huawei,-108,226055495496814,40725024908,2024-09-04 06-41-50,27.65.40.19,2070473607,internet,20.4.17.19,692262680,694321359,-19842,117
huawei,45,226059312451157,40742067082,2024-09-04 06-40-12,94.164.234.181,-1650127068,internet,9.122.83.149,-210287690,-1404150263,805,-29
huawei,29,226052202679154,40700402338,2024-09-04 06-43-32,244.152.40.81,1930638925,internet,64.12.233.38,-1564334615,-756332270,-8385,-68
huawei,92,226059608975667,40780440635,2024-09-04 06-41-25,154.102.76.174,430285358,internet,142.152.169.216,-230935387,-109890378,-32611,-92
huawei,127,226050936660334,40795091392,2024-09-04 06-41-24,29.163.219.121,-1437875459,internet,228.125.37.158,-574216520,-1586691526,-14576,65
huawei,-41,226056012537830,40785350393,2024-09-04 06-42-16,143.156.55.104,-394385447,ims,37.59.11.159,-790237995,-1046989892,4136,-102
huawei,67,226054358219930,40783545114,2024-09-04 06-40-44,235.211.154.31,-1746980457,ims,90.178.104.2,443291447,448590223,-22559,-2
huawei,79,226052669142882,40776959860,2024-09-04 06-42-13,203.92.208.138,202494510,ims,195.202.30.155,-591058105,-265272358,-3136,-59
huawei,93,226056756748275,40790444907,2024-09-04 06-43-34,73.180.148.216,1364991546,ims,138.174.243.114,-1063234255,-270823470,-22846,-21
huawei,126,226057081274035,40794297559,2024-09-04 06-42-52,205.71.52.46,572723502,internet,123.138.181.118,2055277993,2109956233,4376,-30
huawei,-104,226057902807473,40781380449,2024-09-04 06-42-08,133.46.187.61,1329315792,internet,218.182.60.193,1476427391,168278189,-6725,-88
huawei,-113,226050154790603,40787183690,2024-09-04 06-43-00,243.9.174.132,-2014387872,ims,90.85.37.223,-1275926261,760623230,-21795,2
huawei,29,226054825506639,40774473673,2024-09-04 06-41-01,122.88.198.66,-1635087644,ims,31.51.61.200,1592279549,-1863699603,-16809,-28
huawei,73,226055440615215,40701174459,2024-09-04 06-44-06,60.53.238.178,1459051817,ims,74.251.5.161,1389187762,-257880455,17964,-98
huawei,109,226056070915737,40795907386,2024-09-04 06-42-12,171.47.162.73,765767005,internet,148.24.183.174,-701458057,587896776,29661,-11
huawei,-10,226052202402562,40794194375,2024-09-04 06-41-28,44.173.146.126,1775379205,internet,1.54.96.177,-1252125049,-736681790,26099,-106
huawei,-86,226051190568444,40746678875,2024-09-04 06-42-05,7.169.118.109,-688006202,ims,75.252.201.128,1872841683,1660733942,-22955,-58
huawei,42,226056957166549,40712242361,2024-09-04 06-41-47,82.52.195.159,777428109,ims,150.99.241.144,-1983705556,591039769,-22578,120
huawei,65,226057360380433,40703954873,2024-09-04 06-42-58,136.16.108.185,1275199333,internet,72.69.25.227,-332623919,1262751230,-4411,-87
huawei,-61,226055856875503,40795243265,2024-09-04 06-44-23,141.54.43.165,1019951813,ims,75.229.26.194,474723087,-1500033862,-11712,-55
huawei,-2,226052764449606,40743480735,2024-09-04 06-44-09,255.143.135.224,1815151476,ims,56.213.86.192,1863044602,2139727185,16886,-77
huawei,-54,226057660411896,40782813927,2024-09-04 06-40-08,68.11.210.157,557274355,ims,91.48.192.58,-603130089,1793732432,6773,101
huawei,-62,226059525130369,40706697715,2024-09-04 06-44-20,238.228.238.142,-919009532,ims,229.189.225.83,1928813689,581318641,29171,-95
huawei,8,226050306834527,40772870364,2024-09-04 06-44-44,27.117.244.231,731815078,internet,69.106.185.169,-1895176595,-922759666,-30500,-127
huawei,35,226059766025622,40738119636,2024-09-04 06-40-03,140.185.48.204,-810572865,ims,122.16.234.190,526554205,-870519694,6726,-21
huawei,29,226056894788337,40728425030,2024-09-04 06-41-01,28.255.98.69,-2123063243,internet,21.252.23.125,1229894467,-236411820,-10607,-81
huawei,-10,226056983692543,40767295792,2024-09-04 06-43-36,30.84.63.36,-1376664990,ims,115.39.211.206,2094246221,1311592417,6094,-31
huawei,-67,226050096198698,40704483618,2024-09-04 06-40-32,13.178.243.248,1015587018,internet,246.164.209.217,1660267059,-1517449450,3407,-22
huawei,42,226050160396404,40775275179,2024-09-04 06-40-14,227.24.216.94,-1621980561,ims,90.230.114.89,-292497670,-364739994,-1696,-77
huawei,121,226055391394657,40752775960,2024-09-04 06-44-10,237.221.124.6,-673414464,internet,156.165.111.32,136914878,1100009043,-9040,88
huawei,-56,226059621617084,40760178957,2024-09-04 06-44-26,36.222.62.67,1647029286,ims,165.121.61.59,-1824368027,477408037,-7646,115
huawei,-3,226054405630307,40751821062,2024-09-04 06-40-52,132.100.161.145,-1212956020,ims,102.23.216.244,-1762858953,-928691257,-23509,-2
huawei,12,226059696561438,40733443649,2024-09-04 06-40-30,162.86.20.156,-290053906,internet,22.113.211.199,959305126,396889272,-18384,66
huawei,52,226051426235469,40766743709,2024-09-04 06-44-38,136.163.139.150,-1191882296,internet,174.13.127.133,1748412652,532756846,-25246,-101
huawei,-15,226051821745876,40778059379,2024-09-04 06-44-38,56.35.244.7,1637538548,internet,81.141.235.198,1582517326,1151300507,-27300,56
huawei,-32,226052830490271,40773271228,2024-09-04 06-41-50,235.241.190.184,-1745936748,internet,80.196.5.215,-2119238384,-584095645,19007,-7
huawei,43,226056885390255,40737047808,2024-09-04 06-40-09,247.154.159.14,1535295320,internet,240.171.212.91,-1987159852,-38912811,27652,97
huawei,18,226053790492292,40732183965,2024-09-04 06-40-58,14.231.201.20,1760793548,ims,134.109.24.160,1838389913,-307150726,25892,13
huawei,-25,226050854110871,40773915600,2024-09-04 06-43-56,26.130.69.220,-2006441611,ims,41.142.84.74,281276591,-184639921,8657,47
huawei,-2,226050973181235,40791104258,2024-09-04 06-40-19,128.165.234.226,2086786266,ims,20.219.37.102,1231804640,307592858,-3946,112
huawei,-31,226052324352225,40732763087,2024-09-04 06-43-07,207.153.82.117,-1898586633,ims,216.195.35.20,-1316373698,-1378874526,8392,-11
huawei,-66,226054483590810,40727619242,2024-09-04 06-42-59,184.83.245.91,1636777571,ims,166.138.20.55,-1998904075,-1827474905,-19589,-85
huawei,48,226058574330451,40776883395,2024-09-04 06-43-09,87.227.242.164,905456518,ims,90.87.46.223,1789714064,1061630857,6600,-29
huawei,-110,226051920099913,40709990786,2024-09-04 06-42-06,91.127.54.70,143241053,internet,193.14.151.254,929381120,-1585755309,-9229,-50
huawei,-104,226057023242945,40781215143,2024-09-04 06-41-52,102.242.152.212,1964245276,internet,182.226.1.117,-1821077823,1341223547,29389,-36
huawei,-50,226053521202049,40766480645,2024-09-04 06-44-37,142.26.165.150,-1719095092,internet,50.7.27.165,1678039064,458529512,-14396,64
huawei,120,226057340447406,40789726215,2024-09-04 06-44-41,133.211.59.74,-1840626767,internet,252.36.198.58,-1039451513,-588761617,-30314,104
huawei,-113,226055280347282,40735614157,2024-09-04 06-40-27,148.215.78.145,66691205,ims,165.245.242.149,-1394779252,-1420315249,-31580,-13
huawei,52,226053877334575,40764188779,2024-09-04 06-43-41,79.96.131.130,-63216879,internet,82.43.190.186,703949571,1374575884,11209,103
huawei,-77,226050578705527,40723035255,2024-09-04 06-43-00,47.130.235.216,-1454447060,ims,205.150.66.183,-116534463,-191426992,22615,115
huawei,32,226058049712748,40700973980,2024-09-04 06-44-41,148.172.29.122,592228309,ims,209.206.175.179,1891653527,-1801922631,3719,68
huawei,122,226052879281875,40792921383,2024-09-04 06-42-32,174.54.187.126,1551165290,internet,94.180.253.101,-602583632,303570474,4241,122
huawei,73,226053255387740,40794717614,2024-09-04 06-41-11,141.32.213.97,-1760302179,ims,150.199.118.1,1636911556,-613298568,3851,92
huawei,44,226054715345394,40704348294,2024-09-04 06-41-19,139.6.43.249,-1767394286,internet,215.41.229.115,-1958314991,-286633518,-15800,104
huawei,-98,226051897247206,40757722782,2024-09-04 06-43-10,247.33.143.23,-1246554194,internet,249.117.13.22,-1547230682,-40671542,14300,-89
huawei,125,226055050831329,40737649202,2024-09-04 06-41-01,59.193.76.100,949572580,internet,4.250.35.60,2102685653,-15482701,-28784,88
huawei,-62,226050536176840,40741226674,2024-09-04 06-40-21,136.241.1.210,496178639,ims,169.71.158.26,-1366066072,-899803014,29939,89
huawei,50,226051806119859,40715539264,2024-09-04 06-43-31,53.246.64.101,-1483978422,internet,84.153.204.196,-1919466774,-1169966032,-6514,-10
huawei,75,226055579826133,40782107066,2024-09-04 06-41-36,82.228.76.246,1883715720,internet,181.225.87.3,1057286601,424357496,-31044,92
huawei,59,226059901092934,40754578912,2024-09-04 06-41-56,194.70.170.3,1382572651,internet,92.35.1.162,581526164,876050433,-5280,-4
huawei,-31,226059648714490,40726472789,2024-09-04 06-40-58,62.204.153.67,1902417760,ims,118.237.64.177,1865433618,-2090530060,32746,28
huawei,-90,226051740097636,40744245877,2024-09-04 06-40-40,90.222.53.229,-375046920,internet,10.60.150.223,597821829,-1640305653,32053,33
huawei,30,226051284480419,40709443257,2024-09-04 06-40-37,216.122.61.97,2141707092,internet,109.161.90.176,-2123418643,-1644312894,-30995,-33
huawei,96,226050056620114,40768949593,2024-09-04 06-41-54,161.134.81.130,1764142942,ims,22.242.93.249,512245754,-593521002,3151,-98
huawei,-107,226050115811354,40763755727,2024-09-04 06-43-08,211.18.195.215,966909695,internet,141.128.52.53,901223316,-1409689297,8739,-12
huawei,-123,226054312213744,40732420980,2024-09-04 06-44-25,12.78.169.111,-1308970606,internet,148.24.202.90,-1050851850,622745267,27742,-126
huawei,55,226051161651091,40729384007,2024-09-04 06-42-10,216.57.60.108,1016937191,ims,237.235.61.235,-1253535820,2098732484,-30590,-124
huawei,34,226055222072505,40771928609,2024-09-04 06-41-07,242.202.195.223,572127605,ims,238.15.77.120,1944816375,-1927365755,23843,-8
huawei,-27,226052399836180,40711025919,2024-09-04 06-42-53,232.134.212.183,-61439329,internet,164.255.72.222,1396658865,-1007343684,7836,-97
huawei,1,226057762482865,40782012656,2024-09-04 06-42-41,190.238.120.76,1148134358,ims,196.53.75.247,947786691,-1845142527,-8489,52
huawei,-110,226051316766620,40791209983,2024-09-04 06-42-21,191.51.72.73,959178794,internet,148.161.99.37,624062928,1358122202,-2000,4
huawei,-25,226050505044279,40760727609,2024-09-04 06-42-49,127.3.187.42,1442956218,ims,146.121.113.97,-299785045,299487119,21393,48
huawei,79,226058121546566,40796824283,2024-09-04 06-42-38,71.34.34.240,1669940966,ims,91.255.94.69,-1582737879,950003991,-25718,-11
huawei,29,226055826702752,40745915922,2024-09-04 06-43-15,19.101.57.187,-93471249,ims,247.233.247.34,-808155600,-656224488,-19654,-36
huawei,-30,226057770710185,40758946019,2024-09-04 06-43-36,105.174.223.167,140735060,internet,0.234.174.62,1603816846,1509101037,-22680,39
huawei,86,226052885501120,40750817451,2024-09-04 06-40-29,239.99.24.111,1708573524,internet,64.96.100.72,-713277931,-1016816196,-29089,-18
huawei,113,226058737726313,40703290887,2024-09-04 06-42-58,10.60.249.169,1504322505,ims,153.196.167.137,-6527114,1290799383,10913,86
huawei,-15,226059615744417,40794312686,2024-09-04 06-40-13,142.63.74.40,-1624882029,internet,154.121.3.155,1750291635,-1179919960,7540,-26
huawei,46,226059528522673,40799577432,2024-09-04 06-43-53,134.72.35.211,-1285619455,internet,150.106.23.98,-1427314249,1596397167,27889,90
huawei,-100,226058786064150,40787612148,2024-09-04 06-41-59,142.41.236.7,-586217761,ims,28.138.149.19,98217677,-245513013,-12692,-52
huawei,94,226053212552399,40797616483,2024-09-04 06-44-39,240.0.111.103,-1406468179,internet,0.180.31.140,-1192298892,872094380,27269,77
huawei,78,226056873459714,40724416374,2024-09-04 06-42-22,83.208.53.40,-295687219,internet,3.204.173.114,-394502153,298919420,-1735,79
huawei,105,226055850742616,40707162644,2024-09-04 06-43-51,70.178.242.198,-1123105334,ims,46.168.218.156,798855490,1166952480,-770,93
huawei,19,226059119550681,40702179080,2024-09-04 06-44-16,221.104.146.180,-1430125479,internet,48.24.89.131,-539912885,696377473,28857,45
huawei,-63,226052260277292,40736156091,2024-09-04 06-43-27,184.137.225.87,689423820,internet,31.5.243.51,-1018501957,-278451857,-19935,57
huawei,36,226058481638744,40731267897,2024-09-04 06-43-52,71.144.145.126,-653846273,internet,128.74.176.182,-264475524,156496421,-11933,-31
huawei,119,226058971193639,40711116737,2024-09-04 06-40-15,245.182.211.230,-1741646034,internet,2.115.21.76,-1281420933,293767668,-6439,-26
huawei,-19,226054709415245,40721701176,2024-09-04 06-42-53,56.160.108.230,-515462422,ims,224.66.207.114,-1840566572,1631439656,-5349,107
huawei,-44,226050244554508,40742302222,2024-09-04 06-43-05,216.100.236.175,-1845254170,ims,4.105.184.48,975818506,-1978502049,13613,92
huawei,-98,226051461157874,40728485754,2024-09-04 06-40-49,78.221.50.111,-56959667,ims,60.13.232.75,1901820851,-544852731,-8507,-34
huawei,-30,226051056137559,40777491199,2024-09-04 06-41-40,227.110.99.45,680179683,ims,14.22.140.137,-1853449036,2056024457,-17509,-75
huawei,76,226057486326537,40723673150,2024-09-04 06-43-13,6.177.154.100,-1533761195,ims,37.36.19.235,1806314986,1072796264,25851,113
huawei,-46,226059127832184,40737852858,2024-09-04 06-41-41,191.226.121.135,704363273,ims,6.194.113.145,748070265,2025603400,5155,106
huawei,-127,226050951968379,40745016378,2024-09-04 06-44-18,71.29.230.137,1707525761,internet,208.3.200.172,1570597863,851776747,-15803,67
huawei,-21,226052373528485,40750696517,2024-09-04 06-43-26,214.157.41.47,561924040,ims,242.157.176.161,1526396881,972030103,-26492,115
huawei,15,226052685035475,40740246883,2024-09-04 06-42-32,3.103.36.95,687344286,ims,145.118.230.63,348881086,-1029273189,20328,-18
huawei,-122,226054699698733,40794911007,2024-09-04 06-44-31,79.36.170.174,-550339600,internet,174.215.9.118,25538939,-1122467993,-26545,80
huawei,-126,226058581179263,40753848142,2024-09-04 06-44-57,135.153.212.131,-1307953812,ims,39.39.235.61,-1337329801,-1373535781,-4185,45
huawei,124,226053271285094,40751525414,2024-09-04 06-44-41,224.216.213.246,1434661320,ims,48.226.190.192,-677151809,-2072817395,-3310,68
huawei,27,226056226668530,40757389634,2024-09-04 06-44-53,238.98.113.234,704088602,internet,14.115.5.44,1324227450,1207230022,3740,13
huawei,-44,226056603094310,40784184455,2024-09-04 06-40-28,2.129.247.226,1810972751,internet,67.165.249.26,-486769374,1392696186,31842,44
huawei,120,226059318236317,40711450184,2024-09-04 06-44-17,110.91.42.199,-254400776,internet,195.192.57.112,592148156,-63525746,7933,-60
huawei,17,226058899622759,40749525514,2024-09-04 06-40-16,15.15.196.20,499806770,ims,28.205.44.7,1582654785,-1528378514,-4348,-26
huawei,-98,226051229424892,40780765937,2024-09-04 06-44-20,222.226.125.58,-762141189,ims,115.201.211.0,552978102,-1511053890,-28830,82
huawei,76,226057001503637,40714944933,2024-09-04 06-40-49,50.206.252.77,143961729,ims,1.101.103.251,1246474982,62056298,30967,38
huawei,124,226054065170608,40796249944,2024-09-04 06-43-29,190.55.229.100,583883088,internet,15.127.134.141,178931413,1707483930,29993,61
huawei,70,226058591733888,40783476274,2024-09-04 06-44-09,150.109.130.118,-1632870720,internet,199.50.216.33,1678417566,-943109694,-1817,-103
huawei,98,226059420052119,40755232817,2024-09-04 06-43-21,69.72.39.247,-115648561,internet,162.243.114.153,1998513030,-1127037900,8603,43
huawei,-1,226050522829169,40742140019,2024-09-04 06-42-02,111.186.187.220,-1271657723,internet,62.75.10.6,1880117907,631995738,-5932,63
huawei,-3,226054031107283,40741266617,2024-09-04 06-44-40,216.227.17.35,1625642661,ims,100.253.175.107,871133114,1091878417,32051,86
huawei,-67,226059793701149,40777871953,2024-09-04 06-42-04,140.40.29.104,1358907010,ims,196.39.1.186,-734111553,1316056976,-5921,-1
huawei,82,226056876440989,40722630528,2024-09-04 06-40-03,112.22.28.139,219316830,ims,222.223.107.232,1515877022,-1181759849,-14548,30
huawei,126,226055491296955,40745329938,2024-09-04 06-44-57,68.54.223.161,-778614648,internet,19.126.57.33,-55560001,-564130117,24703,16
huawei,-24,226052578734151,40779468153,2024-09-04 06-40-20,28.130.55.186,-776752906,internet,163.80.51.6,-2000357639,865375103,-24677,9
huawei,49,226052638170065,40784313676,2024-09-04 06-41-27,129.169.77.97,519121949,internet,237.50.48.245,316253335,29574854,-12221,-48
huawei,15,226051153489693,40721389819,2024-09-04 06-42-02,148.116.226.249,-1215703908,internet,119.206.41.220,-851637862,774079095,-20451,2
huawei,97,226053998881245,40798548651,2024-09-04 06-40-13,225.210.221.126,-932563117,internet,105.15.152.152,-2000506664,1851257477,26546,-35
huawei,-119,226051752205228,40706217174,2024-09-04 06-40-18,148.74.108.243,964158245,internet,65.37.94.41,-197807117,1074622342,30263,-59
huawei,-23,226053756418665,40799133414,2024-09-04 06-44-59,62.7.209.124,-458897557,ims,63.211.116.28,-322210939,-1178176170,-10551,-73
huawei,-17,226053980698169,40735763376,2024-09-04 06-43-49,143.244.47.120,1595347305,ims,246.250.37.150,-721045499,-703230994,-1172,-16
huawei,-97,226055467199998,40738602625,2024-09-04 06-42-44,19.123.121.222,-11038935,ims,246.248.165.194,-424640263,331149522,-674,-69
huawei,-63,226052048293174,40749596041,2024-09-04 06-41-38,190.108.42.63,514879280,ims,48.145.131.174,-1920968263,230513182,437,-4
huawei,-58,226059121677560,40747988364,2024-09-04 06-40-51,187.221.78.104,1089225220,internet,115.122.109.186,-1230964175,-237636529,-31873,117
huawei,100,226058448550367,40741970512,2024-09-04 06-44-48,119.68.113.186,-257992254,internet,4.178.165.151,1983161371,-1842157417,16893,-36
huawei,41,226051239219328,40729586846,2024-09-04 06-40-28,245.145.142.171,1427531300,ims,87.10.250.128,1790070404,-710275699,2871,-97
huawei,-51,226058477171430,40741862574,2024-09-04 06-43-24,75.40.227.144,-1332212896,ims,254.143.67.187,612006897,-2135167183,-6411,-83
huawei,16,226057908961576,40787163615,2024-09-04 06-43-21,127.230.3.92,-275630448,internet,122.212.130.182,-639647878,761589063,31769,-38
huawei,15,226053043412571,40736649370,2024-09-04 06-41-28,22.192.150.176,1988446040,internet,160.253.136.117,-1913310610,-1722618149,12035,-96
huawei,106,226054891000340,40733526428,2024-09-04 06-43-09,100.244.173.161,1083691690,internet,134.219.190.75,1753962099,-1447361046,-12301,90
huawei,-44,226050343406027,40705336717,2024-09-04 06-41-32,25.136.164.35,-26939882,ims,39.90.124.254,1452839287,575076564,14461,6
huawei,105,226050674581808,40779241784,2024-09-04 06-42-05,29.35.34.228,-848106680,ims,242.16.119.159,607896491,1164402811,-20151,29
huawei,10,226054417362540,40742919426,2024-09-04 06-40-25,78.120.237.184,464968142,internet,168.162.171.36,-1959279167,-410892919,-4021,82
huawei,25,226058375497177,40763065577,2024-09-04 06-40-08,148.56.242.37,762270228,ims,181.159.164.232,330498904,456735804,-1459,-65
huawei,97,226059971899290,40730671693,2024-09-04 06-43-12,79.126.42.245,1284330172,ims,226.74.50.31,1115156254,181631881,18743,8
huawei,-112,226052998774741,40749781894,2024-09-04 06-40-31,43.27.54.204,1505735787,internet,68.66.195.52,-1975652536,-1489830914,13019,-89
huawei,-46,226051099352891,40783029292,2024-09-04 06-45-00,73.213.18.93,1015726160,ims,86.98.176.76,-1944287796,1902414069,16330,25
huawei,-31,226059156501189,40746708203,2024-09-04 06-42-12,27.162.173.143,-445955498,internet,98.57.15.13,956226047,672942556,20986,66
huawei,60,226052813689028,40787797380,2024-09-04 06-42-45,99.238.53.144,-524936253,internet,163.42.65.72,1169091213,-188466715,-1817,-121
huawei,-55,226056511590075,40794191440,2024-09-04 06-41-55,99.96.201.123,-706672442,internet,79.255.42.131,-1539367161,698428877,1042,-61
huawei,-31,226055453636535,40778261210,2024-09-04 06-43-59,229.19.135.121,-1669878838,internet,160.102.232.84,-894207317,336399184,-31458,-115
huawei,-67,226056495518976,40790411738,2024-09-04 06-44-19,88.120.89.56,-1297838622,internet,3.118.104.187,-1151753295,1237371693,20188,104
huawei,84,226052246512373,40757767917,2024-09-04 06-44-50,50.229.232.192,1744113128,ims,172.132.61.197,-1281705926,-1712789436,15642,-77
huawei,52,226056944683209,40796188204,2024-09-04 06-40-15,76.230.168.240,231681919,ims,15.164.12.155,2096770287,2027345395,-10549,87
huawei,125,226058404564769,40718812645,2024-09-04 06-41-16,42.70.0.119,1081881341,internet,237.96.88.111,937124300,566606433,9245,76
huawei,-128,226055639812069,40756474537,2024-09-04 06-40-06,235.215.253.31,1651984918,internet,251.234.107.199,-636618779,514616208,8106,-107
huawei,-51,226050236804022,40782998978,2024-09-04 06-43-34,85.128.230.184,-1185271118,ims,213.1.198.71,-145014827,-1073318858,-3143,124
huawei,-69,226051563600499,40733398964,2024-09-04 06-44-00,7.158.107.80,-1371843929,internet,46.127.200.228,-103756078,31733895,12988,-53
huawei,78,226054726496363,40701189648,2024-09-04 06-41-56,112.246.172.71,571541696,ims,93.94.253.231,-2063215793,-570418350,25579,-1
huawei,-31,226055087147098,40756549147,2024-09-04 06-41-39,29.167.177.215,1792621477,ims,186.65.227.25,233552210,1467177149,18205,-104
huawei,-63,226051818305325,40721990956,2024-09-04 06-42-37,128.94.198.71,695378783,ims,100.105.230.31,-1123030414,478807005,27486,49
huawei,-70,226057323714644,40762562348,2024-09-04 06-43-11,149.31.225.181,598308347,internet,121.125.205.248,33993622,455033374,-6811,31
huawei,-42,226059261967343,40763608600,2024-09-04 06-40-30,153.255.62.192,-1778095262,internet,83.14.234.109,368328411,1925334053,7674,-20
huawei,14,226059327012655,40797958871,2024-09-04 06-43-17,116.37.250.3,1006950250,ims,197.39.227.235,57863045,800635654,20096,-68
huawei,-62,226057107425985,40724992727,2024-09-04 06-43-17,70.209.20.147,1558422807,ims,146.37.34.187,-1092534562,-1225646475,-14641,34
huawei,-66,226058549587867,40745213915,2024-09-04 06-44-57,224.96.130.26,1017965170,ims,200.146.165.74,-158676164,-1720045975,11393,-66
huawei,-73,226051923579498,40737453816,2024-09-04 06-43-35,203.145.22.169,2087780700,internet,126.107.26.246,1824959688,-662463097,29656,-47
huawei,-46,226055842946003,40702756036,2024-09-04 06-40-16,182.54.45.230,-2045886470,ims,80.106.13.22,-58572028,-478717719,-1401,-20
huawei,121,226055021659821,40708186021,2024-09-04 06-44-41,62.98.55.214,-169987129,ims,137.3.168.137,-1044962371,396673737,3936,12
huawei,41,226053174669191,40732159425,2024-09-04 06-43-15,54.44.160.212,-2061579281,internet,242.167.218.45,1948586470,-1386812136,1242,26
huawei,116,226056018371787,40789263024,2024-09-04 06-40-05,213.28.210.11,-202241595,ims,249.149.186.68,1770286479,1350340492,-1592,15
huawei,30,226057364856464,40701069056,2024-09-04 06-42-28,92.50.70.148,-954253259,ims,208.1.152.247,97737649,-629896459,17741,-70
huawei,55,226058406688252,40726107673,2024-09-04 06-42-49,61.95.26.255,-406269379,ims,124.170.159.177,-578413950,-1768383195,9714,-55
huawei,-119,226057499672926,40788483485,2024-09-04 06-43-21,20.145.120.44,1890479431,internet,27.248.215.187,-814454510,1036983614,13035,-112
huawei,-48,226059093307314,40748145062,2024-09-04 06-42-20,145.213.11.50,1965107649,ims,71.82.112.173,-1105868608,1576595641,-29585,-88
huawei,-52,226058436351462,40712767926,2024-09-04 06-40-29,126.43.90.128,439525333,ims,154.124.221.237,-1295285546,961796227,18257,81
huawei,94,226057819029479,40782381717,2024-09-04 06-43-43,32.165.211.60,-32343086,internet,23.238.218.201,-1358108359,-752022829,9239,-56
huawei,103,226059243554743,40797830972,2024-09-04 06-42-47,177.49.177.179,-864857011,internet,173.63.172.134,-81265709,242315781,12705,40
huawei,-102,226058346619399,40781695497,2024-09-04 06-44-15,33.152.15.46,-824339566,internet,225.29.227.134,-210102688,151770183,-12216,-10
huawei,38,226058629402036,40749061277,2024-09-04 06-43-31,86.227.139.91,1964207724,ims,175.235.176.197,-1009601809,-1292255227,271,100
huawei,-107,226056291415379,40741812117,2024-09-04 06-40-40,42.144.157.186,1378189630,ims,16.170.127.197,-1636243398,-177223420,-27454,-119
huawei,-64,226056729495647,40704641279,2024-09-04 06-43-23,56.111.255.45,-394330969,internet,42.70.184.110,-1349837042,788103626,-16428,94
huawei,-98,226054445937906,40785609700,2024-09-04 06-43-56,109.33.201.9,-1989673685,internet,154.235.125.138,863924584,-1816998431,19003,-83
huawei,55,226052330202899,40765536034,2024-09-04 06-44-34,194.204.238.126,-1931573384,internet,237.34.186.61,-1739774267,786923759,25448,-77
huawei,109,226053197950492,40783914434,2024-09-04 06-40-25,163.121.114.71,-1711766904,ims,54.93.45.121,428373399,-151126470,32396,98
huawei,-83,226059936082161,40787851709,2024-09-04 06-42-21,22.66.213.203,-1531317607,ims,56.1.84.135,3894990,612787590,6034,79
huawei,-100,226051295252088,40760408433,2024-09-04 06-41-56,101.160.90.82,1887601193,ims,235.61.247.132,-254926357,1426096108,-27379,-96
huawei,10,226056363025568,40762968694,2024-09-04 06-43-25,77.29.182.92,-1429208688,ims,232.13.215.82,-595305373,2129206774,-17240,79
huawei,-95,226056173498773,40796757716,2024-09-04 06-41-13,30.90.26.211,-548832476,internet,242.193.78.50,-1801803533,-947205515,31416,-56
huawei,-90,226054213445251,40712561318,2024-09-04 06-40-59,57.61.133.205,-1853413441,ims,154.12.219.187,1117572684,-35474484,9115,29
huawei,-103,226056496909200,40791063874,2024-09-04 06-40-59,203.134.26.208,1085049020,ims,158.40.164.199,-1838647417,1094106760,-900,-122
huawei,-113,226057213579559,40772613609,2024-09-04 06-43-13,106.153.55.130,-2037135165,internet,93.163.210.39,-1291664777,610386490,-10141,38
huawei,-85,226053987954183,40791201628,2024-09-04 06-43-42,198.95.241.169,1363138949,internet,70.253.49.128,392797247,946772221,-29751,116
huawei,-114,226055467839442,40788494012,2024-09-04 06-42-50,151.211.250.6,-780183178,internet,215.232.114.89,-394314942,2106084888,-31519,-9
huawei,59,226057980372563,40762349448,2024-09-04 06-40-17,247.161.26.82,-1210761329,internet,29.62.193.68,1029787784,-1240349355,23513,-84
huawei,16,226050826378263,40776272967,2024-09-04 06-43-48,94.213.169.246,2096756361,ims,221.110.93.27,552022383,988645488,20886,88
huawei,-44,226059831867529,40794988480,2024-09-04 06-44-51,174.170.117.51,1206595745,internet,114.96.24.97,16580729,-836330744,-7719,46
huawei,-35,226050289940632,40790727844,2024-09-04 06-42-18,186.234.75.172,2035117437,internet,53.112.64.77,156079731,987136294,-29643,38
huawei,50,226050698789864,40717831482,2024-09-04 06-41-46,113.89.233.111,2059391514,ims,72.22.56.192,-825717123,-1677437478,12723,44
huawei,-101,226051387903676,40763480527,2024-09-04 06-42-03,196.116.79.212,-513530222,ims,223.239.121.29,-908994214,675885404,-11172,-114
huawei,-56,226052488934660,40722681786,2024-09-04 06-41-12,234.105.84.73,2109920347,ims,195.131.129.241,-1891026717,1660768652,12905,-31
huawei,42,226056218733072,40784304300,2024-09-04 06-42-51,121.9.50.90,1904298613,ims,113.6.144.8,900424817,2059860998,30608,88
huawei,70,226050565100884,40721500968,2024-09-04 06-44-24,193.63.90.196,360754404,internet,181.137.102.146,82406594,-418421526,19346,-37
huawei,-26,226057165045280,40728557021,2024-09-04 06-43-35,250.112.201.195,-563541924,internet,64.161.183.172,-787588254,710230282,-9649,-52
huawei,104,226051529396807,40786400994,2024-09-04 06-43-47,251.168.234.158,6790074,internet,140.146.7.45,1272111088,29938222,-11455,118
huawei,-98,226055945693202,40753394573,2024-09-04 06-41-02,135.182.179.28,-740761572,ims,3.55.196.236,151213687,1558907000,-31692,92
huawei,103,226058005286521,40752159731,2024-09-04 06-40-43,252.216.185.77,-308035963,ims,5.173.1.174,-1574741925,-592696332,4991,-124
huawei,29,226050083322083,40705226994,2024-09-04 06-44-11,30.1.139.247,615524191,internet,62.190.80.93,1787044882,-1465322936,-7650,41
huawei,58,226055524393801,40720723151,2024-09-04 06-42-24,150.183.24.156,-995520373,internet,61.115.122.154,893477710,362992830,14068,-102
huawei,-109,226058495375145,40772631279,2024-09-04 06-43-23,76.93.211.43,153353243,ims,244.133.170.126,1598723756,-672062446,29232,-71
huawei,-114,226053839084737,40707768298,2024-09-04 06-44-43,152.124.178.33,-1887780292,ims,160.255.8.1,-1289301183,82516377,-18305,-38
huawei,23,226055930541985,40742838403,2024-09-04 06-40-06,252.18.120.192,-964522845,ims,181.19.53.78,-1642284455,-345832838,-6610,74
huawei,25,226050648519738,40731659447,2024-09-04 06-43-23,166.193.231.243,-723133374,ims,67.172.34.182,-1954061296,-1399435005,-28658,23
huawei,-73,226051862825064,40795163618,2024-09-04 06-44-12,57.228.252.133,-1339595031,internet,170.41.213.148,1411222664,1772659349,-18072,-84
huawei,-34,226059541953674,40766163365,2024-09-04 06-41-29,48.53.161.247,1607094419,ims,238.19.167.79,1573850592,450715226,5974,52
huawei,-50,226054994784558,40743472933,2024-09-04 06-44-56,31.74.53.83,1828199056,internet,52.173.70.182,-206425165,-1149495788,13144,-30
huawei,-36,226051972633177,40727210449,2024-09-04 06-40-43,189.75.126.46,-1138269474,ims,128.218.92.111,-1296993600,128279701,21769,54
huawei,84,226050982628656,40776844687,2024-09-04 06-43-06,61.207.109.10,1060159573,ims,162.215.197.233,380993352,-1654237658,-3629,-103
huawei,59,226054567284924,40746767199,2024-09-04 06-44-38,127.166.191.28,609168891,internet,223.29.189.225,-1874775201,180883134,65,-75
huawei,-49,226052180065606,40707097565,2024-09-04 06-41-51,197.100.217.74,1844480485,internet,188.156.237.0,-538014108,1328642424,11137,-84
huawei,-126,226051865782601,40709675111,2024-09-04 06-40-16,33.93.240.108,621454633,ims,41.155.224.93,-951026801,-769396546,-29714,124
huawei,-45,226053170868032,40779473103,2024-09-04 06-41-18,51.188.188.14,421129313,internet,12.117.28.75,1797790833,819526869,19714,-23
huawei,32,226056731357584,40744116956,2024-09-04 06-44-14,92.18.9.187,-675000475,internet,26.109.253.2,-752290360,-1530309774,27570,-73
huawei,-12,226059780647981,40701889946,2024-09-04 06-44-16,24.240.200.29,130174366,ims,190.122.118.66,126588808,2047920399,1816,-60
huawei,-118,226058319116496,40707802919,2024-09-04 06-41-44,125.204.18.82,1757574674,ims,168.22.211.42,-75721943,-1704407179,-15751,84
huawei,114,226053565513688,40778497410,2024-09-04 06-44-38,194.11.20.175,-780649166,internet,138.29.92.217,-591917887,-980533508,371,96
huawei,18,226051937742159,40767709835,2024-09-04 06-41-51,187.124.244.8,1940372513,internet,31.51.232.81,-226975267,-299967684,15936,92
huawei,105,226054650527574,40786755633,2024-09-04 06-42-37,169.187.126.245,1615004647,ims,44.38.92.94,402230874,771017739,6393,-50
huawei,2,226059809031255,40732430685,2024-09-04 06-42-03,128.24.235.117,-524211788,internet,68.247.197.236,980318717,-443726064,8254,-12
huawei,124,226054162276005,40700157852,2024-09-04 06-43-35,92.54.69.77,-466002605,ims,183.126.152.234,949903264,-931174508,16131,-80
huawei,-75,226054058672484,40788534416,2024-09-04 06-40-08,78.246.179.155,1850630827,internet,0.176.57.241,-1391340208,953381604,-28839,57
huawei,-37,226058288494627,40792852321,2024-09-04 06-42-52,15.81.228.139,-1928451812,internet,53.17.70.210,-1015039121,753987389,22796,24
huawei,60,226058865099381,40797069622,2024-09-04 06-44-27,95.49.116.34,-239650348,ims,92.98.12.238,-352576551,714445189,-25866,-100
huawei,53,226056696909369,40720141849,2024-09-04 06-40-35,193.253.244.225,-1041473566,ims,21.124.102.128,189440819,-1105797229,-17791,-112
huawei,124,226055798251470,40726427324,2024-09-04 06-41-02,189.166.3.185,1207809704,ims,29.76.57.95,-801420579,2005280660,28402,-75
huawei,51,226054540256125,40771485957,2024-09-04 06-41-54,39.64.116.146,-1826261376,internet,169.8.245.71,1249759815,2010526914,-885,126
huawei,-106,226058713078368,40748388053,2024-09-04 06-40-50,77.6.147.238,-1905935941,internet,206.51.21.55,-1816106990,1208722420,23118,86
huawei,86,226055383118130,40750735660,2024-09-04 06-44-38,237.240.8.60,-474658275,ims,97.110.44.31,1282202328,279835865,8907,42
huawei,-71,226055757036146,40799670720,2024-09-04 06-44-00,55.147.69.0,898573329,ims,58.219.215.102,686540054,158531525,-23507,98
huawei,100,226053707680265,40711771417,2024-09-04 06-42-45,32.229.161.73,-2003248403,ims,234.101.216.114,-1139149191,803327039,-2804,-62
huawei,-64,226056914766612,40789897796,2024-09-04 06-43-06,31.128.224.8,1447229066,internet,30.161.100.243,-1469326713,-1764507953,15630,124
huawei,114,226055975076225,40714538376,2024-09-04 06-43-01,109.143.194.135,25166911,ims,130.37.75.208,-137121475,1004465097,-24037,-10
huawei,105,226052715040883,40751032454,2024-09-04 06-42-02,187.29.53.204,2052674425,ims,252.184.211.161,4771895,375412810,13835,3
huawei,-101,226052681620920,40726049642,2024-09-04 06-43-01,228.202.164.26,1120344531,ims,101.179.155.119,-42336866,1228219607,6609,-51
huawei,113,226055949148899,40791089831,2024-09-04 06-43-16,97.127.25.197,1701648329,internet,11.63.100.104,-1706367004,-970614727,18941,78
huawei,107,226053767612316,40748399455,2024-09-04 06-44-05,71.66.106.180,-812795666,internet,53.173.200.190,562087651,412178317,-25877,114
huawei,-68,226053008905582,40760431680,2024-09-04 06-42-46,55.195.97.113,1828100134,internet,184.182.82.7,-1364291355,205964435,26760,-127
huawei,4,226050685980201,40771690366,2024-09-04 06-43-42,183.67.99.202,-2004985543,internet,7.150.69.173,312672961,-1688108373,22377,-99
huawei,115,226058083598239,40734277857,2024-09-04 06-40-44,30.62.146.66,1486556536,ims,192.243.162.15,-550290734,988597016,3851,77
huawei,-119,226058522719671,40792795962,2024-09-04 06-43-45,203.175.221.119,-1779694893,ims,69.134.104.140,-624560281,1079538500,-26985,57
huawei,41,226053746711355,40797099219,2024-09-04 06-43-17,250.113.201.45,2021605967,internet,122.23.233.8,247490264,1740233928,15967,7
huawei,-121,226058105955125,40713916123,2024-09-04 06-41-04,30.232.31.151,1725378999,ims,150.68.15.48,440982873,303336714,-6231,-91
huawei,-111,226050576257873,40755594163,2024-09-04 06-43-51,246.228.224.144,1633464337,ims,77.227.198.55,-587735983,-1640276737,-1130,-84
huawei,-114,226055437832691,40761339461,2024-09-04 06-42-56,120.106.114.153,781199399,ims,38.156.120.190,1573366343,-1697431938,31109,81
huawei,83,226057788547798,40706635458,2024-09-04 06-44-31,44.142.182.196,-1893414616,internet,175.73.203.120,-441412476,-1645587518,-10521,37
huawei,-113,226054063190219,40715956821,2024-09-04 06-42-05,205.48.127.139,265213682,ims,232.115.132.169,1183320525,-1444513039,5795,-3
huawei,-113,226051112295499,40781220365,2024-09-04 06-40-36,186.61.112.19,-1757399248,ims,199.123.26.215,-1715548678,223266558,56,86
huawei,-96,226056112301494,40766291416,2024-09-04 06-43-18,104.94.63.7,207673772,ims,16.17.152.204,1525102974,-1297639631,-16219,9
huawei,-48,226059296003612,40770315276,2024-09-04 06-43-59,9.54.253.6,1460322688,internet,169.149.27.223,-1151385138,151993053,20985,119
huawei,35,226055664172677,40772525179,2024-09-04 06-40-14,109.189.158.77,-974982356,internet,58.115.90.163,-107220836,-116391033,-4899,-81
huawei,-112,226053646127753,40783677032,2024-09-04 06-40-18,7.175.246.85,725118483,ims,54.186.53.91,2128857189,-1288113676,15973,37
huawei,-42,226058689169774,40732775745,2024-09-04 06-42-55,67.65.41.245,-1215868849,ims,208.111.22.98,-1958955708,-2038415761,9217,68
huawei,46,226051331808506,40790632846,2024-09-04 06-43-26,171.179.169.171,528702957,internet,171.64.95.54,1335770787,373829232,-27831,-22
huawei,64,226052566072323,40782559560,2024-09-04 06-41-30,176.233.229.35,-531420453,internet,22.66.99.62,1692441054,240339386,-8053,-115
huawei,-50,226052682793187,40725934262,2024-09-04 06-43-46,124.22.5.70,1221575420,ims,144.58.72.137,11186842,-2086708712,23968,-98
huawei,60,226054417321313,40787341425,2024-09-04 06-41-29,44.128.15.112,1720608570,ims,153.244.215.49,-220148438,-627629434,22489,58
huawei,71,226055591434282,40792414022,2024-09-04 06-42-30,33.87.197.247,-1230027428,ims,37.112.162.35,165903226,-826853448,381,-53
huawei,-126,226058748405079,40788613980,2024-09-04 06-41-32,2.113.104.40,1028224585,ims,182.120.108.135,236834830,766546186,29531,-23
huawei,56,226050722898920,40726883817,2024-09-04 06-42-38,244.180.213.10,-876681496,ims,96.5.51.75,2037729758,365602603,14996,25
huawei,74,226057568080658,40745539796,2024-09-04 06-43-42,135.89.67.209,-487968104,ims,15.42.86.105,-1210903700,-781048583,21561,-49
huawei,-107,226058743599126,40746692428,2024-09-04 06-40-02,239.121.189.127,601312080,internet,43.100.9.18,-1376878944,-1022091196,-5819,63
huawei,-76,226058599609204,40791461636,2024-09-04 06-43-42,38.136.205.164,1787933191,ims,156.36.243.72,1058582356,1125355310,-13123,1
huawei,-115,226051178650866,40773908114,2024-09-04 06-42-36,44.151.192.53,-206748142,internet,162.116.175.14,-579380850,-914138747,-29022,-126
huawei,-94,226051733740116,40736169567,2024-09-04 06-42-28,219.20.236.3,996424725,ims,149.28.74.210,-1052326859,-1970171307,-11635,104
huawei,68,226052931861948,40741852344,2024-09-04 06-43-21,207.228.249.84,781426021,ims,188.98.55.175,112199208,660222601,-21198,61
huawei,-67,226059977998415,40765436567,2024-09-04 06-40-15,152.88.114.22,629332514,ims,207.197.201.164,686225892,93564295,-15734,-91
huawei,-45,226056244737519,40736187931,2024-09-04 06-41-10,74.104.159.147,1918538973,internet,68.208.213.238,-1821825078,1450678772,21066,15
huawei,-3,226054998746515,40741451768,2024-09-04 06-43-10,127.225.66.76,-1377899962,internet,219.99.205.126,-463525290,-1424216732,-6711,-120
huawei,-39,226054895034701,40759933171,2024-09-04 06-44-54,93.243.191.189,698872650,internet,54.194.199.191,-569357150,-1254050814,-5066,-43
huawei,-59,226054299695968,40777047244,2024-09-04 06-42-09,171.77.244.138,-1313216103,ims,232.35.0.222,748247743,1157687630,12261,-73
huawei,64,226056558924458,40732107218,2024-09-04 06-44-53,177.30.44.92,2130749864,ims,110.158.241.90,-1926559968,-1271337460,25685,-68
huawei,85,226059171010826,40780257102,2024-09-04 06-40-56,201.214.22.33,-1506760668,internet,212.103.47.241,331319778,-632061769,22090,56
huawei,-25,226057423882453,40735752823,2024-09-04 06-42-39,141.68.88.72,362518010,internet,218.249.13.26,-1005037013,2071459604,21902,113
huawei,111,226059395544493,40742092044,2024-09-04 06-42-14,155.110.251.126,467707340,internet,156.53.180.96,1669728498,-1183922512,-29138,-69
huawei,-15,226057900754215,40728764332,2024-09-04 06-44-23,74.48.143.0,1358429614,internet,81.58.47.143,-1858765716,376227624,-28228,-87
huawei,-102,226051991489830,40786463049,2024-09-04 06-43-31,104.197.67.9,1523524219,ims,9.195.114.86,335626362,-767778377,-14876,-32
huawei,-68,226055911676188,40792773140,2024-09-04 06-42-49,173.220.24.74,-466174736,internet,18.198.137.191,759327130,794591321,-22996,60
huawei,36,226052413316314,40733369295,2024-09-04 06-42-34,75.126.61.214,-1428301773,ims,249.77.156.137,-2076190050,1589081454,2352,96
huawei,-96,226053272364667,40715229156,2024-09-04 06-42-24,61.65.220.222,2089754411,ims,102.239.195.73,-764330413,1460601439,21024,-116
huawei,52,226055054116509,40716865053,2024-09-04 06-42-56,70.90.81.153,-1801750618,internet,160.150.11.158,-651964281,1779208285,6537,102
huawei,-30,226055614780854,40727700586,2024-09-04 06-44-25,167.185.211.117,-230685846,internet,156.70.137.107,-730317886,718765936,23501,50
huawei,81,226056019772778,40765611442,2024-09-04 06-41-49,165.195.174.77,424484636,internet,6.128.201.251,1964558786,-1075998403,3114,50
huawei,7,226054759450879,40797575328,2024-09-04 06-43-56,149.30.130.103,-889302503,internet,205.215.78.169,-1843080069,-444524555,27626,21
huawei,62,226050164176828,40784727934,2024-09-04 06-40-03,92.112.194.64,-626318515,ims,2.120.236.199,-1364421626,-1326854870,-23239,-112
huawei,98,226058544119305,40762171803,2024-09-04 06-40-11,20.233.8.227,-765285657,internet,176.56.225.107,-559247895,1124841904,26699,-127
huawei,-17,226054677313229,40734256489,2024-09-04 06-40-43,238.117.157.151,-617741927,internet,85.7.62.153,1381350910,1524584406,1047,-112
huawei,26,226055850523735,40754453530,2024-09-04 06-42-05,175.238.89.135,-604586501,internet,215.116.21.112,902220410,-1080346267,-17906,74
huawei,-24,226058196205345,40732543423,2024-09-04 06-42-44,191.196.176.248,-30123497,internet,120.249.145.24,-534861307,-61016146,32282,116
huawei,-4,226057096543338,40751807246,2024-09-04 06-42-23,239.115.231.9,743190247,internet,84.225.170.216,1212513797,786866592,15430,124
huawei,70,226058282130959,40753664734,2024-09-04 06-42-38,151.234.108.244,-749989620,internet,194.237.242.140,-162969079,1578182206,-7774,-54
huawei,61,226055893512458,40791447141,2024-09-04 06-44-44,76.38.54.136,-1222893613,ims,26.247.137.187,-355772441,-1580715621,3133,30
huawei,-45,226057674906130,40759998662,2024-09-04 06-42-00,198.246.90.16,2102533491,internet,164.109.125.212,1591942744,1801587777,-18176,-111
huawei,106,226057463954525,40708939007,2024-09-04 06-41-23,48.31.18.99,-1350820733,internet,84.6.96.90,2065350138,1932832721,32261,93
huawei,107,226058296392718,40744211463,2024-09-04 06-40-21,65.194.128.201,-1281577627,ims,173.96.238.159,1252806900,1911654865,-17230,-99
huawei,-115,226055977453710,40751540623,2024-09-04 06-41-27,118.4.168.63,1227840243,internet,99.4.243.30,1939785961,825019421,-29931,102
huawei,-45,226051162158119,40754450322,2024-09-04 06-40-35,40.10.173.184,-1961885477,internet,47.142.71.63,1724484021,-1888316473,4337,9
huawei,37,226058917206611,40703517195,2024-09-04 06-42-14,228.171.62.224,1882835993,ims,160.55.36.251,-1955529993,-1307301374,-12031,-8
huawei,102,226053848296389,40708368418,2024-09-04 06-43-21,156.116.141.83,350024494,internet,194.32.85.123,-449196383,2012746453,11080,-35
huawei,46,226056926288840,40767865216,2024-09-04 06-43-07,120.160.163.75,-1538010668,ims,99.86.216.74,-664511001,1390835463,2754,54
huawei,43,226052354265105,40703406437,2024-09-04 06-44-04,101.93.211.72,-1266310565,internet,85.147.15.43,1028669811,-2083795377,7405,-84
huawei,-5,226053946238649,40765092097,2024-09-04 06-40-13,107.134.176.190,-1446970455,internet,165.57.200.46,-1459047562,1200917794,-10552,-38
huawei,16,226056882248246,40708483455,2024-09-04 06-41-18,121.144.130.44,-459623448,ims,185.13.86.109,145558061,1526896157,-18580,68
huawei,-11,226056284035554,40729485783,2024-09-04 06-43-37,142.195.13.154,1837425187,internet,83.224.85.169,1967475764,1436234823,-22197,51
huawei,-6,226057824458118,40741855978,2024-09-04 06-43-44,165.174.244.144,1779182034,internet,192.241.249.65,-791516502,-1847018457,-1271,-122
huawei,-123,226055757769131,40778555537,2024-09-04 06-42-01,236.87.91.180,-159773556,internet,22.234.95.196,-571268899,599212876,-2796,103
huawei,-97,226059244001156,40755074098,2024-09-04 06-41-52,233.91.114.44,1491087941,internet,76.155.222.163,-1767793841,-1776596134,20844,-45
huawei,113,226052550183345,40706050322,2024-09-04 06-44-49,144.142.39.190,1808634173,internet,108.120.46.218,-1048812006,24960683,16583,-96
huawei,-25,226059236584307,40716332423,2024-09-04 06-41-38,184.137.2.134,-1859825702,ims,66.182.157.33,1032684692,297275295,15541,24
huawei,-49,226059441102667,40768786594,2024-09-04 06-44-02,130.193.230.185,-1773799589,ims,232.130.87.6,300450852,-515855047,29512,-62
huawei,-32,226054325062374,40700083210,2024-09-04 06-40-53,44.101.27.98,586290881,ims,209.224.108.119,-20509488,926003915,673,126
huawei,-18,226053034854656,40739076090,2024-09-04 06-41-35,127.162.53.67,-920128845,ims,57.80.30.32,472163535,559818598,-25438,-33
huawei,75,226056987099239,40732800731,2024-09-04 06-40-04,107.175.201.46,-2082012327,ims,184.21.20.19,-1751725656,593279307,-14393,89
huawei,40,226055535314389,40765535242,2024-09-04 06-43-05,219.213.168.176,-723405056,internet,246.32.64.254,1807765838,-864852604,-31152,125
huawei,57,226057687169446,40762138134,2024-09-04 06-40-19,206.55.111.21,-2038609818,internet,106.173.80.119,1872908211,1306283901,-28164,56
huawei,-84,226054572990402,40726323724,2024-09-04 06-44-13,109.96.26.91,-507358867,internet,101.5.246.33,307051263,2143459095,-6167,119
huawei,54,226059101623296,40788685890,2024-09-04 06-44-05,185.195.250.58,2026791363,ims,5.194.33.217,1345828236,1355723834,16752,-15
huawei,-25,226057078667940,40748137138,2024-09-04 06-44-25,233.160.206.76,-112862826,internet,38.169.155.144,-2036054643,187157857,4359,-25
huawei,109,226055592947293,40755915688,2024-09-04 06-45-00,156.17.148.203,-1070140107,ims,136.109.45.193,-36366015,-78940787,-2534,5
huawei,-17,226051897625023,40757944910,2024-09-04 06-40-05,66.7.146.49,884998845,ims,245.20.45.35,-1898032026,-466120213,-17022,116
huawei,16,226053187149600,40774643184,2024-09-04 06-41-17,108.135.12.72,1592477554,ims,171.225.113.128,-1677682188,-437215584,31215,66
huawei,-82,226056718061948,40775587027,2024-09-04 06-41-23,214.146.238.146,-402448525,ims,110.237.113.226,-1143022077,-1755577091,20394,-77
huawei,28,226052957413670,40742310882,2024-09-04 06-42-29,236.44.254.164,721007473,ims,118.108.15.229,127409242,1218710052,-26871,71
huawei,-126,226051055367811,40769902969,2024-09-04 06-42-23,167.61.165.117,-921163367,internet,232.232.10.29,2106231217,-1228012099,19332,-36
huawei,-114,226051044854019,40700387114,2024-09-04 06-41-59,87.105.234.176,-168327383,ims,42.97.229.202,-701603378,1225231865,12892,-121
huawei,13,226051453610929,40725765552,2024-09-04 06-41-35,119.219.240.153,-394279181,internet,94.61.86.195,-199044951,1344330370,23138,44
huawei,19,226053868614713,40790846623,2024-09-04 06-44-53,229.147.106.46,1319801949,ims,41.20.168.136,794521998,-571476338,18879,62
huawei,121,226055220203846,40769855107,2024-09-04 06-41-10,52.38.92.127,765666478,ims,54.119.202.118,-1879919582,1109514128,-27365,-96
huawei,84,226059212221781,40739541949,2024-09-04 06-43-11,127.48.232.70,383187766,internet,32.225.103.207,-818792361,-1899571269,1874,-17
huawei,-5,226054589001922,40771547857,2024-09-04 06-40-03,105.69.66.131,1019405147,internet,233.35.212.61,1519379520,1222787588,15278,-92
huawei,-103,226052200430792,40753969645,2024-09-04 06-43-40,204.246.33.104,1373972386,ims,152.95.197.21,1926332889,-1599529103,-19492,48
huawei,87,226051780157097,40746424713,2024-09-04 06-41-22,197.69.129.118,222910898,internet,156.199.19.91,-684652025,-1180943657,-23324,66
huawei,11,226053195550613,40734527516,2024-09-04 06-43-39,141.174.239.249,-143583486,internet,214.94.245.251,-145409644,703474406,-2567,30
huawei,-31,226054216323334,40784398587,2024-09-04 06-43-02,29.12.132.74,876796276,ims,250.104.163.197,-2044025943,-1372116736,-17879,-95
huawei,-8,226056082960106,40761244082,2024-09-04 06-43-27,60.47.127.213,559226137,ims,74.44.127.104,774493160,1814923726,-17128,-70
huawei,71,226053195747080,40753047598,2024-09-04 06-41-54,255.28.76.232,-1594727459,ims,76.186.125.154,-1047108402,-259430671,-18711,42
huawei,121,226055082334678,40756648819,2024-09-04 06-42-14,55.134.181.230,1674443353,internet,83.118.8.156,-399803994,2124270740,240,-127
huawei,119,226057280919809,40777356105,2024-09-04 06-44-10,101.197.255.173,1300313919,internet,23.143.193.36,1438388260,376387688,6551,80
huawei,24,226055300531917,40782214279,2024-09-04 06-41-52,136.114.196.239,-2017746872,internet,168.105.5.28,-1216571813,-1535307275,-24717,60
huawei,-79,226050777899815,40700047632,2024-09-04 06-40-43,77.43.49.46,-1588350455,internet,209.105.84.207,-1841348654,-571979791,12972,80
huawei,109,226054575757558,40783370746,2024-09-04 06-40-24,237.147.78.18,246931662,ims,249.47.214.52,2084515257,-2085883019,3755,-103
huawei,-115,226058328407317,40772725049,2024-09-04 06-40-06,166.110.19.202,-1992095115,internet,79.34.122.123,1778935253,-114516480,29561,-115
huawei,82,226051299062725,40722190399,2024-09-04 06-40-43,72.122.215.17,-1390351465,ims,85.10.6.51,-2119016467,1855589624,6777,-13
huawei,127,226056497716735,40709247021,2024-09-04 06-41-11,153.242.184.185,338787107,ims,185.216.104.66,862882324,2070495197,-17954,48
huawei,34,226055729254620,40761716077,2024-09-04 06-41-33,59.13.198.246,-531225261,ims,11.246.146.109,1617261629,-737974762,26090,116
huawei,126,226059065340526,40702607902,2024-09-04 06-40-19,6.145.189.33,-866427556,ims,18.15.149.204,1538542937,-154993794,4683,-68
huawei,53,226057743359788,40726798873,2024-09-04 06-44-37,89.244.1.134,539987583,internet,94.132.87.135,663480292,63462645,-13999,98
huawei,-63,226056897158699,40788168914,2024-09-04 06-41-54,224.108.141.176,366096533,ims,218.155.92.239,-1918000189,-418545110,32475,-122
huawei,31,226054323002884,40735651802,2024-09-04 06-43-52,174.125.163.104,-18202651,ims,98.138.229.180,-670157895,-721336523,17216,18
huawei,-122,226058938277485,40766152950,2024-09-04 06-41-00,95.100.83.187,-1810704132,internet,185.220.33.177,-1647869843,-2024113587,4441,-29
huawei,-57,226053636323253,40756233347,2024-09-04 06-41-51,178.36.126.179,1990660037,internet,176.221.24.230,-391394146,1585094081,3100,101
huawei,89,226052469418864,40794619639,2024-09-04 06-44-09,241.244.186.225,-629832657,ims,15.93.230.90,1339425083,-749604649,-9699,91
huawei,22,226053558984984,40798857451,2024-09-04 06-42-50,204.233.149.198,-881144858,ims,77.116.83.199,-1038493425,-676913697,-17044,63
huawei,105,226056959610585,40741294074,2024-09-04 06-41-56,115.140.140.80,51276376,internet,144.248.197.72,112656838,1222810377,-19335,122
huawei,69,226054820697994,40747895706,2024-09-04 06-42-03,160.58.116.61,-952904678,internet,19.25.128.123,2099259873,-1886864948,-13320,-114
huawei,42,226059087426945,40798150422,2024-09-04 06-43-57,39.207.209.38,1834056179,internet,61.211.196.191,-303179146,-1869239766,1452,120
huawei,33,226051770071294,40775427684,2024-09-04 06-40-39,21.166.29.118,2076728300,internet,21.28.201.165,1304720506,1119748341,-16264,25
huawei,-65,226052059566451,40708290625,2024-09-04 06-40-37,233.221.183.241,154412510,internet,46.74.9.109,-588715183,1387208573,-19485,20
huawei,-116,226057112076244,40717687298,2024-09-04 06-44-28,52.131.213.177,-1467413220,ims,232.173.137.193,-461415777,935380535,17320,12
huawei,-84,226057352447807,40772822823,2024-09-04 06-41-44,52.209.131.47,-2061780867,internet,172.14.167.8,495139887,-1751788767,-16657,-91
huawei,-89,226053661882314,40793694038,2024-09-04 06-41-15,157.139.231.201,841470165,internet,62.136.170.189,1102652073,-168873330,15763,21
huawei,2,226059453997478,40752041246,2024-09-04 06-40-23,144.243.4.141,-2027656417,internet,240.252.225.60,-1978731806,-1187269559,-32768,-115
huawei,59,226058529489617,40735846115,2024-09-04 06-40-23,156.214.71.169,1334303791,ims,125.74.224.25,169464776,-357405561,16723,17
huawei,108,226053349835710,40735595038,2024-09-04 06-41-09,29.85.239.152,359951268,internet,41.61.160.116,-943406965,-655724488,-6577,73
huawei,-94,226056544833445,40745009913,2024-09-04 06-42-35,123.147.172.97,-907572463,internet,20.120.53.103,-1225692849,444651818,-22841,-112
huawei,-111,226050430484769,40766538829,2024-09-04 06-41-05,40.55.171.141,-572216017,internet,215.165.13.71,-846272074,711637263,-3491,46
huawei,-93,226055175554234,40710532060,2024-09-04 06-42-59,133.53.184.190,-1935847101,internet,183.104.214.89,1089172537,-1166405845,-9566,-48
huawei,-117,226058142795161,40773543040,2024-09-04 06-44-07,248.63.126.27,1026445190,ims,60.250.139.199,-1696009551,-2144533399,8064,20
huawei,-59,226054827643108,40798431364,2024-09-04 06-44-40,246.47.252.17,1496636326,internet,120.182.184.102,-8264104,982551792,31656,-83
huawei,-100,226057628865217,40706156049,2024-09-04 06-41-00,31.237.61.76,-1287789980,internet,93.231.97.134,-637922000,-1217011246,17320,-49
huawei,37,226058587378601,40742528934,2024-09-04 06-40-36,229.155.102.126,-1695515406,ims,19.149.173.68,-2026462891,-105034479,29321,5
huawei,100,226055271044159,40723353350,2024-09-04 06-43-38,70.253.232.238,-712572953,ims,135.184.74.200,-810379032,85521461,-27338,-100
huawei,-33,226057144918465,40737219689,2024-09-04 06-44-45,204.85.95.120,365576997,ims,183.56.250.205,479879091,-639740015,25241,-73
huawei,43,226057678732839,40770140731,2024-09-04 06-42-04,120.166.227.202,1893364742,internet,234.246.173.50,688816108,-611744280,26652,-57
huawei,105,226058536771074,40737750047,2024-09-04 06-44-50,133.225.33.96,-1069468675,internet,47.67.231.206,-776516784,1988717347,-20933,124
huawei,-32,226052382421165,40732063719,2024-09-04 06-40-06,77.50.16.105,-2127711881,internet,36.201.230.114,382553625,802056693,-10763,126
huawei,-23,226050635868609,40734571340,2024-09-04 06-42-47,138.114.187.169,-1437270150,ims,216.89.61.187,416447793,-2065194661,-15456,72
huawei,-10,226051477381611,40781753054,2024-09-04 06-41-10,136.108.151.180,-1413388477,ims,245.91.49.223,933587334,1827223125,11725,116
huawei,-13,226058215958978,40788524347,2024-09-04 06-43-28,33.99.70.20,1005698456,ims,26.42.38.239,1299489050,1861937929,-7199,108
huawei,45,226051973200316,40757918119,2024-09-04 06-41-52,67.176.100.55,1157029642,ims,218.56.111.24,-520583459,1723517830,15606,-29
huawei,-91,226056483192634,40712633197,2024-09-04 06-41-45,24.155.187.146,-1563231604,internet,200.137.245.222,-1193359327,-363166006,-7471,90
huawei,-30,226055128729755,40732485656,2024-09-04 06-43-22,88.103.202.52,537730422,internet,203.194.193.219,-1227860169,-807263942,29012,3
huawei,33,226056047714328,40745024172,2024-09-04 06-42-31,113.193.61.190,827920293,ims,214.77.176.132,-1396954383,861473156,4551,-58
huawei,-97,226052530696282,40796245387,2024-09-04 06-44-04,205.95.150.129,405302953,ims,162.171.108.80,-812032730,-1059391577,12884,-12
huawei,4,226058833738372,40740958419,2024-09-04 06-43-34,230.128.247.37,-374574388,ims,68.134.123.233,-1210256849,-1148530986,-29591,-62
huawei,-98,226058489641996,40731433600,2024-09-04 06-42-34,250.87.167.64,1292538082,internet,95.40.29.101,287826282,713237072,-30116,-1
huawei,-61,226053304866759,40740661508,2024-09-04 06-44-48,33.12.47.10,-503439717,ims,80.125.183.14,35100933,205272952,28368,-10
huawei,-108,226051466698495,40737170771,2024-09-04 06-43-44,160.82.46.89,-37153010,internet,189.16.186.110,705661524,-813414485,-10405,46
huawei,-102,226056303112480,40787301779,2024-09-04 06-42-46,242.175.79.255,670152473,ims,13.155.243.37,-547480284,-1808838737,24027,21
huawei,38,226057273035744,40779286154,2024-09-04 06-40-47,215.67.24.206,-1722267230,internet,86.63.22.180,750812875,-200538401,26254,-103
huawei,-118,226058452921448,40750597178,2024-09-04 06-44-58,130.16.54.184,-1563515869,internet,169.235.34.119,847217521,-1805796026,13644,-35
huawei,9,226058544611636,40779558637,2024-09-04 06-42-46,153.105.89.217,731593594,ims,132.242.75.12,-37036108,-1210685607,4027,-109
huawei,-39,226055371812457,40721986353,2024-09-04 06-40-37,98.141.159.218,1242716713,internet,39.253.38.147,2028034284,1439782357,-2898,19
huawei,24,226050644012164,40786019821,2024-09-04 06-42-12,133.115.128.1,1396441209,internet,142.38.136.198,927419690,1558883491,6052,-16
huawei,102,226057923150489,40723358561,2024-09-04 06-44-50,67.27.194.234,2045582381,internet,252.4.64.62,-418045648,1866936650,-31463,108
huawei,33,226055908490509,40728588713,2024-09-04 06-44-16,72.22.79.55,-693413600,internet,187.95.197.86,-168483845,-781220162,-26996,-47
huawei,21,226056334978555,40787619989,2024-09-04 06-42-19,137.148.211.85,-2054838248,ims,166.168.174.138,1597081897,-224085292,32272,16
huawei,-96,226057808348156,40760005687,2024-09-04 06-40-15,251.119.121.224,-802460002,ims,100.47.146.167,-166747486,47197028,17553,-40
huawei,118,226051248728112,40735274058,2024-09-04 06-44-42,164.149.194.101,-2068805241,internet,13.241.112.46,-1932458482,-252079679,-5044,-27
huawei,97,226054243227713,40744787486,2024-09-04 06-40-05,89.83.191.162,1481796222,ims,50.102.248.20,-877089540,-62754646,-31994,-6
huawei,-32,226054557083737,40761968812,2024-09-04 06-43-32,92.93.169.233,1613390244,internet,22.114.126.182,-1532178411,752710833,10311,-119
huawei,59,226059996794336,40761474599,2024-09-04 06-40-11,46.172.1.36,-1749148816,internet,240.60.250.7,2001106324,-158654786,-3698,29
huawei,-65,226055081007027,40725158180,2024-09-04 06-43-57,183.42.148.92,340700470,internet,12.213.74.6,-334975405,1616467918,80,110
huawei,32,226052096226704,40761715194,2024-09-04 06-40-45,38.233.39.42,706077529,ims,94.254.209.2,264936597,1926009401,-11036,76
huawei,-8,226059762770437,40766908349,2024-09-04 06-45-01,103.26.204.105,-2119984973,internet,96.110.135.151,-133728879,1231325561,24000,91
huawei,-26,226057962489180,40759655285,2024-09-04 06-41-01,168.216.248.241,111405549,ims,189.87.38.57,207064000,1267617818,-2706,-6
huawei,113,226058114604173,40707576514,2024-09-04 06-42-52,240.147.189.33,688954272,internet,35.47.200.148,1786583759,-1712436034,-16889,59
huawei,42,226050871621433,40746257854,2024-09-04 06-40-40,190.19.38.90,224604778,internet,112.70.179.79,-364454022,1832701367,-16218,45
huawei,-83,226054510053716,40705467496,2024-09-04 06-41-08,221.201.37.1,-776347655,internet,216.219.69.104,-1578979730,-1618969907,3347,51
huawei,112,226051913178330,40736955355,2024-09-04 06-40-20,124.239.242.38,-207946015,ims,95.63.178.37,1452458571,-2014102640,4030,-40
huawei,25,226058260442718,40783781416,2024-09-04 06-44-11,245.15.136.66,656219178,ims,101.202.248.208,743359260,-1847697743,-8551,-39
huawei,-126,226050374865841,40763880134,2024-09-04 06-44-04,125.56.141.17,-1694211220,ims,40.227.56.159,-1311791567,146276634,10483,-18
huawei,114,226050451103658,40706097738,2024-09-04 06-41-45,1.155.50.65,-206655220,ims,157.249.148.101,1067959062,944416976,2986,67
huawei,9,226053926385731,40785810968,2024-09-04 06-40-56,57.165.177.137,1930767628,ims,219.101.196.20,1383850131,560260029,8370,-84
huawei,-75,226053298441358,40740590630,2024-09-04 06-42-30,55.241.61.35,-223578454,internet,57.254.12.131,232841246,961317726,-21929,-106
huawei,118,226051743432465,40778862395,2024-09-04 06-41-54,51.70.240.103,-1168200397,ims,99.243.155.22,930292362,-122549809,27917,-86
huawei,-124,226056989526586,40752402845,2024-09-04 06-41-57,213.219.57.157,744819194,ims,121.6.89.74,1925875656,1766405256,-15820,-101
huawei,-127,226055419503524,40749018215,2024-09-04 06-40-56,229.145.97.250,-219391701,internet,127.46.165.151,477636651,1340088618,13041,99
huawei,-128,226051300574146,40732486334,2024-09-04 06-43-04,179.214.75.154,1158591910,ims,72.247.172.244,1685749378,-1687588233,-22967,-46
huawei,82,226050690353231,40752946769,2024-09-04 06-41-12,194.2.39.142,-1542344113,internet,176.179.55.37,-1646537548,862408834,-22663,-32
huawei,7,226052893653517,40702012689,2024-09-04 06-41-52,107.192.124.143,-1245280523,ims,114.208.112.2,-960792181,401399863,9969,62
huawei,0,226054798622650,40743854177,2024-09-04 06-44-15,91.77.150.21,-212686336,internet,228.237.17.130,-910984187,714900051,-26940,-66
huawei,-8,226057274068974,40765563587,2024-09-04 06-43-27,221.85.108.108,1153569769,internet,230.169.128.55,715839099,-1325600813,12031,-13
huawei,-29,226057852300281,40771944716,2024-09-04 06-42-32,99.126.175.14,840133401,internet,115.153.130.137,999646083,-313909484,-32334,-10
huawei,6,226053754707541,40727589341,2024-09-04 06-44-04,238.73.75.143,917416120,internet,113.249.114.251,894001120,-1699686734,-3609,-65
huawei,-106,226053476757857,40744485272,2024-09-04 06-41-48,177.73.229.204,1494817713,internet,144.86.146.163,-1453820630,-146705581,-2360,-18
huawei,9,226057328271490,40731866171,2024-09-04 06-41-00,246.253.13.71,-745396264,ims,81.116.26.222,1908002458,-744507447,18708,73
huawei,-2,226052724004423,40771554940,2024-09-04 06-41-21,245.97.196.12,1241812626,internet,2.234.166.113,1290239371,1151195433,-20626,96
huawei,-10,226055780265501,40755827687,2024-09-04 06-43-33,59.151.102.94,392801121,internet,173.67.230.183,-199248416,489166094,18354,-75
huawei,-63,226055459970371,40762940774,2024-09-04 06-41-20,38.56.213.63,1587218250,internet,248.218.90.82,-1479484379,-360782759,9889,-37
huawei,-2,226056222052437,40748131315,2024-09-04 06-43-28,108.255.130.90,-724676566,internet,231.123.140.102,-110381359,870996599,31398,39
huawei,-65,226053321444910,40722159546,2024-09-04 06-42-47,176.114.218.134,44991125,ims,72.36.128.125,-1485628279,1317037295,-8334,87
huawei,83,226059853678950,40760424554,2024-09-04 06-40-26,111.48.183.97,478379991,internet,234.165.234.119,1690678574,-448599277,-32673,21
huawei,-51,226058942236011,40799569400,2024-09-04 06-43-26,43.247.227.237,2147438328,internet,49.179.194.241,119243685,-1310000159,-6376,74
huawei,-112,226054958061072,40714795401,2024-09-04 06-42-12,86.149.142.86,-1940044809,internet,242.179.56.14,489209444,-1089591198,17383,11
huawei,21,226057509208344,40799663410,2024-09-04 06-43-11,54.209.185.62,379618051,ims,111.150.139.67,-275338146,-1079831589,-21930,-86
huawei,-69,226054377766688,40764687830,2024-09-04 06-41-57,213.147.126.78,-942057142,internet,15.121.100.95,963036452,1774399298,-12849,108
huawei,9,226056488318412,40756831484,2024-09-04 06-42-49,100.190.206.133,-797708371,internet,47.128.122.224,-2038220551,1839193041,-11403,-72
huawei,-100,226051174819218,40710108820,2024-09-04 06-40-43,72.126.166.237,-206127128,ims,185.187.9.199,-469686354,256803251,-27469,-4
huawei,102,226058232803492,40794177829,2024-09-04 06-41-34,24.232.73.30,-962765248,internet,132.51.125.106,611629733,-388755855,13273,31
huawei,7,226051689940913,40779372503,2024-09-04 06-41-51,90.223.50.180,1196422930,ims,140.116.178.116,-1379477224,921466979,32383,46
huawei,-111,226056828398365,40785436814,2024-09-04 06-43-45,220.152.247.169,178661013,internet,78.62.80.45,-2063549580,1139593213,3391,73
huawei,-109,226051716292840,40766996936,2024-09-04 06-43-37,52.153.12.131,1246277407,internet,173.222.27.230,-2022053822,-540112957,-29684,-109
huawei,91,226052688849530,40712734082,2024-09-04 06-41-59,234.119.119.157,-647975232,ims,94.236.178.178,-673795711,1061698882,-11477,-61
huawei,-125,226055411313553,40758857618,2024-09-04 06-45-00,182.144.237.133,305090957,ims,196.131.16.32,301676919,134818917,10203,-107
huawei,118,226054553809774,40720145562,2024-09-04 06-44-21,228.153.51.32,139551968,internet,153.190.223.236,1953665351,-1571196500,13649,-121
huawei,53,226051624425828,40791498662,2024-09-04 06-43-02,200.54.145.169,-767274548,ims,38.214.97.87,-1681631397,694964163,24480,89
huawei,-80,226057981432972,40710930189,2024-09-04 06-41-55,54.138.230.115,448297226,internet,26.59.20.113,725749798,-1519145904,-1292,59
huawei,94,226052312428527,40725556724,2024-09-04 06-42-00,192.181.169.65,-572250128,internet,186.169.204.114,1264112816,99035335,-18504,-68
huawei,-20,226058132861262,40749149121,2024-09-04 06-42-12,145.140.221.253,43560739,ims,207.146.215.146,1807935820,2062692649,-8628,20
huawei,-86,226054765494752,40710698347,2024-09-04 06-42-54,141.47.30.112,482937954,ims,76.54.254.117,-1222314800,576379866,21361,88
huawei,19,226054878303049,40763002362,2024-09-04 06-40-24,200.158.116.208,-1371391884,ims,77.248.78.203,-988072763,-1721576178,7995,-65
huawei,38,226052194514064,40730266824,2024-09-04 06-41-57,0.224.108.152,1728538386,internet,228.60.232.155,1513471395,-127690908,-7381,89
huawei,110,226053580735999,40750921248,2024-09-04 06-40-47,120.198.99.58,-164058192,ims,58.60.234.215,-1724392664,2055075992,-5945,76
huawei,-123,226055618086619,40795585303,2024-09-04 06-44-35,233.118.225.8,1160417646,ims,24.143.171.97,605866569,1364128913,2289,120
huawei,-60,226052284085095,40781404552,2024-09-04 06-44-13,199.6.239.84,-1331426434,ims,109.15.113.206,1052184420,-635889886,-8059,-70
huawei,-75,226050794611241,40760628233,2024-09-04 06-43-56,210.103.234.72,318554180,internet,204.101.248.161,-53334915,2015149287,-24527,-76
huawei,-5,226054720077681,40774836595,2024-09-04 06-40-36,109.247.96.67,93177440,internet,16.27.177.182,-1726776115,-1764279124,-32427,-110
huawei,-62,226058983384614,40741194439,2024-09-04 06-42-07,64.185.223.125,2074625746,ims,31.169.93.15,-459887094,108713155,22788,-70
huawei,67,226051690562399,40745649470,2024-09-04 06-42-14,164.238.251.255,1568207853,internet,37.114.19.115,-464242998,509786625,-5711,-8
huawei,34,226053914429787,40724283228,2024-09-04 06-41-33,167.111.61.156,727774662,internet,210.94.197.191,-322548797,1585809986,-21307,-49
huawei,-25,226051665191868,40726237099,2024-09-04 06-42-43,192.244.193.166,-795080309,ims,15.147.221.93,983265080,-1404144970,-12269,-92
huawei,-44,226056571915979,40791047401,2024-09-04 06-44-31,200.209.97.87,1448851737,internet,232.140.160.15,667105682,2040731893,-8838,-35
huawei,-84,226054845052280,40767821396,2024-09-04 06-45-01,54.55.218.218,2070467852,ims,52.131.177.131,903609693,-176146930,10822,103
huawei,28,226056130360885,40728438508,2024-09-04 06-41-35,143.99.215.41,-818408475,ims,197.124.204.110,1521634276,1871301624,678,77
huawei,27,226055335775182,40730526504,2024-09-04 06-43-52,17.80.102.63,-595434336,ims,182.237.252.226,-1720467338,2046313478,-24123,-41
huawei,-95,226055229876475,40729572529,2024-09-04 06-42-36,136.11.225.247,-2083955729,internet,89.212.7.235,-1191477844,-1291662701,10146,-123
huawei,-23,226050837112282,40724233394,2024-09-04 06-42-34,127.246.102.37,-1655081046,ims,150.51.162.204,-1561259477,-1086501062,-20292,-21
huawei,79,226050658682856,40763560052,2024-09-04 06-44-46,146.90.120.118,550175796,ims,152.213.222.115,-1179723183,1289705194,8055,11
huawei,92,226052875370832,40728353926,2024-09-04 06-40-52,81.15.177.77,-1019388710,internet,252.14.104.189,-1269020697,1125469943,13508,-54
huawei,-3,226058813176238,40706976109,2024-09-04 06-44-44,131.56.43.213,-1635385460,ims,91.231.239.103,1180738595,242277610,-18184,45
huawei,-6,226052030972181,40709940933,2024-09-04 06-41-20,11.117.250.104,390354299,internet,131.27.108.106,-1285599968,-1555186601,-16271,116
huawei,113,226058137957918,40781068049,2024-09-04 06-41-49,185.217.194.78,-1691199509,ims,129.219.124.243,658831803,-969701781,6399,90
huawei,-108,226050194559325,40774635807,2024-09-04 06-42-29,103.109.115.25,-243106201,ims,54.244.240.167,-538787493,-1305194243,28087,-73
huawei,-71,226058076606475,40755464137,2024-09-04 06-40-03,194.136.166.211,1956788732,ims,157.201.112.12,-1628122218,424420450,-3508,93
huawei,17,226053630723231,40781731483,2024-09-04 06-42-53,134.157.117.209,1946762198,internet,22.64.175.215,1939162990,-1456670118,-22313,103
huawei,-122,226059755034179,40769606924,2024-09-04 06-40-33,199.44.215.133,1790288763,ims,229.101.59.70,-164238023,1532891266,-24872,-58
huawei,-85,226050165099690,40702210791,2024-09-04 06-43-00,14.204.150.98,324634784,internet,239.1.2.15,1055699717,963853703,25556,119
huawei,72,226051857209191,40708221942,2024-09-04 06-43-27,247.254.157.185,-2130299442,internet,2.176.0.34,-697896713,2033295819,-6935,111
huawei,-125,226051233846298,40776279890,2024-09-04 06-40-37,174.243.0.80,-1735856125,ims,38.83.231.218,-934853354,-2066245726,31958,-113
huawei,23,226051236159553,40777140847,2024-09-04 06-40-21,157.254.239.125,-1189462223,ims,98.129.17.195,962170751,-1287118241,-11511,14
huawei,-100,226056841647881,40763936942,2024-09-04 06-42-37,150.132.172.11,-385538419,internet,142.90.30.25,-1636978013,1186614654,-28869,-76
huawei,90,226056529180757,40711742129,2024-09-04 06-43-30,132.47.52.133,1201294196,internet,175.67.91.130,1388636531,-899234541,-12229,42
huawei,96,226050151432999,40700138529,2024-09-04 06-44-39,224.81.78.253,-182602436,ims,167.140.143.172,-57151069,-704399236,-12517,-41
huawei,-10,226050838643181,40728394266,2024-09-04 06-40-14,106.213.182.227,1335673633,internet,70.184.26.196,-1657200235,962270462,24734,-47
huawei,-59,226052299447640,40724471111,2024-09-04 06-40-10,118.153.228.224,1285633210,ims,88.189.131.39,2047584040,-1269182919,557,21
huawei,123,226057985459591,40746820389,2024-09-04 06-41-55,64.217.165.65,951647633,ims,85.121.206.113,634609659,-764083339,-22592,57
huawei,60,226055036054642,40740880009,2024-09-04 06-40-04,144.181.44.200,728463415,ims,205.37.14.57,1839818805,950847014,23900,71
huawei,33,226055501902035,40771527835,2024-09-04 06-42-47,132.142.131.25,1285745181,internet,203.170.94.54,816713039,-340385659,5042,100
huawei,17,226053703269444,40765820664,2024-09-04 06-45-01,111.64.87.207,-1712539188,internet,245.32.47.73,1457887277,-603232752,23972,56
huawei,-77,226054370451648,40707877580,2024-09-04 06-43-08,240.171.2.168,-35976329,internet,190.229.252.8,-464356983,1685017800,-6533,90
huawei,-111,226059454308323,40769433108,2024-09-04 06-43-42,73.210.11.58,-501813252,ims,108.59.140.187,1242608637,-615707129,-27134,110
huawei,-9,226058357338835,40775952022,2024-09-04 06-41-29,101.218.174.34,1725420148,internet,204.110.0.7,2001306944,-360839491,14212,83
huawei,75,226050213856091,40735065019,2024-09-04 06-40-56,175.123.148.172,20460939,internet,182.71.232.196,808730882,-1378774024,-7315,91
huawei,-119,226051738418868,40719675839,2024-09-04 06-44-21,215.32.253.119,-1217083508,ims,52.14.77.123,1647851841,-716196661,-32352,52
huawei,107,226052680760175,40746402166,2024-09-04 06-40-03,244.107.248.152,341729744,ims,194.108.104.246,1313514468,1373900127,1973,120
huawei,22,226057818028035,40703289605,2024-09-04 06-42-45,29.229.225.25,-916262323,ims,120.175.51.226,-1336498679,-1241546666,16111,69
huawei,25,226059472886545,40728479534,2024-09-04 06-43-15,213.85.237.23,979283737,ims,86.181.199.153,44972546,-1460216945,-4619,35
huawei,-4,226052540515592,40799373897,2024-09-04 06-44-47,150.57.30.198,308581880,internet,135.109.116.232,-1523917499,1406040254,13216,100
huawei,-77,226055509026317,40794661692,2024-09-04 06-43-53,39.49.134.169,786630727,ims,189.23.145.235,-1048022197,-1838314773,-26520,-107
huawei,-121,226052203001259,40758284658,2024-09-04 06-41-25,123.62.250.89,-148845469,internet,46.189.163.115,-1693807612,1156989854,-8568,33
huawei,-16,226051736231281,40725668268,2024-09-04 06-40-16,228.199.108.25,2024140734,internet,151.46.40.152,2063560103,829760470,18633,-7
huawei,80,226051372122366,40783710745,2024-09-04 06-42-23,138.129.120.2,-1062882588,internet,215.128.71.122,-444214150,-1314446523,6981,-32
huawei,-43,226057839618222,40761367849,2024-09-04 06-44-31,209.27.223.201,-1566203965,ims,21.253.83.83,1616949406,-1060448611,24907,72
huawei,-101,226056169232193,40750878085,2024-09-04 06-42-33,244.10.200.227,-1190763187,ims,238.42.28.146,1886259591,-1758089304,-10557,-38
huawei,-38,226050576455430,40760912547,2024-09-04 06-40-19,25.126.15.252,290316989,ims,134.20.29.162,-846389597,1429085204,4034,99
huawei,107,226051756397504,40773282476,2024-09-04 06-41-56,151.130.238.156,-650283203,ims,126.34.12.241,14243748,-2062369815,-18810,125
huawei,-6,226053476580882,40782110657,2024-09-04 06-41-24,34.143.29.107,510328737,ims,109.72.169.36,-275016673,871625432,-24661,88
huawei,24,226055701079501,40765126183,2024-09-04 06-40-06,174.158.64.84,291874226,ims,43.255.66.253,-2112801616,-455424357,-22139,39
huawei,95,226054683942932,40734648775,2024-09-04 06-40-48,165.33.142.75,1201203045,ims,147.23.212.198,-1238257102,167056879,-4079,-4
huawei,-2,226053034437895,40703028934,2024-09-04 06-43-20,253.172.206.102,-1705342377,ims,17.227.207.230,-1677618419,-1928887428,23004,-122
huawei,43,226055491913599,40708139712,2024-09-04 06-42-55,61.86.98.54,-384064407,ims,4.19.101.115,649312138,74618227,-29554,-31
huawei,120,226056127614001,40790618922,2024-09-04 06-43-34,126.185.137.151,-658547332,internet,76.253.216.42,-1982248429,574276867,6555,-102
huawei,-31,226051125593036,40708963841,2024-09-04 06-41-47,131.186.233.119,-1399184575,ims,120.249.174.163,-1672431133,110903023,-6369,-43
huawei,21,226051447386536,40731528953,2024-09-04 06-41-38,79.168.49.8,-1596492451,ims,204.253.68.187,1469452332,-255971720,723,-14
huawei,-39,226059350682305,40723727416,2024-09-04 06-42-29,130.244.157.222,-979398264,ims,212.175.212.63,1375038790,1265523786,11575,-12
huawei,122,226059533292095,40717194559,2024-09-04 06-44-24,40.215.205.175,1297157744,internet,116.157.123.111,-1405993865,667889749,2922,55
huawei,67,226051448914021,40749154728,2024-09-04 06-40-50,51.44.234.250,-752218353,ims,0.46.35.156,-2022003795,-345037172,-13299,71
huawei,-61,226058790242461,40707225181,2024-09-04 06-40-10,79.187.40.54,-548434025,ims,135.135.153.169,148981471,761189205,25492,-73
huawei,48,226059980297817,40753057241,2024-09-04 06-40-01,248.28.183.239,-1079011521,ims,175.188.153.168,-1117429419,1214557106,17323,-66
huawei,-55,226056231222848,40735067793,2024-09-04 06-43-05,212.65.158.50,1147419401,internet,43.106.250.29,-229498145,-208712390,-10812,107
huawei,91,226057177861640,40734756229,2024-09-04 06-44-11,142.131.17.84,1560786983,ims,159.90.13.171,-760718425,1725733028,-21386,-18
huawei,-117,226052455529315,40770405558,2024-09-04 06-41-48,137.236.54.218,648483310,internet,6.124.184.100,-584443415,826995829,11935,-113
huawei,-60,226059687606154,40784568886,2024-09-04 06-42-12,46.182.65.170,-748603049,ims,110.196.31.88,1101929059,-849151904,-32768,109
huawei,-89,226057443400661,40777417206,2024-09-04 06-42-03,108.21.156.161,1003672822,ims,173.73.242.44,1842674277,-839330648,-13655,80
huawei,38,226057237056876,40762306423,2024-09-04 06-41-40,199.241.168.192,-359870548,ims,189.139.206.48,-2104059651,639220007,26754,-38
huawei,-119,226051209838520,40711350925,2024-09-04 06-41-44,247.84.162.123,711106720,internet,118.227.165.87,-355115133,-1478352607,3596,-90
huawei,37,226051999698799,40747901479,2024-09-04 06-43-13,26.183.155.200,1756161197,internet,139.248.204.186,-1417931009,1681400362,-28042,-99
huawei,-79,226052671526912,40713918703,2024-09-04 06-44-06,108.99.87.245,362683433,ims,137.18.184.68,1581999012,-1651231274,5075,2
huawei,44,226054876782455,40795101791,2024-09-04 06-41-50,126.232.119.80,-2061232376,internet,222.129.116.139,872228364,-1358164933,-8610,123
huawei,65,226050277060158,40768680354,2024-09-04 06-40-51,199.14.7.199,74483590,internet,97.79.222.63,1949895290,-1209549562,-7579,-26
huawei,-128,226051426469365,40778552112,2024-09-04 06-42-22,190.147.144.8,668674645,ims,169.67.233.25,-827063035,742554831,7440,7
huawei,-86,226059386895727,40702450087,2024-09-04 06-44-30,130.122.108.52,79463249,ims,66.177.18.145,-761019687,-29303008,2452,-43
huawei,-84,226054168420110,40734686398,2024-09-04 06-42-39,27.202.106.252,1163964823,internet,23.40.218.164,393740626,1707017309,21913,92
huawei,86,226052191808692,40788569385,2024-09-04 06-43-13,192.34.163.234,282642593,ims,114.245.242.32,-1939279415,894395268,-28355,-16
huawei,-103,226051069708991,40791830200,2024-09-04 06-42-57,77.25.62.244,-1568153610,internet,227.201.137.92,-810748391,1571891247,25471,32
huawei,-80,226054398044590,40736536243,2024-09-04 06-41-02,110.28.218.239,1176305326,internet,23.146.80.200,1319815090,-1183651983,-24592,-47
huawei,-124,226053148381718,40727990018,2024-09-04 06-40-57,34.134.84.24,552533136,ims,180.54.175.121,-164773788,1767260097,8622,67
huawei,82,226058092513582,40734439460,2024-09-04 06-43-18,219.44.210.173,1314195792,internet,144.96.55.63,-594252886,-454177142,-15289,38
huawei,-119,226052552858274,40713309808,2024-09-04 06-42-50,82.200.248.125,1409927655,ims,248.4.126.81,-1064120623,-1159280824,20844,106
huawei,61,226054957889577,40726680401,2024-09-04 06-41-43,65.36.235.4,955113273,internet,102.215.227.81,349241613,-553410853,20214,-91
huawei,-60,226056534350826,40719343050,2024-09-04 06-45-00,5.36.8.67,-1547205407,ims,181.62.229.82,1472832644,-132311302,-14783,-8
huawei,56,226050692423564,40795313050,2024-09-04 06-42-23,224.92.225.53,86760376,ims,47.145.133.126,2041859345,1948740676,13388,-37
huawei,-64,226056014886617,40706191774,2024-09-04 06-42-19,15.120.208.204,-767719298,internet,96.242.13.227,173650865,246132769,-3014,80
huawei,12,226058708302684,40724505995,2024-09-04 06-40-01,196.120.12.244,8040632,internet,238.150.1.238,-769639246,1563172839,29758,-116
huawei,-113,226053616965029,40775175317,2024-09-04 06-42-47,30.203.141.72,1890473320,internet,33.80.155.164,1626985842,-694581921,10389,9
huawei,100,226051112505571,40780454891,2024-09-04 06-41-33,109.225.9.138,281636827,internet,168.100.224.99,1409108941,351681664,-9774,13
huawei,30,226054087965808,40748517102,2024-09-04 06-43-38,76.140.3.150,-582228906,internet,75.28.195.33,-1390739400,314907368,-21575,-5
huawei,-19,226059392703968,40705636330,2024-09-04 06-42-20,173.187.15.110,-757821687,ims,211.21.10.222,170060235,-1090405717,30416,36
huawei,23,226058798032007,40760683053,2024-09-04 06-42-56,74.125.120.184,-1923588131,ims,225.67.85.165,-1592005061,-1869370079,-2172,-99
huawei,-94,226051622613625,40704298571,2024-09-04 06-43-45,217.163.48.203,558638215,ims,238.246.178.226,-481000406,-1042624795,28960,-98
huawei,82,226051168263607,40742627073,2024-09-04 06-42-30,6.38.37.158,-1193083076,ims,108.177.16.146,412577040,1583705361,32437,-95
huawei,71,226058373047713,40761252219,2024-09-04 06-41-50,177.124.195.125,809889368,ims,70.96.162.17,-1572705192,1366248689,-14457,-50
huawei,43,226056951078740,40736802040,2024-09-04 06-43-13,202.191.197.12,1561184384,ims,71.184.155.30,-1043631156,1546509604,-8913,118
huawei,-66,226058388545384,40726417723,2024-09-04 06-41-09,234.226.132.78,-1950732918,internet,21.22.69.201,-2029300692,-50139443,7274,91
huawei,-40,226052038818872,40798143356,2024-09-04 06-40-56,175.112.146.239,1740150142,ims,191.191.78.54,453966828,1303596233,8344,-60
huawei,-28,226057890881227,40755634501,2024-09-04 06-41-18,42.33.141.195,-27974655,internet,188.173.182.0,-74678138,1798384013,8108,39
huawei,-35,226052338865708,40720172558,2024-09-04 06-42-17,125.141.171.15,979383050,ims,163.225.231.29,-1216300555,-128696102,-14496,-116
huawei,48,226058303871672,40747868473,2024-09-04 06-41-42,137.77.208.217,262587507,internet,110.214.63.129,-1763762083,891505353,10150,-51
huawei,-104,226054059879962,40716131523,2024-09-04 06-44-19,159.35.161.7,-2116882079,ims,205.29.76.130,415896735,-1163534999,-26872,-52
huawei,-44,226055978755542,40774860715,2024-09-04 06-44-24,150.111.148.209,-1241813565,ims,64.179.98.3,-806804661,-1858712096,30734,-73
huawei,84,226051051674599,40710983145,2024-09-04 06-44-14,56.35.110.102,1888494791,ims,52.50.244.221,-526571280,-500038343,12843,23
huawei,-59,226055212169753,40708642663,2024-09-04 06-44-54,92.125.80.117,-1962652163,internet,199.142.73.14,711185805,-649470357,11589,25
huawei,9,226053859911302,40718576992,2024-09-04 06-43-05,56.99.71.150,-81435217,ims,191.168.8.36,-186539710,979355522,28915,8
huawei,-45,226056692783041,40737086890,2024-09-04 06-41-08,237.82.176.0,-1658725005,internet,171.66.54.22,-1403197320,-916968490,-12270,-103
huawei,78,226050812026627,40703111805,2024-09-04 06-44-52,152.146.117.113,1303254136,ims,57.167.17.9,-731306347,-708138399,-616,73
huawei,-75,226050012974719,40794384397,2024-09-04 06-42-24,59.96.128.126,1950323871,internet,221.54.146.254,322894740,-1427854523,-21664,-53
huawei,-67,226050942687853,40798451577,2024-09-04 06-43-09,71.26.54.91,-1642566647,ims,10.236.225.134,-1699012201,-1442483089,10329,-3
huawei,-93,226057140153719,40745705680,2024-09-04 06-44-17,75.176.39.158,-700068900,internet,127.69.137.48,469999942,2043427966,18121,127
huawei,109,226053697246432,40789226088,2024-09-04 06-42-56,240.66.249.30,539905597,ims,58.255.97.1,-902921772,1317526341,12748,-82
huawei,-91,226052235737036,40753777490,2024-09-04 06-42-45,99.19.186.94,-48291137,internet,211.98.96.173,1386114850,1755661250,-404,-24
huawei,-107,226053209097310,40709126348,2024-09-04 06-41-49,79.5.251.43,-350094041,internet,176.219.165.102,-1029736723,-988565042,-15353,-83
huawei,-17,226056172329353,40781438303,2024-09-04 06-42-10,155.195.25.22,-191947653,ims,136.85.151.106,-795519650,-556316835,23050,-96
huawei,-108,226058303789880,40746655755,2024-09-04 06-40-49,17.59.80.101,-1829673558,internet,203.152.110.21,-714276889,151170766,32492,-37
huawei,111,226056041765350,40753898337,2024-09-04 06-43-29,90.143.250.88,1798436254,ims,218.202.71.104,-1461100025,-1874411439,-15939,54
huawei,106,226059517879637,40756154652,2024-09-04 06-42-14,60.137.198.173,-975628629,ims,228.67.64.103,1044459507,-2010652406,-28001,79
huawei,26,226059247947105,40742583892,2024-09-04 06-43-20,239.220.66.224,-66767797,internet,88.34.77.152,-1110976507,-51725285,650,84
huawei,125,226052780467470,40743807575,2024-09-04 06-40-04,62.221.64.213,-582352327,internet,105.68.64.206,1787242781,581828304,-6199,-16
huawei,78,226059050638356,40783234560,2024-09-04 06-43-33,62.168.70.105,536767084,ims,117.64.26.169,-475031897,982247093,22080,-18
huawei,60,226053230671104,40721084919,2024-09-04 06-40-02,204.153.13.159,1903733613,internet,141.100.242.40,1894661168,1841599586,19070,5
huawei,-15,226052828891228,40761088599,2024-09-04 06-43-56,4.131.96.54,1644372414,ims,172.151.167.8,940992882,956577917,5812,-88
huawei,15,226053540079274,40757284533,2024-09-04 06-43-58,0.7.128.10,180146086,ims,113.160.57.147,-1656336610,16079564,-10183,93
huawei,-128,226058000087174,40787086364,2024-09-04 06-42-18,193.43.20.36,-593330558,ims,89.40.31.22,-149308002,-1041289835,30737,-41
huawei,-126,226057157001078,40744476573,2024-09-04 06-44-47,155.235.203.39,2099830647,internet,129.146.21.87,-1038150605,1759686525,1678,-18
huawei,-7,226054303473554,40795942388,2024-09-04 06-44-24,18.124.58.255,1198386664,internet,62.52.113.52,-1523767746,770845087,50,46
huawei,58,226059457968298,40702705852,2024-09-04 06-41-06,233.75.53.39,-2117358537,ims,78.160.132.106,129438123,-885005296,8466,88
huawei,112,226052605865990,40780110525,2024-09-04 06-40-32,164.124.36.124,450982567,ims,89.45.105.255,-1725292122,-524442610,-26416,20
huawei,90,226052787997812,40704785600,2024-09-04 06-42-00,89.233.31.94,778162955,internet,152.78.63.106,-384754744,-1435210043,30054,-36
huawei,15,226052400434034,40797525371,2024-09-04 06-40-33,200.92.157.118,2044767101,ims,175.197.48.25,-744459827,798800710,27456,76
huawei,45,226058262785510,40788620372,2024-09-04 06-42-32,233.157.161.25,2040674384,internet,49.118.201.66,2117862391,1230292707,21008,-94
huawei,73,226055324836365,40723522779,2024-09-04 06-42-46,149.38.140.11,1433301382,ims,26.250.209.244,-1508776165,-1835074971,-10045,88
huawei,-103,226058287973007,40707272019,2024-09-04 06-40-05,143.223.142.185,486727646,internet,200.49.216.154,-575868005,1733674527,9966,-126
huawei,88,226050928769518,40755836902,2024-09-04 06-44-54,62.34.187.0,2017224088,ims,92.3.255.134,410533751,-1703134017,1391,112
huawei,-31,226058335146707,40734624931,2024-09-04 06-42-51,154.253.66.90,1917097,ims,112.69.151.112,-2131713045,539047100,-5479,63
huawei,19,226058058422405,40790037654,2024-09-04 06-40-31,213.20.0.103,-1273273894,internet,186.179.87.182,1542135,1159915535,21440,45
huawei,-28,226057819332537,40708139741,2024-09-04 06-44-52,251.22.13.27,-2129583400,ims,27.157.123.225,-466439771,-1627179503,-20898,39
huawei,91,226053952571284,40703338199,2024-09-04 06-42-37,69.146.127.178,1669176084,ims,235.21.191.244,1643752061,-2043179832,-541,122
huawei,101,226056301040359,40786890580,2024-09-04 06-40-59,230.100.241.231,567039286,internet,73.255.193.219,728212269,751227394,-26145,15
huawei,10,226050279273617,40766487827,2024-09-04 06-40-21,170.48.115.171,-1732233718,internet,159.161.150.236,-495143096,873209800,-15588,-12
huawei,-97,226054148854431,40782322385,2024-09-04 06-44-46,93.47.37.112,-1503860991,internet,115.32.171.124,434089008,289091285,-12658,77
huawei,-52,226057606169871,40756581504,2024-09-04 06-44-15,73.147.252.27,-2025297869,internet,58.169.72.160,-824991590,-402198465,6001,19
huawei,41,226050154255691,40775288911,2024-09-04 06-40-37,74.87.37.163,-1427899653,ims,24.197.139.129,-98044465,-1830319919,26087,-20
huawei,-75,226054431155993,40748054818,2024-09-04 06-44-31,207.100.2.184,-1341345631,internet,137.11.28.199,-1642332924,-1433653104,-164,104
huawei,6,226053511698574,40745686260,2024-09-04 06-42-06,127.247.92.65,-1966440253,ims,245.9.86.86,-682606677,1704194684,-26291,76
huawei,-104,226056313582087,40738082853,2024-09-04 06-40-52,23.81.191.68,-2018134068,internet,63.149.235.108,966218896,927760535,-8564,91
huawei,10,226054032864972,40725042659,2024-09-04 06-42-41,127.114.130.235,871346660,internet,116.21.202.68,630980081,1685493972,22119,-107
huawei,17,226054141405852,40712403792,2024-09-04 06-42-15,27.182.165.171,-30126293,ims,87.138.50.22,1843802926,1436370119,15417,13
huawei,-36,226054804840411,40709234108,2024-09-04 06-42-14,32.105.41.176,1520821078,ims,62.14.169.25,1237782327,-105076323,26631,47
huawei,75,226054961299000,40720630981,2024-09-04 06-43-12,172.142.147.177,-2062343391,ims,147.57.134.145,-497609911,1484923078,-2792,116
huawei,22,226050109035978,40727342855,2024-09-04 06-43-38,35.49.238.137,32665392,ims,62.40.238.95,-1439247574,1280304540,31285,-60
huawei,110,226058203699012,40770862589,2024-09-04 06-43-40,204.24.51.35,1441568892,internet,185.100.188.70,-880379625,-36289341,-14992,79
huawei,-23,226058113384233,40710323559,2024-09-04 06-40-12,162.56.86.9,1466486089,ims,99.11.152.37,-617973960,1618094995,863,32
huawei,42,226057817807344,40749710755,2024-09-04 06-41-16,88.232.232.7,622756910,internet,160.23.81.144,126769471,478704044,11372,-58
huawei,-30,226059884189613,40791106749,2024-09-04 06-41-12,122.253.18.200,-1066351390,internet,9.146.168.15,807644148,-1459660476,-5035,-128
huawei,-22,226056655345952,40759663448,2024-09-04 06-44-20,114.93.0.195,486465062,ims,135.115.177.104,1909397462,568770754,17001,-102
huawei,64,226057054607876,40756584619,2024-09-04 06-44-14,197.193.189.41,1584464769,ims,82.38.212.253,264356272,121147486,-21877,111
huawei,-117,226051286047235,40753007974,2024-09-04 06-44-29,55.146.200.202,829157813,ims,127.134.22.56,-190513206,-1900132803,-95,-125
huawei,59,226050738182633,40752565196,2024-09-04 06-40-56,197.83.124.39,409260203,ims,22.1.85.61,-169155299,1570704549,-15348,109
huawei,-76,226054464048701,40732070686,2024-09-04 06-44-08,25.123.135.29,891113631,internet,187.34.140.217,-744029380,-572323344,26158,33
huawei,-109,226056025939458,40799327561,2024-09-04 06-42-01,220.14.101.21,-79353789,ims,231.199.22.218,-1190928471,1489984567,-11475,-29
huawei,58,226054718957746,40707739820,2024-09-04 06-40-26,86.34.200.60,-1230870551,ims,14.205.162.88,1911275130,-1341779819,347,35
huawei,-100,226053065258722,40706134086,2024-09-04 06-42-50,170.116.137.91,-1536202267,internet,188.178.214.87,365584472,1975765316,-17113,127
huawei,-102,226053156867312,40789566709,2024-09-04 06-40-42,135.110.87.16,2144698016,ims,196.226.146.45,-1243306158,615925663,12429,107
huawei,-72,226050994992805,40763888062,2024-09-04 06-43-10,55.246.137.109,-968116440,internet,111.67.143.131,-1417541798,-587023548,19280,-61
huawei,40,226058703654122,40763793469,2024-09-04 06-43-41,230.142.198.176,698823538,ims,70.183.139.76,-1102526749,-1545178189,-21810,-125
huawei,-6,226051235795484,40767888443,2024-09-04 06-42-38,3.169.164.131,-1372510141,internet,204.107.145.204,357963734,1487266088,-28340,-115
huawei,-76,226052361925652,40703278209,2024-09-04 06-41-40,32.92.93.189,360388260,ims,234.212.94.195,897546523,-141275833,6058,48
huawei,-98,226050441397085,40730885648,2024-09-04 06-40-47,172.250.139.113,-998638329,internet,19.157.231.15,707047628,1954733971,8294,113
huawei,-75,226051525880084,40728582643,2024-09-04 06-43-18,81.203.77.213,-792847842,internet,220.169.245.150,-352403088,-508074449,-28569,-68
huawei,-23,226050193994013,40797139343,2024-09-04 06-40-28,133.164.107.225,-2103620645,ims,238.78.252.192,-1296985518,-1093420400,27466,19
huawei,-74,226056182734035,40785169721,2024-09-04 06-40-54,181.60.120.128,-119677400,ims,144.135.93.168,-909256815,911857318,20445,-124
huawei,72,226054305379414,40700083211,2024-09-04 06-41-12,16.146.6.198,816045851,ims,51.201.44.87,-1550267587,1832581829,23479,88
huawei,39,226058354374107,40706657973,2024-09-04 06-42-56,36.140.30.164,-494085722,ims,194.138.206.181,-259065455,-1730374796,-7522,111
huawei,-20,226059099804051,40708785345,2024-09-04 06-41-47,217.149.32.64,361528650,internet,79.249.87.210,597257054,-877280345,12523,-82
huawei,-40,226051646000069,40765465099,2024-09-04 06-42-37,109.228.21.139,-514499982,internet,27.163.85.167,-460000762,-1410216976,31892,-8
huawei,38,226053902381807,40773882554,2024-09-04 06-44-34,217.217.127.67,-1846241724,internet,76.172.175.27,-1864962360,-1247855395,31246,-109
huawei,-37,226059187291926,40783435332,2024-09-04 06-43-14,12.87.143.135,-1377115892,internet,173.200.184.109,341342490,-1595757885,-21178,-61
huawei,50,226056611952772,40709768577,2024-09-04 06-43-26,184.221.68.54,716116447,ims,157.232.56.252,1043578321,-1147847119,14414,111
huawei,87,226059128847124,40724933099,2024-09-04 06-40-17,255.78.21.20,-1177647094,internet,76.252.223.161,1808334103,1543743526,10227,74
huawei,-108,226054952082113,40769425041,2024-09-04 06-43-01,42.41.164.235,-22711592,internet,66.47.98.116,1975639943,1590918492,-18647,-90
huawei,3,226055452121250,40753318222,2024-09-04 06-42-03,116.105.5.215,-78984098,internet,60.93.162.63,1422684557,928821435,17147,-2
huawei,-123,226055721368256,40786079434,2024-09-04 06-40-17,54.108.9.108,1573771103,ims,239.247.17.89,-778009975,814285820,-15438,-90
huawei,80,226057795483511,40787053262,2024-09-04 06-42-11,60.167.52.205,-1772852137,internet,64.128.134.47,630036213,-1651532941,-2735,106
huawei,1,226057181324657,40795192795,2024-09-04 06-40-22,249.173.100.15,1016155928,ims,36.2.123.105,975866408,-1042280268,-16306,103
huawei,-93,226050049026586,40727772349,2024-09-04 06-42-44,97.31.69.240,-2100260443,internet,252.4.82.240,1029731358,1767743931,-22413,-63
huawei,-96,226053970118198,40740850463,2024-09-04 06-42-26,178.188.43.201,1860787203,ims,142.208.236.134,1863124966,799246321,-8006,-55
huawei,-10,226051449614546,40749460031,2024-09-04 06-40-35,47.22.222.31,1502114469,ims,74.8.195.39,2086552637,-1772464290,28665,-127
huawei,123,226051303740508,40729369655,2024-09-04 06-41-30,137.232.103.143,626629784,internet,190.76.88.42,576332309,-538432550,8232,8
huawei,8,226055376138705,40772493506,2024-09-04 06-41-55,252.166.102.73,-631427798,internet,144.164.171.194,-776088981,-482241382,17632,-90
huawei,57,226053395170940,40750971940,2024-09-04 06-41-05,193.233.149.12,-1486538445,internet,239.84.204.163,-99303178,1317206864,30745,77
huawei,9,226055585863077,40784557653,2024-09-04 06-43-00,145.148.138.162,1344869500,ims,145.17.8.168,-325935575,-367325309,26074,-121
huawei,-38,226051261995252,40715382546,2024-09-04 06-42-05,25.12.193.176,-1178333865,ims,128.214.192.236,-1976819321,-2098781145,-25966,-128
huawei,-26,226053750853343,40755174341,2024-09-04 06-43-56,47.92.134.99,1182397656,ims,135.215.164.103,1505197523,-823657028,23939,-33
huawei,-3,226054974786115,40783145903,2024-09-04 06-42-12,175.22.31.133,-1453992774,ims,54.31.178.65,1975433279,-1899068661,11359,-75
huawei,41,226054388790897,40770663785,2024-09-04 06-41-59,125.68.212.112,-1209820215,internet,2.214.243.161,1903770871,1115030706,-24389,-79
huawei,17,226056589603230,40709214250,2024-09-04 06-43-59,207.101.146.203,1840733729,ims,87.7.203.177,1776237343,-1104714792,5238,86
huawei,8,226053660214758,40780532972,2024-09-04 06-40-13,175.217.107.185,2007183710,internet,244.196.235.101,-1120391163,341717827,-27411,37
huawei,-78,226057264963730,40748854703,2024-09-04 06-41-39,187.235.165.56,1439785297,internet,180.180.123.182,-1704162577,-127824491,-8453,-46
huawei,101,226055422919039,40765942339,2024-09-04 06-42-00,173.199.9.47,-1838315434,internet,225.24.238.234,-205957049,-1396132419,5935,-2
huawei,2,226051866592634,40738276860,2024-09-04 06-44-04,206.102.37.118,1331840150,internet,184.153.95.118,2034278401,-425169289,-18043,26
huawei,63,226057187553348,40724097307,2024-09-04 06-42-56,80.168.0.59,1515706626,internet,98.74.79.130,-801395010,-674291795,-3198,109
huawei,-65,226059223052766,40750079311,2024-09-04 06-42-27,12.82.20.214,1476040240,internet,49.234.165.107,1220857490,-1429718465,9296,51
huawei,40,226051323974989,40701423674,2024-09-04 06-42-46,206.57.147.129,-1711582808,ims,186.112.163.193,1370534174,-1793422870,-6407,114
huawei,50,226050691071051,40767199530,2024-09-04 06-43-14,133.159.187.240,2013269378,internet,88.246.225.47,-1631570971,1933340965,-32147,113
huawei,116,226058804738985,40713194792,2024-09-04 06-44-21,232.115.140.53,-854598677,internet,23.225.177.149,-27828390,2051367212,-15736,-108
huawei,-67,226059715348002,40710058654,2024-09-04 06-41-20,151.212.204.135,1402717882,internet,71.182.235.97,1035594772,-333079768,-31571,124
huawei,-116,226056661510743,40708282921,2024-09-04 06-43-32,182.152.123.104,983978818,ims,173.209.219.179,-1661918775,670122942,-9180,-62
huawei,-34,226056626795031,40739364639,2024-09-04 06-43-40,121.50.163.131,1301909508,ims,35.160.5.191,-1202910719,-651881576,11566,96
huawei,-7,226058607858349,40749843061,2024-09-04 06-43-42,195.83.233.234,-1480802449,ims,38.105.9.109,-1460537248,-148509605,31173,127
huawei,-121,226055616089147,40768946026,2024-09-04 06-40-43,155.14.89.54,-826352352,internet,49.192.45.243,730770705,-131719815,1855,-114
huawei,-117,226053083774975,40725672983,2024-09-04 06-44-29,149.228.124.135,-20178812,ims,163.78.114.60,-951699963,1135838694,4501,102
huawei,4,226057505686936,40753805985,2024-09-04 06-44-34,187.190.238.161,745050627,ims,44.81.207.222,-865994963,369557851,29673,-122
huawei,-96,226055182100934,40700650011,2024-09-04 06-44-16,25.53.75.146,606846270,ims,211.7.138.91,-979821573,-643331564,22556,5
huawei,84,226055214820921,40715093030,2024-09-04 06-43-14,6.198.77.169,1798066250,ims,131.155.214.22,395662991,-1104861211,5935,84
huawei,-42,226052090956352,40761803760,2024-09-04 06-43-36,93.110.255.57,-1690463387,ims,59.13.94.189,-377559666,-1642034338,3213,-118
huawei,4,226050195591639,40787618609,2024-09-04 06-44-04,75.125.89.212,227324271,ims,38.205.36.136,116189862,-908398823,8054,82
huawei,-54,226056790907819,40737892865,2024-09-04 06-41-02,110.235.175.27,-798821784,internet,68.66.48.40,-309726117,-374074415,25040,103
huawei,24,226055129367817,40780237314,2024-09-04 06-42-25,190.168.185.88,696791250,ims,135.194.253.212,-86667646,-670076536,685,-6
huawei,-106,226059467849797,40732496603,2024-09-04 06-43-48,196.90.223.27,-1605719499,ims,18.89.206.228,1240898943,2084903965,23574,-67
huawei,37,226050657804831,40764992048,2024-09-04 06-44-23,60.9.255.241,-2116645312,internet,233.87.103.98,-544929010,-1730092064,6608,98
huawei,96,226051216980272,40728087302,2024-09-04 06-42-30,168.127.131.145,-2138268112,ims,121.109.70.11,-22516397,-426991386,-24583,16
huawei,95,226055111037209,40711837036,2024-09-04 06-42-32,16.163.58.220,1016628911,ims,74.223.44.200,469810847,1550301061,20741,54
huawei,-74,226059474549227,40768265585,2024-09-04 06-40-04,82.61.107.204,553224637,ims,67.115.95.172,2033840765,1746556477,8903,87
huawei,3,226053763243120,40712128069,2024-09-04 06-40-42,25.161.8.30,-1262723286,internet,24.124.234.116,226225553,-89337197,20246,20
huawei,51,226054406857581,40787027863,2024-09-04 06-42-15,13.180.16.185,-2120250960,ims,89.28.15.57,1324860282,-170650459,23922,-34
huawei,-122,226058118759185,40771649266,2024-09-04 06-42-03,148.250.75.162,-393750698,ims,73.95.81.78,-231876332,2085113936,-6596,-125
huawei,-62,226057775145778,40744834693,2024-09-04 06-42-12,143.85.13.125,-1248168584,internet,126.133.123.230,1547009050,-1469650510,13917,7
huawei,-59,226053047785849,40744979401,2024-09-04 06-41-31,187.27.6.65,1547643805,internet,188.93.191.192,1673642103,2037800699,5927,111
huawei,4,226059811465054,40717674313,2024-09-04 06-41-29,101.240.98.241,1552936067,ims,19.93.236.246,-434464953,-711713824,-31361,-123
huawei,-110,226056374515971,40714184934,2024-09-04 06-43-54,163.72.10.23,1463850960,ims,121.163.50.80,-1520103223,-1038761100,11411,-32
huawei,61,226051502902052,40707661583,2024-09-04 06-40-32,132.199.115.72,450038076,internet,44.33.108.174,-659269154,-534540250,11092,-2
huawei,63,226059975642547,40716851989,2024-09-04 06-40-45,159.130.95.217,579854210,ims,253.217.45.98,-1042364139,-993015503,2150,-43
huawei,45,226058365495683,40784783962,2024-09-04 06-44-05,56.2.82.201,1894533651,internet,252.146.126.160,437979895,2112329901,-11637,-45
huawei,64,226053263879616,40715808042,2024-09-04 06-42-19,210.90.108.94,-856638815,internet,199.177.197.2,-1745756459,831130612,30311,92
huawei,112,226050908321883,40764471576,2024-09-04 06-43-53,75.101.138.208,247731038,ims,14.29.181.155,415272365,512789170,-8638,20
huawei,-91,226055191975338,40783756149,2024-09-04 06-40-13,159.32.135.97,387870676,ims,156.174.142.148,469338214,247862144,-1157,124
huawei,-42,226058219047128,40704589133,2024-09-04 06-40-43,70.229.177.246,-133226323,internet,208.109.185.201,1916013585,-1668085269,11412,-114
huawei,-95,226052590696486,40793344956,2024-09-04 06-42-53,170.69.55.207,1738589805,ims,147.201.196.53,201006616,-1457198730,-17244,67
huawei,118,226056228532240,40764328307,2024-09-04 06-44-14,8.208.191.105,405489381,internet,204.154.238.171,-1198894816,-176838949,32096,44
huawei,70,226055653499763,40728884548,2024-09-04 06-40-30,196.153.166.128,511940259,ims,89.148.30.12,1394276808,1196337145,-11544,78
huawei,-48,226057060395221,40773928246,2024-09-04 06-44-54,109.83.160.115,-1801388812,internet,252.46.75.81,963942862,-250744118,12137,89
huawei,-55,226056872786112,40755017169,2024-09-04 06-40-58,179.86.226.46,-1803808727,internet,51.175.200.156,-983155486,1100549303,5843,-85
huawei,-78,226058746188337,40729390922,2024-09-04 06-41-29,165.51.135.2,1460859566,ims,106.233.252.237,-1684526048,-1975794817,21642,-49
huawei,79,226055036670811,40784298665,2024-09-04 06-41-02,237.217.42.83,-1860308008,internet,204.220.99.113,-1605396777,-942039686,-20243,-63
huawei,55,226053005729623,40714893700,2024-09-04 06-41-53,152.57.80.254,-1339232036,internet,19.39.210.23,-1544248262,1604054061,-22898,-59
huawei,83,226052833487490,40763540105,2024-09-04 06-44-43,217.210.251.63,750691286,ims,211.159.212.164,-426177547,305545033,-9788,-16
huawei,-64,226056939706198,40721507236,2024-09-04 06-40-54,173.92.130.242,-226679049,ims,182.206.141.118,730562824,2139912508,31729,-19
huawei,-87,226052638820076,40760824380,2024-09-04 06-43-25,176.86.249.18,-782276969,ims,244.236.233.22,-1502684155,-39272595,2532,2
huawei,92,226053443755559,40763494222,2024-09-04 06-42-07,175.114.183.139,-1009789983,ims,119.10.252.200,-362857866,454844428,-13836,34
huawei,-59,226056710476820,40792230380,2024-09-04 06-42-04,186.161.168.239,-342218134,internet,111.77.129.68,360465529,1355020469,-30723,-5
huawei,108,226054823158285,40786872524,2024-09-04 06-44-59,12.77.45.48,276508422,ims,5.164.30.65,-1234297201,-819704914,16979,-7
huawei,16,226057570271320,40777913565,2024-09-04 06-43-46,235.9.44.55,789651327,ims,40.142.203.250,961525395,-1042220584,-17792,-23
huawei,59,226058968874683,40734042622,2024-09-04 06-43-12,12.183.42.87,-153358372,internet,17.241.194.28,668514564,-912566410,19403,-98
huawei,93,226058841562204,40747054534,2024-09-04 06-43-48,77.37.132.83,-1655902717,ims,220.203.121.209,44466072,1915395578,11358,-3
huawei,117,226054532266251,40730089974,2024-09-04 06-44-32,64.238.182.67,1672839899,internet,250.157.170.8,-679203933,1958576118,4040,27
huawei,47,226051377758878,40750129633,2024-09-04 06-42-43,236.94.235.157,1763025627,ims,122.61.46.207,1105369992,1618104803,-20681,-20
huawei,39,226055741233824,40762286239,2024-09-04 06-41-10,178.229.202.87,-741445005,internet,196.69.240.119,-400239158,877060560,-13989,-110
huawei,98,226059124615023,40789063291,2024-09-04 06-44-38,183.73.106.133,-259928178,internet,159.223.194.202,1076496681,-319322660,3240,28
huawei,-43,226058089829506,40777859091,2024-09-04 06-41-56,52.106.239.182,-616511325,internet,89.26.238.73,-221929031,-735168337,28895,122
huawei,115,226057218520571,40726373197,2024-09-04 06-40-37,234.136.75.241,1614162623,internet,8.61.133.89,1591962379,-1273362896,-9395,15
huawei,-33,226050668608960,40769474062,2024-09-04 06-40-42,137.132.224.218,1958341606,internet,101.168.21.103,1229513844,1337639445,-29448,7
huawei,-64,226053563383232,40706248989,2024-09-04 06-41-16,11.254.24.47,915536724,internet,202.16.189.193,2136435046,471835942,-3337,127
huawei,35,226051995935602,40732249184,2024-09-04 06-40-29,231.23.147.219,-771085217,internet,232.129.80.22,-2117311484,-607891460,8648,118
huawei,-116,226055104236604,40728825024,2024-09-04 06-41-44,114.39.122.95,-1894845843,internet,43.229.212.147,1083364567,-733016316,30000,-70
huawei,-102,226059908667341,40728121856,2024-09-04 06-42-42,203.113.144.169,1232477425,internet,72.148.27.101,1462719505,1061649846,-10666,-57
huawei,90,226053082646176,40726785384,2024-09-04 06-40-55,42.72.250.228,-601631147,ims,74.243.38.80,1850883932,-1495829154,4002,-87
huawei,95,226057694782665,40798293356,2024-09-04 06-44-11,46.194.64.110,848140081,internet,38.176.76.57,-1376076857,-925205609,4886,102
huawei,112,226055129013880,40747083569,2024-09-04 06-41-53,135.158.52.56,-1417225645,internet,235.124.12.61,-29374207,458364079,15506,67
huawei,86,226056362856416,40783489467,2024-09-04 06-44-25,185.24.95.188,390619197,internet,112.254.9.136,1917499587,1437220837,-6696,54
huawei,40,226058643700965,40739394710,2024-09-04 06-44-54,221.23.96.207,-888533544,ims,11.142.235.188,874371389,1204981364,29388,-59
huawei,-116,226055593757412,40727462598,2024-09-04 06-43-38,202.201.28.28,-1020477018,ims,146.172.227.145,-433883652,1350802826,-8758,100
huawei,-11,226053218672740,40763003110,2024-09-04 06-41-21,167.168.103.12,-1606951489,ims,33.247.52.8,1932185074,500125017,-2994,121
huawei,7,226059131077276,40774146452,2024-09-04 06-43-57,67.58.100.46,-608087474,ims,201.142.131.75,-1965780441,166077553,-18740,-48
huawei,31,226054149032965,40737125747,2024-09-04 06-43-43,225.68.51.115,-1823878347,ims,83.193.248.121,-1847622003,-143383985,-2353,75
huawei,-101,226052923785796,40790070753,2024-09-04 06-41-35,61.110.10.64,691436185,internet,72.206.12.213,-644191514,-159854539,-21224,19
huawei,83,226058340246474,40724120275,2024-09-04 06-44-27,91.183.77.141,-242444411,ims,248.252.113.143,-1104279587,1039818608,27002,8
huawei,98,226057639098867,40781983398,2024-09-04 06-41-59,206.0.179.90,-1958018240,ims,170.248.211.15,631078539,1973559615,17994,-91
huawei,37,226054489840543,40796462469,2024-09-04 06-43-54,248.89.95.55,-1096848696,internet,15.47.136.193,-578767417,-1865852285,-3976,-25
huawei,121,226059495468343,40797878899,2024-09-04 06-40-41,16.222.78.97,-1555184004,ims,75.133.247.87,1422051501,-1917014221,17166,17
huawei,70,226059363866024,40709077986,2024-09-04 06-42-31,9.245.184.116,-271873281,internet,251.99.58.96,481359022,328394706,-2175,46
huawei,74,226051825168082,40737104508,2024-09-04 06-42-41,90.74.72.9,-2010631278,ims,224.52.143.77,-93555788,-1919631260,3074,-103
huawei,121,226055331566143,40796003680,2024-09-04 06-41-46,47.127.226.168,676580955,ims,33.173.200.146,-812891320,966421931,-15230,87
huawei,62,226051286999831,40765905962,2024-09-04 06-41-44,118.58.130.208,1643904414,internet,117.165.251.128,-1972125427,-1209949426,-29153,96
huawei,46,226057792797010,40788008004,2024-09-04 06-41-28,100.188.78.130,1093194594,internet,175.171.184.149,25191119,650625971,-2186,-40
huawei,15,226056481907779,40701744234,2024-09-04 06-44-46,160.26.164.84,1877261726,internet,210.194.56.46,-925208841,-1053837742,21251,-91
huawei,18,226050063723811,40793946872,2024-09-04 06-41-39,34.13.211.57,1152658175,ims,85.41.142.216,-2106475737,438137919,27558,-54
huawei,58,226054567044117,40758056617,2024-09-04 06-41-51,123.220.92.139,-2006669971,ims,240.148.251.217,360236855,1145762482,-16874,-67
huawei,68,226059217915058,40798025975,2024-09-04 06-41-15,215.220.6.61,77621233,ims,32.2.55.253,934513491,659880985,4343,-62
huawei,-27,226052131362892,40799229736,2024-09-04 06-43-38,163.24.67.24,1933227853,internet,114.225.86.96,-649159103,-273073807,11782,34
huawei,-1,226054446617822,40781019060,2024-09-04 06-44-40,226.212.160.174,7660071,ims,81.44.107.75,759277817,-678894800,32059,-95
huawei,-104,226057621852675,40719210315,2024-09-04 06-40-08,226.83.34.145,1435398657,internet,181.148.151.160,-2122481574,-1829658362,-20488,-25
huawei,-79,226055282455995,40789769553,2024-09-04 06-40-18,49.113.127.7,-1819262766,internet,248.43.233.161,1371299159,280068388,30662,82
huawei,-124,226054633430528,40777598319,2024-09-04 06-42-55,32.99.127.124,1679027083,internet,196.87.138.106,-2056089226,1729019722,20644,-28
huawei,36,226059832256164,40766097185,2024-09-04 06-44-25,10.126.202.162,1352545741,internet,246.55.94.219,-1288792669,1055926783,-15193,-101
huawei,49,226053266219080,40786640915,2024-09-04 06-41-47,39.3.88.8,-1163224315,internet,85.108.122.19,-1099155395,-221271399,-15266,-87
huawei,-114,226057984495637,40715298965,2024-09-04 06-44-43,196.79.69.143,172538665,ims,126.40.150.51,1839789974,-256343570,-23142,-5
huawei,39,226056320960806,40730738187,2024-09-04 06-43-10,217.154.85.28,-1179074795,ims,8.38.92.92,-607305132,239199709,-15637,-116
huawei,-28,226058486545818,40717192498,2024-09-04 06-43-28,12.177.50.217,-1390557055,internet,226.194.238.166,-1599139280,1535527457,-1926,104
huawei,-65,226054044285244,40736259934,2024-09-04 06-41-31,243.56.253.88,-1206134476,internet,158.207.91.241,691708381,1551632951,-29088,87
huawei,34,226051832076270,40796524345,2024-09-04 06-43-53,248.184.89.31,2048925543,ims,207.20.33.168,-73039029,-642642750,-10130,-75
huawei,126,226051141634022,40703507222,2024-09-04 06-44-56,255.171.196.80,1726594927,internet,252.132.183.198,-1557721291,-2096536331,-13181,11
huawei,72,226054588369080,40757753876,2024-09-04 06-44-44,121.235.150.116,947061208,ims,26.99.93.139,-503056229,1472150938,12792,-106
huawei,100,226059511500856,40725471157,2024-09-04 06-43-08,18.57.89.240,-690011758,internet,89.177.142.163,-449143990,-1552170319,-3429,-22
huawei,-113,226051260098609,40739800807,2024-09-04 06-40-59,38.178.236.59,-462535102,internet,144.21.233.76,1796879490,2050007607,15567,-43
huawei,-43,226051445294790,40771837354,2024-09-04 06-44-05,75.229.155.164,-766842912,internet,60.57.180.230,1892330274,1848024238,29316,-2
huawei,-118,226056119613259,40702290298,2024-09-04 06-43-08,143.232.8.170,-2123743286,ims,118.197.136.219,1739605550,767729976,22118,-84
huawei,1,226054297245503,40748852243,2024-09-04 06-41-37,172.98.148.22,-761551071,internet,68.90.224.181,1172806733,383928095,-27019,-45
huawei,-117,226051468394525,40708482610,2024-09-04 06-40-35,40.39.113.224,-208225521,ims,243.41.245.49,1104184774,1095225890,-3670,33
huawei,-113,226052685814861,40787099062,2024-09-04 06-42-05,110.254.232.102,1441214653,internet,198.131.7.59,-1431192144,-1296620488,-16188,-86
huawei,74,226053588118468,40786413281,2024-09-04 06-40-33,95.232.169.97,-1516731174,internet,253.201.66.95,1566027911,-2017838898,30751,3
huawei,36,226058457965104,40769559636,2024-09-04 06-44-28,24.58.169.197,1409119922,ims,27.187.10.145,1017009812,1948689527,13197,-80
huawei,-47,226056231848158,40705828466,2024-09-04 06-43-59,64.217.143.96,1783808592,internet,101.12.7.39,1578838061,1060442880,11156,58
huawei,-39,226050044503920,40761542414,2024-09-04 06-41-14,176.104.109.202,-151311888,ims,70.176.9.196,-1855673994,-1131272654,12724,40
huawei,30,226055396169361,40735769757,2024-09-04 06-40-35,187.115.15.226,-1751656472,internet,24.117.159.26,-132146853,-401051153,7190,-48
huawei,-6,226058652633064,40713550497,2024-09-04 06-43-07,53.142.55.23,-622149685,ims,103.167.120.80,-1230763684,-1644177772,-6760,101
huawei,1,226058286533704,40713586078,2024-09-04 06-40-16,131.157.196.36,1375410269,internet,131.8.251.48,114417595,-1523446826,17109,57
huawei,-97,226056907951891,40766048064,2024-09-04 06-42-25,255.60.199.92,-2072335833,internet,15.17.125.145,-180812733,-1315300502,-25997,85
huawei,-61,226051816548995,40752024446,2024-09-04 06-41-51,92.208.166.115,2036539613,ims,208.221.4.39,-1173669153,387345766,11492,-102
huawei,-11,226056667329119,40714970709,2024-09-04 06-43-12,6.228.3.179,-1243822087,internet,85.239.144.152,719710568,-2027238167,13804,90
huawei,-67,226058934717902,40705174020,2024-09-04 06-41-30,1.20.30.165,1238060256,ims,181.196.146.47,1943040600,575045246,17703,119
huawei,-119,226051537325929,40730862256,2024-09-04 06-40-07,198.129.98.62,-2105399258,ims,197.140.50.187,187344980,-477842350,9885,101
huawei,95,226059970959048,40788733383,2024-09-04 06-40-28,197.64.83.28,-1736984651,internet,178.79.75.172,1938812164,1594722054,11746,-37
huawei,-19,226057537749640,40754692366,2024-09-04 06-43-16,127.121.94.171,-269696021,internet,53.180.99.165,-1490794493,-1276313256,29580,122
huawei,-122,226050342456350,40701093498,2024-09-04 06-43-09,250.179.164.89,-1173362909,ims,204.32.249.97,1372024248,704661209,20191,78
huawei,75,226053181918849,40728785755,2024-09-04 06-42-19,206.247.248.237,2071270254,internet,236.66.4.142,1317545349,-369381776,-4167,-114
huawei,-49,226054811978822,40706621669,2024-09-04 06-44-07,148.228.14.43,-1806896184,internet,74.168.37.138,-1642008796,-56158937,-4670,69
huawei,4,226053947651877,40702068025,2024-09-04 06-44-17,242.78.95.151,2073340838,internet,241.77.116.160,-806557417,-741138819,-19365,85
huawei,-30,226056345103850,40796369041,2024-09-04 06-44-44,245.156.218.4,-1928563774,ims,1.121.175.126,1914111975,-1654205240,23292,-3
huawei,-13,226055712353891,40725720731,2024-09-04 06-43-56,24.187.64.32,1706471953,internet,248.227.190.165,-1244019055,-1450998193,3358,70
huawei,103,226058224423923,40784606783,2024-09-04 06-40-40,72.217.219.56,-202755784,internet,106.70.252.181,523589356,-1019232182,-2872,-119
huawei,30,226058013584285,40797851290,2024-09-04 06-41-32,15.169.108.123,-264172651,ims,16.127.105.150,421359496,1731734928,-31464,-32
huawei,19,226054555109359,40709482334,2024-09-04 06-43-17,106.209.245.184,-1805799330,internet,137.40.39.29,132424489,-1298556175,-6375,-80
huawei,-21,226053661337119,40727894594,2024-09-04 06-40-38,96.124.130.99,-1185189873,ims,2.111.142.219,-1233769,-796369189,-30911,32
huawei,-72,226059303041131,40783069672,2024-09-04 06-41-32,78.180.35.73,-1783978440,internet,70.248.209.91,-1682675151,-1572296982,-23182,20
huawei,30,226057745501865,40739294931,2024-09-04 06-43-28,234.123.147.114,1562934552,internet,154.15.196.25,-796056767,2050645426,-18129,-9
huawei,-83,226051543079161,40764639085,2024-09-04 06-41-36,139.166.168.86,-637691541,ims,207.240.76.85,1966643674,-1889291728,24342,45
huawei,-86,226054140567917,40763987060,2024-09-04 06-42-22,121.89.162.217,1666189061,internet,111.239.199.159,-1250028753,486281500,852,-125
huawei,-41,226059432491704,40724222903,2024-09-04 06-40-04,173.26.181.156,947581661,internet,242.193.103.211,-70596211,1519711757,32699,102
huawei,55,226057482726229,40745781725,2024-09-04 06-44-21,34.196.175.108,1937289643,internet,78.22.155.212,1637995283,-543116351,5130,-71
huawei,-52,226055429780972,40704501517,2024-09-04 06-40-14,248.7.175.201,107634594,ims,201.152.87.40,2128456057,-1991144872,-12776,37
huawei,-32,226053524394321,40781747238,2024-09-04 06-44-12,142.161.1.10,-1538947970,ims,61.159.74.136,243869364,913221878,-28408,116
huawei,-40,226055569730922,40714825579,2024-09-04 06-41-12,24.206.62.214,1141922839,internet,47.73.131.19,1572856277,-1401104205,-27162,-70
huawei,21,226051757756740,40778909796,2024-09-04 06-44-06,252.71.15.241,-1545460065,ims,8.37.85.178,5450942,-494173107,-12250,-102
huawei,71,226054389750198,40769195500,2024-09-04 06-40-41,218.176.37.78,-1620370135,internet,230.132.97.187,1151966214,-1641797423,-8070,-99
huawei,114,226059309964338,40786122256,2024-09-04 06-42-41,82.129.205.80,-2111465183,ims,219.114.67.151,1684361032,-1165381160,-15364,-37
huawei,-103,226051245366603,40700556680,2024-09-04 06-43-37,205.89.239.220,865183086,internet,69.224.21.242,1976324124,-128815798,-23637,84
huawei,39,226055697776412,40788664228,2024-09-04 06-43-48,125.240.98.159,662109473,ims,253.247.180.34,-1881472849,223515323,13890,-63
huawei,8,226057772301126,40769648008,2024-09-04 06-40-32,192.29.1.25,1434800852,ims,109.90.213.159,-2002236739,1588729335,25458,5
huawei,85,226057127672582,40746471635,2024-09-04 06-42-23,10.146.129.87,1472712910,ims,141.139.153.97,1423557311,734597460,-3995,43
huawei,54,226056102001798,40764352721,2024-09-04 06-41-09,56.13.49.34,-1807585188,internet,134.123.217.245,1185523422,-1996260827,1648,-111
huawei,-117,226057460707028,40712676635,2024-09-04 06-42-40,170.145.36.122,447822677,ims,65.141.192.38,-242515229,-1546471521,-7976,-119
huawei,-6,226054680254156,40705572734,2024-09-04 06-41-51,39.176.200.32,1196205407,internet,234.0.216.243,2076545356,-512470108,22661,-90
huawei,65,226052926479560,40704925207,2024-09-04 06-43-17,245.84.140.84,-2048681470,internet,200.152.253.182,614844239,1034212637,32579,32
huawei,0,226056071833117,40714203696,2024-09-04 06-44-13,102.62.41.55,-1100043925,ims,179.3.196.27,1310174937,-1288817036,-11262,-77
huawei,-74,226051639574324,40718379014,2024-09-04 06-44-32,141.85.36.192,-1857885793,ims,87.244.41.250,-1987198332,-1538590815,7748,38
huawei,46,226052010687373,40754319029,2024-09-04 06-42-43,135.145.224.67,-378522645,ims,241.118.46.255,43096786,1140017917,19600,13
huawei,-63,226058954372930,40727369811,2024-09-04 06-42-07,187.156.123.180,-378440967,internet,137.184.104.37,411449454,1777559756,-21369,-109
huawei,113,226056348731446,40730561728,2024-09-04 06-41-16,225.59.232.44,-1015238918,ims,86.93.86.6,1505468885,1500107257,23462,-29
huawei,-64,226051932141675,40754889335,2024-09-04 06-42-51,234.154.210.19,-606769510,ims,250.237.239.92,1553460296,507272173,16196,97
huawei,1,226053061480698,40764971576,2024-09-04 06-41-01,60.202.162.134,-82176242,internet,35.255.86.253,-337917500,-1269129517,-18008,33
huawei,-15,226056795281185,40707556173,2024-09-04 06-44-43,86.22.182.187,1589095580,internet,157.208.172.212,614031689,1453965405,1382,-38
huawei,-30,226051955704907,40726811643,2024-09-04 06-41-24,157.155.176.230,1577443850,ims,234.102.1.118,-172554285,-1144090202,-4240,-118
huawei,116,226055066186922,40797911017,2024-09-04 06-44-05,159.218.202.102,-2147138914,ims,97.123.15.193,288133426,1420570220,-17707,-62
huawei,83,226056985706038,40723511344,2024-09-04 06-41-01,243.54.4.176,1585349846,internet,75.100.163.180,355527328,870958286,28274,-92
huawei,31,226055955813929,40741017881,2024-09-04 06-44-58,29.89.126.42,846992394,ims,36.161.61.199,426182484,850651794,-25439,-57
huawei,37,226052441605505,40794847210,2024-09-04 06-41-53,131.254.104.37,-1549936292,internet,217.127.13.194,1325265640,-2104916147,-30932,66
huawei,-8,226058369640191,40715965204,2024-09-04 06-40-13,141.104.87.81,-235356921,internet,205.199.106.76,-1238464961,469985680,26854,-22
huawei,5,226059208424034,40760860795,2024-09-04 06-44-34,89.75.24.243,2004528972,internet,58.15.247.39,-1569001438,163502493,-14503,81
huawei,42,226055549282012,40755524732,2024-09-04 06-40-22,78.67.242.94,1637819325,internet,132.86.65.158,148476183,-1916213730,2649,-70
huawei,-59,226056068174487,40757904758,2024-09-04 06-44-55,160.105.21.6,-660028554,internet,106.225.248.111,2109573449,-1595998433,-7631,14
huawei,15,226057691572289,40783118011,2024-09-04 06-43-59,60.96.249.65,255863644,internet,134.141.237.168,653961002,1041057375,31556,53
huawei,-36,226059101079343,40766458570,2024-09-04 06-40-31,175.255.65.159,-716258453,ims,40.143.137.79,806063315,573012382,-18169,64
huawei,-49,226056087197737,40701493417,2024-09-04 06-44-44,197.161.194.197,149470779,ims,150.83.61.244,357467491,79978026,3608,37
huawei,-57,226051169160371,40725146580,2024-09-04 06-45-01,137.103.179.175,204761546,ims,128.126.43.134,878228161,571464207,28191,16
huawei,-101,226057534699696,40798966781,2024-09-04 06-44-26,106.217.210.125,606092148,ims,11.10.156.238,-81950968,-1333380584,15567,-32
huawei,-79,226051847766248,40791292334,2024-09-04 06-40-51,76.225.20.254,1401338294,ims,140.23.140.92,1910546411,1229393805,-17097,-13
huawei,-78,226051376443721,40769980414,2024-09-04 06-43-33,189.67.132.171,-906481667,internet,39.48.244.241,1559651553,-238842914,-20758,52
huawei,-53,226056530906731,40769795247,2024-09-04 06-43-41,195.38.245.128,152135867,ims,144.162.138.186,1579126041,-1811308627,-25811,51
huawei,-86,226054625931584,40774991655,2024-09-04 06-44-10,182.214.171.235,-425557875,internet,19.179.164.151,38979003,486142879,19508,-37
huawei,-123,226050489588121,40720885833,2024-09-04 06-43-39,128.58.24.73,1481770733,internet,101.69.40.140,-1724125630,1949047186,-123,-104
huawei,84,226058482902169,40726779183,2024-09-04 06-40-42,10.107.84.223,-798964112,ims,34.51.196.92,77452798,-1827028660,-1909,26
huawei,-118,226058550233574,40789754256,2024-09-04 06-43-14,84.225.56.214,-643298619,ims,135.230.142.195,1357720744,-1952129159,1557,-29
huawei,-28,226058382844463,40751537280,2024-09-04 06-44-29,248.109.53.41,-1324090383,ims,21.1.209.36,505639147,1118013897,-16864,-121
huawei,126,226053715038799,40733282671,2024-09-04 06-42-23,27.86.112.136,-1862064833,ims,56.243.81.241,-707115713,1866599356,24669,-126
huawei,-75,226056616454205,40727911924,2024-09-04 06-43-37,11.81.236.94,1452686655,internet,31.119.90.152,-222081212,386162198,19336,-55
huawei,126,226054774029194,40754133930,2024-09-04 06-40-42,236.45.43.32,584264780,ims,12.145.191.155,-58014649,-1972319613,5486,-63
huawei,-41,226053458076724,40716915335,2024-09-04 06-40-56,5.5.199.132,1928654814,internet,151.202.147.104,840149384,-1282805399,21912,-19
huawei,-55,226050757450885,40746919810,2024-09-04 06-40-20,144.255.239.83,1573894072,internet,80.177.89.26,946898943,-207090835,-17291,-36
huawei,-79,226053362132473,40793205280,2024-09-04 06-43-32,234.174.227.242,-223961794,internet,225.80.168.230,-1464199775,-770651779,-21479,-120
huawei,-40,226053089610362,40700518824,2024-09-04 06-41-29,61.84.65.72,-1928156906,ims,252.252.163.74,-815777313,-710772638,-578,33
huawei,-55,226058199198581,40703876029,2024-09-04 06-44-45,100.80.246.202,-1375317407,ims,137.134.2.184,-1568021684,-1881004971,-11163,-128
huawei,-102,226058624069094,40784850530,2024-09-04 06-41-24,43.105.249.192,-1308519691,ims,234.81.72.118,-1843867548,-1815486096,-25564,122
huawei,84,226052371977575,40754613277,2024-09-04 06-40-37,143.82.41.74,1480238944,internet,232.189.44.201,-1748490174,1408475773,-10465,-123
huawei,-48,226053939347925,40781555963,2024-09-04 06-41-46,198.35.99.153,-2020071758,internet,241.62.42.235,-1980542580,730247064,10813,14
huawei,-68,226053689007639,40745794129,2024-09-04 06-41-55,226.243.32.255,1748343982,ims,231.217.111.247,1430313036,-122008623,-28749,-91
huawei,101,226052831455713,40795114320,2024-09-04 06-40-31,64.252.134.113,1560927237,internet,20.222.205.22,656125452,-1565277099,-25678,-70
huawei,-92,226058594432988,40751734891,2024-09-04 06-41-24,78.135.137.156,-1113761573,ims,168.180.172.185,444213468,1788651363,-31557,10
huawei,-37,226056841095149,40704530071,2024-09-04 06-41-33,140.23.135.7,-1657203498,internet,108.152.153.242,-885428128,1945511917,7509,88
huawei,-14,226054831229656,40759760916,2024-09-04 06-43-17,89.2.43.124,-2065311815,ims,138.79.143.40,-1317024083,-995411135,707,-122
huawei,-54,226055204221985,40731435529,2024-09-04 06-43-58,153.196.198.222,-437380855,ims,183.152.3.248,1485264813,-2106531962,-21483,3
huawei,49,226058042593347,40775853789,2024-09-04 06-42-01,65.185.68.179,1327496553,ims,64.3.5.162,-1661237273,27260365,31295,-114
huawei,-110,226050231471333,40707703882,2024-09-04 06-41-13,65.114.229.208,-1547665350,ims,111.225.120.5,919990561,2009881683,-27604,-72
huawei,81,226055334852346,40790070805,2024-09-04 06-41-00,228.30.61.98,1841674797,internet,243.150.104.89,69721470,-1960549941,8616,25
huawei,115,226056743046790,40729980396,2024-09-04 06-43-57,211.214.232.172,-11276958,internet,182.234.80.92,-1054692973,-806904862,-3523,-70
huawei,-92,226053981098471,40748344309,2024-09-04 06-42-53,244.209.208.80,-1986448898,ims,34.152.223.0,1874984005,382618403,-14048,-51
huawei,71,226053359504723,40757217337,2024-09-04 06-43-46,47.66.34.117,-282764211,internet,232.158.216.103,-375019412,922620553,19680,68
huawei,-18,226050408323249,40724341584,2024-09-04 06-40-27,111.217.223.196,1150754433,internet,171.73.160.170,714722272,-1618054570,-15632,-19
huawei,95,226052952503511,40785874009,2024-09-04 06-43-12,181.214.185.28,837704006,internet,80.175.140.143,-2054657759,794809787,-19715,120
huawei,99,226052909412773,40753641172,2024-09-04 06-41-51,211.236.209.253,-459714702,internet,187.194.239.234,1663351589,397799160,20892,81
huawei,-6,226054321230466,40702254829,2024-09-04 06-43-05,86.183.194.246,3826178,ims,183.206.195.51,204093626,1241337001,3231,88
huawei,-108,226058148100484,40726414036,2024-09-04 06-40-07,65.242.60.112,-1438635223,internet,153.202.17.176,779297391,-1138459851,16004,41
huawei,23,226051846447880,40771140653,2024-09-04 06-44-05,95.180.38.50,1669404553,ims,82.234.229.183,-1722872633,593238179,24525,110
huawei,-55,226059079643438,40757090840,2024-09-04 06-40-08,55.138.114.64,1936664676,ims,74.169.232.177,-226358258,-1320305435,8451,47
huawei,9,226051021730820,40762642713,2024-09-04 06-44-19,102.208.12.218,798536325,ims,240.116.114.243,-1767572162,1001157807,16692,89
huawei,-45,226052972214144,40717995423,2024-09-04 06-41-07,53.141.6.198,1915249384,internet,155.213.118.183,1675254945,800545405,-7174,-55
huawei,59,226057844523793,40793871469,2024-09-04 06-43-22,209.126.224.239,1283892233,internet,164.129.114.65,-1946453341,-1563974740,-26487,34
huawei,85,226056035632134,40760562314,2024-09-04 06-41-13,6.245.142.155,1678592538,internet,22.88.111.11,1274788621,1462349281,32746,88
huawei,92,226055180676111,40790020498,2024-09-04 06-40-48,33.129.237.86,-828218685,internet,236.40.167.230,1342719935,-1516913489,29094,-107
huawei,-36,226059685665222,40751387455,2024-09-04 06-42-16,0.189.246.144,20556251,internet,109.46.190.54,-1604102214,-1929744612,25658,-11
huawei,-35,226054800693038,40738235847,2024-09-04 06-44-50,21.167.17.171,-1471183309,internet,93.125.160.186,-181256143,352864059,10742,-22
huawei,-36,226051433088204,40728576807,2024-09-04 06-43-08,242.155.122.246,1601673004,internet,166.238.115.214,778496442,2043730177,-18197,-105
huawei,-34,226056664464874,40750507850,2024-09-04 06-44-55,18.15.119.81,-594034671,ims,130.205.241.218,-181582128,-1160695832,23890,30
huawei,-102,226054989837281,40715785761,2024-09-04 06-43-12,227.40.114.212,687941526,ims,200.35.234.209,-2099391911,-1501391771,-13460,47
huawei,-60,226051813263744,40783268287,2024-09-04 06-44-32,27.35.209.93,958093989,internet,119.220.23.200,-2062158335,583356276,-9610,112
huawei,-17,226056251037435,40797099862,2024-09-04 06-40-27,251.192.199.255,1312017279,internet,96.118.151.231,-1010564122,-1786074880,30860,96
huawei,70,226054564317051,40738946582,2024-09-04 06-42-24,130.1.48.83,2040691227,internet,100.231.165.57,353058625,-2042638958,5025,-28
huawei,9,226052046669438,40701873601,2024-09-04 06-42-13,126.222.173.50,-1423345587,ims,66.244.224.14,-1364607367,-1619085967,18528,-105
huawei,49,226059243681633,40717205406,2024-09-04 06-43-44,220.174.212.40,-692212793,internet,66.2.239.59,-1212782155,-797799302,7007,-105
huawei,-32,226050616751239,40713683317,2024-09-04 06-40-16,70.192.253.136,689753482,internet,202.114.105.73,1360257011,1757912189,-2021,-12
huawei,-16,226055501415935,40710594412,2024-09-04 06-42-08,139.176.12.161,2095380030,internet,212.13.86.7,129225073,-1907849948,6996,-47
huawei,-108,226056105967026,40746053208,2024-09-04 06-40-26,25.47.188.10,-750138312,internet,66.145.214.139,601837085,-1623483269,2289,-73
huawei,6,226058992097421,40740145092,2024-09-04 06-44-06,28.178.174.179,1822848211,ims,82.223.204.194,-840281541,-1282278113,1836,-25
huawei,51,226051211071812,40741353362,2024-09-04 06-40-08,251.13.30.241,-1156510240,internet,136.31.139.222,211389555,-485272760,-32092,-73
huawei,-4,226055172092171,40758638840,2024-09-04 06-44-17,255.208.177.128,245953821,ims,176.106.223.252,104750008,164395621,-21323,-56
huawei,54,226059258763075,40727835395,2024-09-04 06-41-50,109.162.105.196,982569000,internet,106.172.188.154,-1849729633,1957839991,-19546,94
huawei,-86,226053572563289,40745349743,2024-09-04 06-40-39,216.230.197.68,1095122645,ims,20.245.238.162,-1632122610,-961914239,-15325,1
huawei,-7,226051544165372,40773586171,2024-09-04 06-40-22,139.36.52.70,-660405817,internet,238.113.180.143,-205124761,119510331,25089,83
huawei,-57,226057064134344,40772431706,2024-09-04 06-40-31,99.0.5.64,-1705633823,internet,205.241.202.127,1553931147,470093219,-5648,122
huawei,-25,226058397010559,40746124968,2024-09-04 06-43-00,162.101.58.107,925164602,ims,132.203.185.152,1547442413,-1874347319,14203,113
huawei,10,226059570409427,40701657221,2024-09-04 06-44-46,60.11.115.225,1848824623,internet,171.244.31.210,-1639369626,-346602957,3931,55
huawei,109,226055508132268,40721928672,2024-09-04 06-41-06,3.158.31.16,1361862691,ims,215.180.159.246,-1205144868,1985399355,11708,-91
huawei,-53,226058799426755,40714654025,2024-09-04 06-40-04,162.251.193.242,-483901011,ims,214.204.35.213,608533780,-1135638167,21343,-45
huawei,41,226057521382273,40738662786,2024-09-04 06-44-47,235.176.169.4,-1578439437,ims,229.179.48.175,-1782216981,-132970575,19095,-51
huawei,-45,226051482133966,40730852132,2024-09-04 06-42-58,90.1.56.35,779483,ims,28.214.115.35,413185421,-732915416,26199,41
huawei,36,226050216062220,40727132652,2024-09-04 06-40-29,78.173.234.178,1800250000,internet,187.178.192.22,948242417,-419663902,422,-43
huawei,107,226054922944318,40711283784,2024-09-04 06-43-33,94.28.51.83,1249130588,internet,105.229.52.69,-2126480932,272180913,-8877,101
huawei,-80,226057959450045,40755861339,2024-09-04 06-43-03,133.207.36.85,-2048523318,ims,54.111.92.21,-1960931135,1100246706,-11612,-6
huawei,61,226052249939021,40772771570,2024-09-04 06-42-28,223.111.91.5,764116973,ims,204.9.82.87,-665124168,1283324614,13203,73
huawei,-15,226052353377686,40758989488,2024-09-04 06-42-27,75.97.36.59,873223213,internet,205.181.109.252,758350344,107131212,-25337,-122
huawei,41,226050451007011,40796133609,2024-09-04 06-42-05,143.221.190.1,-1327192970,internet,230.118.15.28,477913545,-200387607,-22963,115
huawei,-7,226052413700887,40716057942,2024-09-04 06-40-02,175.184.252.73,-2088834348,ims,64.149.221.15,1334171983,636692462,-29596,78
huawei,-115,226059788449843,40708023011,2024-09-04 06-41-28,154.8.131.74,-624033652,ims,180.174.104.20,-1723474177,1328994375,11026,-43
huawei,-33,226052806625416,40750272249,2024-09-04 06-43-51,25.67.1.201,569100334,ims,169.224.105.81,-1480549829,-1039055838,-22539,-1
huawei,-59,226053327865759,40766880008,2024-09-04 06-44-50,125.143.143.206,-1307044048,ims,57.205.51.13,1187816014,1644555351,19244,85
huawei,97,226051035532339,40797706861,2024-09-04 06-43-53,152.41.125.192,1000564384,ims,81.67.95.207,-1458057983,709807877,-15072,-54
huawei,-90,226057048007907,40762723619,2024-09-04 06-41-04,105.21.185.134,-877407647,ims,40.181.127.29,1416283877,-1316046344,-31055,-46
huawei,-106,226057927850534,40769024174,2024-09-04 06-42-01,235.194.236.253,462473792,ims,84.238.61.58,1604396552,1094896520,-20197,109
huawei,-58,226055095865456,40712584317,2024-09-04 06-42-17,12.195.134.249,883155503,ims,48.7.51.74,-811714751,-799610877,-30821,40
huawei,106,226054374647877,40734380906,2024-09-04 06-41-41,105.75.161.7,-850042678,internet,223.174.249.104,-1839222934,1595468395,27021,-117
huawei,54,226054442447955,40716809513,2024-09-04 06-41-20,132.183.176.143,-1310230109,internet,4.133.38.117,-1739548431,-22664345,-3367,63
huawei,-23,226050301353128,40773298591,2024-09-04 06-42-29,79.0.45.74,-675646618,ims,158.220.3.216,-1017497333,2054275866,-11597,58
huawei,-106,226054607433941,40712977823,2024-09-04 06-40-13,170.168.224.87,1279526514,internet,150.198.178.221,297698177,1548708934,2030,-81
huawei,60,226056852208599,40747828790,2024-09-04 06-42-09,151.45.203.182,1451935952,ims,24.27.199.79,-455809994,1953537282,14511,-58
huawei,110,226052530876397,40737854997,2024-09-04 06-42-56,0.221.149.202,-1887530828,ims,248.96.234.245,574411781,1524383858,15528,-117
huawei,-4,226059370581632,40721564479,2024-09-04 06-40-57,26.212.226.194,-668463891,ims,229.70.217.202,-294630458,1104277089,27710,56
huawei,87,226053280657964,40776514121,2024-09-04 06-43-46,5.81.3.21,1724680635,ims,72.50.60.40,-1386342283,-1999373938,22865,106
huawei,-18,226055099539293,40717683785,2024-09-04 06-42-30,49.199.114.11,-1653047793,ims,47.78.61.68,-299806678,-1922995039,-22583,86
huawei,88,226054311670693,40785845398,2024-09-04 06-41-49,248.27.113.81,-1970833010,ims,74.31.156.1,-2088362122,1497234417,-9452,118
huawei,-57,226052975235770,40789588456,2024-09-04 06-42-31,81.45.13.109,-1814111575,ims,100.11.208.83,-1297473322,1086627553,-1659,65
huawei,-110,226052233545361,40790581292,2024-09-04 06-41-07,6.185.254.209,636396109,internet,215.30.191.207,359522353,-944165070,-22494,90
huawei,5,226050466369997,40709607343,2024-09-04 06-43-46,255.240.113.4,-437808090,internet,168.155.144.114,758193268,-2078444771,4628,-117
huawei,117,226056554057364,40767636878,2024-09-04 06-42-05,27.94.153.252,-1588644199,ims,114.214.53.145,-524128315,573469319,-25728,-82
huawei,104,226052623070960,40723783553,2024-09-04 06-44-00,194.233.62.199,-814811351,internet,179.126.127.94,-375993573,831035555,-2691,28
huawei,-119,226053787960192,40706046094,2024-09-04 06-43-41,121.195.89.25,2056683628,internet,42.152.94.71,1832099641,1915166332,-3748,27
huawei,98,226059005041836,40772496440,2024-09-04 06-42-36,249.251.182.85,976175750,internet,113.53.38.48,-1150797538,1026376080,-18141,-2
huawei,94,226055989470521,40725508206,2024-09-04 06-40-05,184.69.98.176,-386054417,internet,7.195.69.250,782344819,43505433,20177,-45
huawei,-17,226058234690018,40741568501,2024-09-04 06-43-08,69.121.137.39,28193935,ims,238.80.254.240,-1141234625,-380743287,-9326,39
huawei,-121,226054990496952,40747654700,2024-09-04 06-42-55,198.37.15.170,-488916822,ims,228.174.247.155,-1509041086,-645828471,27051,-4
huawei,20,226057831753498,40779762419,2024-09-04 06-43-24,28.184.215.124,1718448331,internet,26.187.247.94,1030090619,1090061537,-2730,-79
huawei,-115,226055701778581,40738591555,2024-09-04 06-42-39,180.40.13.200,-36324312,ims,120.178.135.217,-798624005,1825003783,20767,-103
huawei,-92,226059299429127,40747311833,2024-09-04 06-40-35,20.103.254.238,-334289621,ims,231.176.214.254,-1120884211,-22942733,-14366,-45
huawei,-13,226057584788694,40771840865,2024-09-04 06-40-35,43.139.159.70,-1653598046,internet,132.233.49.177,-789707329,-1929062784,5586,78
huawei,-15,226059155518118,40703106083,2024-09-04 06-44-27,71.61.159.182,-2040374951,internet,118.68.98.113,583016422,-1226058975,-22531,-30
huawei,-94,226059479518264,40716679445,2024-09-04 06-41-22,148.128.236.241,-1435197220,ims,2.132.101.253,66305352,-1727161890,-11750,-39
huawei,-126,226056810230440,40768306447,2024-09-04 06-44-11,170.150.66.32,120368376,ims,7.199.171.123,1086427734,419808893,4659,-118
huawei,64,226050758134255,40740156545,2024-09-04 06-44-52,166.145.147.94,1061636060,internet,131.85.186.89,-114114911,-1231091470,14687,-29
huawei,-66,226058832696768,40768020539,2024-09-04 06-42-09,65.66.81.208,-2013004614,ims,250.192.22.247,-1057424190,385566570,13652,-6
huawei,-17,226050801333094,40788604671,2024-09-04 06-40-49,223.125.11.108,436407882,internet,125.118.228.165,1678276011,443960688,15522,24
huawei,14,226050580448047,40700331589,2024-09-04 06-41-49,239.128.251.72,-1033406159,ims,164.10.50.38,-711786752,860025588,11154,-109
huawei,68,226055331692190,40767935546,2024-09-04 06-41-31,194.171.26.153,-2046626735,internet,154.59.184.234,1369591757,1628313172,-6363,-61
huawei,-51,226059750985447,40708229229,2024-09-04 06-42-04,74.139.210.53,1207769292,internet,213.99.135.150,-738857926,-1913957014,-20125,-65
huawei,107,226053778467024,40794336252,2024-09-04 06-43-54,133.244.15.239,-1643484734,ims,139.132.188.26,1856693807,248720610,-18700,124
huawei,-101,226053502888991,40706965058,2024-09-04 06-44-14,54.82.128.197,34252530,ims,3.104.242.133,-731611388,-77452917,-8814,93
huawei,50,226051871427675,40731609130,2024-09-04 06-42-14,139.69.74.183,-1947160641,internet,157.198.28.46,-957254751,-1026893776,-16470,-17
huawei,104,226058236704925,40794472539,2024-09-04 06-41-23,149.121.39.126,706719506,internet,205.46.144.162,-1786164471,-224983456,3726,-64
huawei,98,226056466790731,40742864321,2024-09-04 06-44-44,35.207.87.14,-310526204,internet,182.176.127.41,1895585675,-1086052663,7424,77
huawei,76,226054786554805,40725646166,2024-09-04 06-41-26,24.228.83.104,408240793,internet,97.208.142.77,-185628693,1922130266,-11295,72
huawei,-126,226056922411751,40734423039,2024-09-04 06-42-56,20.164.213.162,-1674322833,ims,109.161.176.183,153998591,317524999,-6741,-38
huawei,-14,226050366905370,40775917591,2024-09-04 06-42-38,86.150.167.148,-1758666167,internet,55.245.36.188,-773299213,238727388,19883,-1
huawei,-26,226053633914809,40722810228,2024-09-04 06-40-41,9.231.41.0,432668347,ims,108.243.63.13,1745737190,1665837831,-22371,30
huawei,-69,226052194322976,40710292065,2024-09-04 06-44-58,241.187.188.236,2114946873,ims,156.13.55.72,-1403118858,-1873049472,-4550,72
huawei,70,226054779417518,40722113353,2024-09-04 06-44-44,208.69.74.119,920818304,internet,61.90.191.45,768650673,1711809345,-19859,25
huawei,-73,226055648953914,40758161278,2024-09-04 06-43-20,190.248.176.165,-1027259223,ims,150.124.170.8,358491569,1694382896,21324,-52
huawei,127,226056465288915,40728359924,2024-09-04 06-43-33,96.150.53.112,1581893800,internet,50.112.176.40,-1323362282,-1686954361,31983,-46
huawei,-54,226058777832014,40758130101,2024-09-04 06-41-40,177.199.151.50,-1458418927,ims,231.180.74.167,1329730217,944138047,9299,-95
huawei,-78,226056435384730,40781749625,2024-09-04 06-42-59,212.155.158.17,-1247229757,internet,100.229.199.169,-864404715,161402279,1542,-118
huawei,25,226057097515170,40717763599,2024-09-04 06-43-04,121.138.120.190,-399331420,ims,59.119.251.213,-1244133312,-1018442695,-23534,-116
huawei,69,226056651450154,40706637336,2024-09-04 06-42-06,176.214.30.31,-1000744897,internet,239.17.97.124,2081251851,-1741890707,-20186,-86
huawei,112,226057832392089,40733143532,2024-09-04 06-40-54,174.115.15.237,-611289323,ims,199.210.99.73,-2120438771,-500496858,-22603,-73
huawei,-7,226052897176002,40761382294,2024-09-04 06-40-57,38.135.71.181,719694896,ims,88.180.142.246,-1345584083,-25318072,-11239,124
huawei,-60,226054686010941,40708622569,2024-09-04 06-42-06,36.158.148.196,1139852646,internet,151.140.253.255,-678723171,305665700,-1914,8
huawei,55,226051788671469,40719452829,2024-09-04 06-44-10,71.135.113.94,672076950,ims,242.213.77.128,1814463125,1676030887,-16048,102
huawei,125,226057656818574,40717607207,2024-09-04 06-43-48,64.137.138.169,737011469,internet,52.39.154.22,-1632194817,784995840,-14105,-39
huawei,-89,226052037486567,40703480457,2024-09-04 06-43-35,16.160.227.166,-478500912,ims,248.87.99.99,-1109882354,-95137888,27090,-57
huawei,-30,226056436443537,40714488384,2024-09-04 06-42-43,147.139.229.17,321498353,internet,241.171.134.124,2079055447,183927708,-16959,-115
huawei,117,226055510486928,40791122606,2024-09-04 06-42-28,146.85.171.124,114536057,ims,253.236.176.32,-918064109,-1985258621,-9944,-115
huawei,21,226050782147833,40770464591,2024-09-04 06-44-31,190.206.99.104,154137032,ims,73.224.133.247,-1253364842,-152357767,-6443,8
huawei,-98,226054577552596,40788705539,2024-09-04 06-44-25,214.211.55.180,26408220,ims,141.213.54.124,-27542253,-1648509683,9793,95
huawei,-78,226056982785996,40753257239,2024-09-04 06-43-31,119.49.123.163,-429813976,ims,210.2.249.203,2120201582,1400783217,-30029,90
huawei,62,226054839721090,40708352392,2024-09-04 06-42-30,41.33.189.210,274083187,ims,99.242.146.172,1471486039,616167373,27565,5
huawei,103,226051477063171,40721577608,2024-09-04 06-44-38,226.199.118.217,-90364648,internet,229.63.216.162,1558024746,1405921145,-19056,-60
huawei,-128,226059876082087,40704950518,2024-09-04 06-40-39,58.140.168.206,1240735166,ims,103.124.206.64,-414929705,824625919,27988,38
huawei,-65,226053039565621,40789394453,2024-09-04 06-40-27,65.58.174.178,1976878679,internet,114.129.109.199,1553578811,-872563864,8627,81
huawei,53,226058063829140,40762280040,2024-09-04 06-42-46,142.15.58.154,-80396939,internet,67.106.9.71,969676478,772273089,28387,113
huawei,34,226050217990195,40759729866,2024-09-04 06-43-21,97.49.14.241,-1987891955,internet,62.179.163.195,-1018743227,166282699,25015,-53
huawei,-118,226058732897938,40740975499,2024-09-04 06-40-36,81.36.169.6,-1166690840,ims,143.242.24.1,-687679640,1206557016,-18297,48
huawei,-27,226057681233491,40764076614,2024-09-04 06-42-24,57.199.165.118,-1864604195,ims,151.144.104.37,-1125632306,1431049032,29873,38
huawei,-115,226051637680786,40735466255,2024-09-04 06-41-15,4.16.6.48,1881676882,ims,130.18.181.134,225063874,-315904129,12890,-26
huawei,99,226058612197363,40785883051,2024-09-04 06-44-58,82.138.40.77,-1946708932,internet,35.30.192.221,1183892101,-752053619,1021,48
huawei,103,226054205100291,40740836895,2024-09-04 06-41-08,18.255.87.44,-1418406075,ims,49.134.210.60,-2055459506,-380119521,-8675,-22
huawei,18,226050292729123,40738291836,2024-09-04 06-42-43,57.90.81.211,-2022432216,ims,242.239.10.193,190739129,-790902190,-19923,-128
huawei,51,226058301704534,40724264647,2024-09-04 06-41-09,32.63.87.48,907839524,ims,68.232.216.191,985366907,-1523604080,-30938,-10
huawei,92,226050665919503,40746861302,2024-09-04 06-43-57,230.92.104.67,1091739664,internet,219.53.170.65,-809494767,2146612981,6603,-114
huawei,110,226059150005828,40756827918,2024-09-04 06-42-04,174.81.244.222,-591621623,internet,185.140.157.193,823261378,1207945964,-14596,105
huawei,-104,226057540289431,40705419832,2024-09-04 06-41-12,55.81.176.30,-47488317,ims,118.98.149.141,-1339784807,450053661,27245,84
huawei,-97,226059265543497,40731935291,2024-09-04 06-43-30,235.245.168.215,-196683085,internet,32.52.135.242,193164619,1451840647,-12848,-65
huawei,-85,226058876260564,40758120249,2024-09-04 06-42-13,151.2.129.65,1619717552,internet,88.71.224.143,284981541,-402316676,-25063,-54
huawei,-92,226057267288206,40763944187,2024-09-04 06-41-14,5.113.93.214,1436044745,internet,9.32.134.146,-966642180,-859413625,-14535,-57
huawei,104,226054016748415,40747007585,2024-09-04 06-44-55,32.126.103.38,1837416184,internet,215.74.93.246,-1912406940,778764955,-19407,-68
huawei,-112,226055806008634,40784516631,2024-09-04 06-41-03,221.6.55.163,1551162800,internet,43.124.57.226,-1553595334,1428115902,-31818,13
huawei,-35,226058369332385,40707771712,2024-09-04 06-44-06,139.167.112.110,2060607264,ims,186.173.103.234,-1634805601,27687218,-5345,101
huawei,-38,226051708452764,40751144636,2024-09-04 06-40-29,139.236.93.66,663754162,internet,139.250.197.23,1784802455,-503253188,-1724,36
huawei,-10,226059136808719,40751507108,2024-09-04 06-41-09,225.146.68.154,-1828370957,internet,79.199.82.135,1853983129,-1701715002,12248,48
huawei,30,226050549138861,40710898486,2024-09-04 06-43-03,84.215.149.77,1747192121,internet,159.49.160.189,-2006603859,166828292,28935,39
huawei,92,226056991958113,40738303709,2024-09-04 06-43-28,225.86.32.140,915897319,internet,122.45.188.213,-1469457434,-566852830,-25424,71
huawei,125,226051805503224,40741224834,2024-09-04 06-43-30,167.82.210.21,-636073934,ims,137.189.83.237,-610481975,-523500720,-11037,90
huawei,123,226055847199046,40763448147,2024-09-04 06-40-10,130.176.52.17,-589811617,ims,70.106.102.104,-1778301746,-1998982575,-25771,110
huawei,119,226058921322293,40726394681,2024-09-04 06-43-52,114.165.134.152,-1370992251,internet,123.51.135.92,343141024,-80633926,-26732,-91
huawei,-96,226053769035782,40794238661,2024-09-04 06-40-57,253.178.23.16,-836596904,internet,7.121.161.129,-1709189117,812713858,899,-104
huawei,-29,226051670211384,40788774015,2024-09-04 06-40-29,219.176.176.87,1467755951,internet,98.225.165.48,-700007487,-1737334258,-16405,41
huawei,36,226054744595542,40787218744,2024-09-04 06-41-33,209.97.151.193,-1407620502,internet,220.16.59.198,1938442011,270034784,9541,15
huawei,46,226059258984698,40723279028,2024-09-04 06-40-26,59.96.70.157,-1205798735,ims,72.219.31.149,-1200775192,-1467236376,-23101,-12
huawei,-32,226053722180951,40722247964,2024-09-04 06-40-47,79.40.4.230,-1473855613,ims,10.37.70.8,1276269558,759527223,4348,101
huawei,-124,226054210596689,40764957330,2024-09-04 06-40-11,210.90.111.207,1366539375,ims,187.188.82.171,1446387992,-1775613348,25625,-126
huawei,5,226059764023540,40711803674,2024-09-04 06-43-10,196.190.199.89,270384529,internet,144.61.60.127,-1078300036,1281231262,11501,-45
huawei,-65,226059921044485,40737906515,2024-09-04 06-42-20,6.187.86.77,1261867343,ims,170.102.65.147,-355618838,265403040,25042,63
huawei,102,226057034990294,40737230555,2024-09-04 06-41-42,7.116.45.26,-967012068,internet,145.152.112.86,-2121647824,-1048838739,27927,2
huawei,-97,226058043399564,40792936244,2024-09-04 06-42-13,14.234.170.96,2050687223,internet,229.151.188.212,596636945,1042885975,-26357,74
huawei,-25,226057595359633,40754495384,2024-09-04 06-42-21,94.223.85.24,1480400692,internet,61.230.92.147,-58410589,548435884,-1821,-44
huawei,-16,226057457322782,40794119321,2024-09-04 06-43-35,69.188.223.166,1866536816,internet,103.25.191.144,-1597145122,-1305629212,3979,-38
huawei,84,226053317802563,40783510419,2024-09-04 06-42-00,138.28.1.149,-1989224766,internet,216.89.88.142,-1892821129,-286367379,-18492,69
huawei,-80,226054186878786,40774684424,2024-09-04 06-41-07,56.122.23.122,1541132407,ims,84.234.238.166,1670975347,-1437073678,21183,-116
huawei,24,226051726770713,40791080201,2024-09-04 06-42-04,112.69.103.34,1892917922,ims,196.146.235.149,1033803584,1154817748,729,-50
huawei,88,226056211709607,40734470794,2024-09-04 06-40-33,82.79.189.120,-756636159,ims,57.24.18.212,1652857244,376257235,-31667,44
huawei,-10,226052744139517,40787489989,2024-09-04 06-42-01,166.49.148.2,2044738660,internet,234.24.81.142,1693494570,-1745317437,-32214,76
huawei,79,226055959615882,40739196950,2024-09-04 06-44-16,165.157.253.14,481574363,internet,229.82.65.199,-863986135,1515469460,-11275,-100
huawei,107,226056753934006,40762382513,2024-09-04 06-43-01,7.138.201.95,1805459217,internet,202.221.246.86,955701163,-667995384,-26241,110
huawei,14,226052555434343,40772761852,2024-09-04 06-40-44,113.158.122.55,121477590,internet,81.235.105.61,-33050828,1142680863,5301,69
huawei,-86,226051687237176,40782053035,2024-09-04 06-42-58,32.15.126.206,986132250,ims,143.112.46.236,1258718544,-503601813,12214,17
huawei,-83,226058712454423,40794254261,2024-09-04 06-42-17,220.178.159.250,-1013897162,ims,47.229.84.157,1374182187,-937127035,16085,-95
huawei,-41,226055042466861,40733529607,2024-09-04 06-40-37,229.154.97.151,1977026874,internet,110.207.89.12,-1471851701,-1746056864,-27156,-85
huawei,99,226055589060302,40744417584,2024-09-04 06-40-46,202.104.106.29,-1191549058,internet,124.96.216.158,-1066509374,759191511,-8619,64
huawei,43,226058587716456,40746940333,2024-09-04 06-40-03,43.132.184.143,1600103519,internet,125.132.2.251,-2088608176,-1212417018,-527,-46
huawei,19,226059554158370,40775642335,2024-09-04 06-43-52,250.104.30.81,960665454,ims,202.24.224.83,-1990999519,1936884052,-20105,38
huawei,76,226054274262768,40728412672,2024-09-04 06-43-27,119.126.119.143,-1647549316,internet,184.108.130.68,-336424412,-563405612,31350,-101
huawei,0,226055343598736,40712011414,2024-09-04 06-44-31,216.99.255.40,-315229361,ims,101.140.71.53,49099133,1466107808,-24198,82
huawei,-13,226050154883750,40712312556,2024-09-04 06-41-43,223.32.162.208,-581153504,internet,106.93.113.5,122969829,285234837,-4525,82
huawei,46,226052576619456,40797823997,2024-09-04 06-41-10,141.118.246.237,-1281240806,ims,116.150.42.217,-2072221798,1129097763,11838,26
huawei,-47,226057804556144,40708931811,2024-09-04 06-43-17,253.244.90.197,1256929642,ims,57.95.89.145,-1653742064,1483899905,-20775,92
huawei,23,226053347225397,40753099316,2024-09-04 06-42-57,69.87.152.159,-864919561,internet,13.163.16.13,2117120277,834405564,27561,-48
huawei,-23,226051658376081,40737528208,2024-09-04 06-43-13,124.148.44.42,-903362246,internet,216.236.174.101,152596465,-1139130091,108,-78
huawei,69,226052144884067,40787939424,2024-09-04 06-41-22,61.126.37.79,-1200014045,ims,47.150.145.7,-131674121,555172038,23783,-78
huawei,29,226053267360064,40780056311,2024-09-04 06-44-42,120.115.49.230,190837601,ims,192.85.158.227,1071347143,-957122050,-4166,-100
huawei,86,226052921338820,40704831841,2024-09-04 06-43-32,117.249.167.160,222126545,internet,129.240.249.45,-928166698,1554070207,25776,69
huawei,-126,226059349858278,40731594986,2024-09-04 06-41-17,141.75.174.105,1074582167,internet,55.25.57.186,1867001979,-822496679,18856,-95
huawei,-80,226055738118947,40734331926,2024-09-04 06-43-35,182.113.107.65,2084646346,ims,189.76.98.250,-804803546,-986558671,-32294,44
huawei,-14,226052375396601,40729511231,2024-09-04 06-43-19,56.245.95.160,-2013660118,internet,4.248.122.241,55747611,174813930,29907,113
huawei,114,226052153531442,40711260899,2024-09-04 06-41-11,107.48.187.165,-714799473,ims,217.254.203.125,-426290587,-1439255556,31203,78
huawei,5,226059286631896,40718243918,2024-09-04 06-42-23,219.41.11.85,-61201350,ims,104.56.217.132,1523853354,-1632555637,-7525,20
huawei,-2,226053962022111,40745539411,2024-09-04 06-41-39,50.220.217.193,-337225196,internet,76.141.154.230,1174696014,1157679821,9081,112
huawei,-82,226059457854151,40797697827,2024-09-04 06-44-56,154.173.17.118,927630164,internet,23.140.33.86,1052628852,-566736455,-22927,31
huawei,-3,226057842745882,40771542753,2024-09-04 06-44-10,197.82.145.170,-2110151707,ims,8.43.75.113,618477759,307074077,2371,65
huawei,-57,226057380021751,40733063507,2024-09-04 06-40-01,229.193.35.80,-467693824,internet,139.18.164.242,-494540046,1895515360,8635,112
huawei,9,226051290254893,40703115000,2024-09-04 06-41-53,244.62.214.114,544744699,ims,106.37.99.244,-1574029984,-827528330,2157,13
huawei,65,226052501170673,40789393288,2024-09-04 06-42-20,234.231.2.15,2096795398,ims,32.136.98.22,1466687138,-997240369,3215,124
huawei,69,226052922005178,40757089910,2024-09-04 06-41-10,31.70.203.247,717137504,internet,30.96.244.39,-1925377650,-1562857644,15975,107
huawei,25,226056625678206,40759768178,2024-09-04 06-41-52,79.31.2.19,-2041269094,ims,115.97.48.35,1161127683,1790450147,-3665,-11
huawei,-62,226051885796373,40715181332,2024-09-04 06-44-44,194.78.212.105,2083869408,internet,16.220.225.1,-1884628000,527265717,-2219,-90
huawei,-71,226052995477523,40765532858,2024-09-04 06-42-08,152.13.87.125,-2046867638,internet,94.183.130.25,-541660808,-1551852839,15324,25
huawei,118,226059039624169,40746337735,2024-09-04 06-40-33,185.68.246.253,2007934838,internet,141.25.66.124,4647581,-117119065,-262,99
huawei,63,226053395658950,40779391942,2024-09-04 06-43-15,160.242.36.221,1510191798,internet,145.223.201.47,-1597440042,-1163652537,-20209,-91
huawei,86,226056680111915,40761577036,2024-09-04 06-44-15,87.188.113.6,-177634798,ims,59.251.99.236,-1811915487,2003248786,-1336,-28
huawei,-80,226055402318171,40740591149,2024-09-04 06-41-30,161.145.215.29,1611426019,internet,22.122.187.153,2135795053,-574285805,31359,-49
huawei,87,226057336739750,40794444000,2024-09-04 06-40-32,95.159.46.139,21756001,ims,128.79.153.6,-482498445,-1262717857,32022,115
huawei,86,226052704787812,40781478064,2024-09-04 06-43-55,63.193.240.17,1385417889,internet,5.21.48.34,-1595251447,384443216,30873,110
huawei,-94,226056103714931,40792884764,2024-09-04 06-42-34,35.215.22.78,1276326095,ims,110.73.118.229,1872864167,-1933492621,-31194,14
huawei,24,226056995828557,40754451554,2024-09-04 06-40-44,23.20.174.19,18657229,internet,14.201.99.245,-71776039,141045266,-24873,66
huawei,56,226055020343073,40756651633,2024-09-04 06-40-49,197.103.14.121,571836436,internet,8.161.224.17,1134213746,-1688863143,18646,68
huawei,8,226052740231884,40764592422,2024-09-04 06-43-33,87.129.82.245,1437731179,ims,227.76.41.184,-155191931,726370824,-520,100
huawei,-109,226052078381689,40769213753,2024-09-04 06-40-35,194.238.66.125,-502511136,ims,189.16.53.240,-286459791,-1584683,-28941,-104
huawei,67,226057739512205,40705505296,2024-09-04 06-40-34,147.103.2.38,-2064759310,ims,125.103.222.252,-481375310,838475698,21187,43
huawei,-32,226058711391004,40723494193,2024-09-04 06-42-41,10.202.233.11,-704795492,ims,105.97.237.242,-937837941,913690470,-4168,-26
huawei,32,226059801751033,40744864877,2024-09-04 06-42-09,2.87.57.82,1199858516,internet,118.16.247.173,1350619885,1780926722,21961,76
huawei,25,226055566698457,40765032283,2024-09-04 06-45-01,153.33.159.53,1593836843,ims,184.75.109.158,-1576932032,1944919403,30575,-52
huawei,-36,226054364803855,40727146154,2024-09-04 06-43-56,226.100.66.230,1464943835,ims,72.231.64.19,1252981426,952834967,-9244,76
huawei,-98,226055218186345,40743311709,2024-09-04 06-40-25,60.117.225.194,1882943402,ims,208.172.38.6,-572764719,-73561603,4750,-115
huawei,24,226050105200456,40769716333,2024-09-04 06-41-04,75.25.106.160,-616786437,internet,9.209.23.137,379105413,-1921655004,18217,-43
huawei,-91,226059198655987,40798149159,2024-09-04 06-44-14,135.203.89.42,1244786385,ims,78.65.161.57,815049793,-655314173,-12214,-75
huawei,57,226053839079066,40750319080,2024-09-04 06-42-26,167.85.154.26,482740967,ims,105.162.243.132,585758885,528811018,-1293,81
huawei,-47,226056502037188,40722531263,2024-09-04 06-43-35,167.68.228.190,-1468002193,internet,8.27.37.163,1492160393,-383541929,32217,96
huawei,92,226056649482134,40741590669,2024-09-04 06-41-56,68.119.69.149,46522341,internet,177.136.210.245,-573643733,-174994564,31038,35
huawei,9,226052879030844,40779329385,2024-09-04 06-42-33,181.61.190.64,-575192642,ims,47.188.116.57,-515127783,1977148746,30551,10
huawei,-18,226059263825968,40716611796,2024-09-04 06-40-02,41.152.192.130,585187305,ims,246.42.149.67,-1313245218,1198759961,6733,97
huawei,93,226056682074737,40720774334,2024-09-04 06-41-14,74.77.154.177,-796633650,ims,200.46.104.165,1703985579,1367574308,29895,90
huawei,-31,226057784896858,40711898323,2024-09-04 06-42-13,125.86.45.181,-58177593,ims,105.4.235.42,-1268300432,-1367636642,26663,51
huawei,-91,226055684892784,40788123665,2024-09-04 06-41-07,102.62.219.108,1158339161,internet,175.251.19.233,-1505916907,1075308853,22252,41
huawei,14,226054034961791,40787496841,2024-09-04 06-40-10,120.83.87.223,192058942,ims,205.160.125.24,1169471170,-1361948855,-3201,19
huawei,-70,226054915566830,40760804981,2024-09-04 06-43-17,8.79.47.221,-431642384,internet,170.174.14.55,2052196692,-659281026,-5375,32
huawei,40,226058795752019,40789390842,2024-09-04 06-44-22,185.233.147.189,-1311631885,internet,111.231.198.192,-320719309,-250025028,31643,-97
huawei,16,226053502243857,40787338210,2024-09-04 06-40-46,203.144.189.41,1697253931,internet,128.156.124.118,-1955003180,228744786,12914,-60
huawei,-28,226051182363751,40761772029,2024-09-04 06-41-22,165.106.138.212,1727000557,ims,80.190.34.234,485097474,1030492556,10485,61
huawei,-92,226058715271750,40762797040,2024-09-04 06-41-36,75.243.238.143,-792383255,internet,172.75.216.192,-2037246501,-976600051,14302,10
huawei,-12,226051839165449,40787034945,2024-09-04 06-40-41,19.223.182.214,1704825549,ims,162.141.79.85,-474249065,1135459148,-7748,114
huawei,-113,226058395173100,40701071468,2024-09-04 06-44-05,172.135.246.111,1935276307,ims,63.250.176.79,-1692031505,-1940042019,10159,83
huawei,-99,226057920675101,40716530671,2024-09-04 06-43-58,196.11.134.120,-1623806844,ims,125.153.235.117,1796679352,-398039752,-4608,52
huawei,-45,226058689818065,40764309147,2024-09-04 06-44-02,145.141.104.208,-396633060,internet,16.34.135.15,-252569847,1538583702,3795,-64
huawei,-18,226057365660492,40714028935,2024-09-04 06-44-37,141.120.80.150,-502687921,ims,148.205.170.103,-126515068,-1970951898,-32739,-18
huawei,53,226056765998419,40743858033,2024-09-04 06-44-11,84.57.134.91,1791428491,internet,223.152.224.216,817494166,-46177953,32146,114
huawei,109,226051755098136,40798829680,2024-09-04 06-45-00,31.88.191.219,1080041370,ims,115.70.0.183,780876541,182704152,18030,-19
huawei,-69,226051464316453,40798294728,2024-09-04 06-42-43,39.14.212.113,1391410520,internet,242.91.91.113,-902489064,2013496500,25089,-98
huawei,-91,226054341354013,40782221059,2024-09-04 06-40-31,61.188.11.200,790943045,internet,140.161.242.16,1096762761,1763258188,21352,90
huawei,126,226059626685088,40755365527,2024-09-04 06-40-41,147.71.118.79,-747864985,ims,105.156.161.233,-417018051,872090712,-24360,-75
huawei,42,226058038334376,40787387991,2024-09-04 06-42-35,138.135.152.40,929838763,ims,186.64.234.245,1132959131,-905107890,-21790,-90
huawei,-19,226055137791451,40712475425,2024-09-04 06-41-41,63.207.193.103,552706835,internet,136.123.32.37,-928837781,-104372690,-232,-13
huawei,8,226051917790643,40759698829,2024-09-04 06-42-07,183.67.47.179,-1749315772,internet,200.194.15.201,-1121069827,-1134659491,-54,-86
huawei,80,226056562283900,40735496981,2024-09-04 06-40-37,148.39.32.243,145426557,internet,143.225.80.209,-466213351,653207834,2461,80
huawei,-125,226054290572011,40704881618,2024-09-04 06-41-34,178.226.235.137,1352249826,ims,84.36.0.88,-1739967610,1330537209,-1225,71
huawei,3,226053198851994,40706226911,2024-09-04 06-44-43,234.206.152.148,539437086,internet,33.140.161.186,1316761392,316484673,-8948,-87
huawei,-41,226055482394199,40790107025,2024-09-04 06-40-34,67.216.7.213,815664907,internet,155.21.228.144,-808511388,659778879,2612,-79
huawei,120,226056488347460,40725473048,2024-09-04 06-44-16,208.66.14.29,-910828317,ims,9.20.236.142,-1566680528,1550145543,-7753,23
huawei,-13,226056322187185,40717267012,2024-09-04 06-43-41,199.56.67.223,1718884823,ims,71.148.16.147,-1153072628,1539572716,-29364,-32
huawei,118,226053602580227,40700253657,2024-09-04 06-40-57,127.144.165.11,-155548532,ims,118.108.174.53,1231393403,-2038664522,16456,-18
huawei,-107,226052201227507,40747868772,2024-09-04 06-44-24,219.42.157.159,1289912194,internet,227.22.153.121,-840041921,336312293,21843,-70
huawei,125,226058096299844,40723770324,2024-09-04 06-44-26,229.140.41.2,348597846,internet,94.105.83.191,-787682841,1383117425,8922,-28
huawei,-103,226050352641929,40782242001,2024-09-04 06-43-58,50.7.110.169,1272673484,ims,122.90.215.87,1305625709,293572228,-28165,85
huawei,121,226054067791183,40725828403,2024-09-04 06-41-22,24.89.37.118,-1255711130,internet,15.253.225.198,-1029223401,-243529639,29192,-62
huawei,-68,226056126921200,40752039393,2024-09-04 06-44-20,5.58.194.79,206957113,internet,135.62.217.250,-1592327989,134111166,-19546,111
huawei,-78,226054009281917,40751594100,2024-09-04 06-42-01,40.6.252.19,-1498620381,internet,24.204.205.117,1382076320,-933239346,-19706,-1
huawei,57,226055248317803,40783833979,2024-09-04 06-43-48,231.97.182.13,-840822258,internet,216.204.236.38,819300264,-1986123559,-12618,-103
huawei,119,226056177608244,40724973127,2024-09-04 06-41-06,51.124.202.112,-1332553853,ims,157.164.196.127,2134406564,-150663980,1280,-53
huawei,92,226059286682302,40712708727,2024-09-04 06-40-33,219.38.122.37,1621126362,internet,236.183.139.140,1002912073,2022813555,-25165,60
huawei,-102,226051542932282,40717012979,2024-09-04 06-40-51,60.52.137.185,199162225,internet,100.128.218.217,1606321881,40640751,15604,121
huawei,-123,226053285895194,40759509398,2024-09-04 06-43-46,186.176.219.175,-1956754733,internet,35.50.232.128,-109409703,-1018150301,23588,77
huawei,13,226056204506811,40747453865,2024-09-04 06-43-12,255.131.25.92,-114952087,internet,142.183.128.3,-653625916,1742295853,10587,-4
huawei,97,226055636983456,40767925920,2024-09-04 06-42-54,192.218.237.131,-1260199965,ims,23.236.175.202,1821963900,-1675237254,-20852,107
huawei,-67,226052594649735,40739945361,2024-09-04 06-40-47,24.19.202.247,1716038938,internet,200.105.61.129,-1889390857,-449712737,-16722,82
huawei,63,226052430300040,40748533397,2024-09-04 06-43-17,47.232.138.124,-684266492,ims,231.62.145.0,-716437629,2138920837,-27297,-64
huawei,-105,226058225578570,40728764333,2024-09-04 06-43-26,157.134.113.147,-1077647742,ims,4.254.216.60,1094491772,249477047,13549,-68
huawei,-57,226056721771931,40781970886,2024-09-04 06-43-25,217.37.88.33,-434208207,internet,183.130.49.36,-309082339,-1576716839,16337,16
huawei,10,226059470484526,40783480865,2024-09-04 06-43-01,179.164.25.156,-1917681217,internet,247.49.190.240,-254784459,-1887581569,23319,-84
huawei,14,226052972930521,40709841406,2024-09-04 06-42-42,170.145.153.225,730416748,internet,200.84.108.50,-2066681217,-547426140,28570,38
huawei,98,226057726930037,40719437059,2024-09-04 06-42-18,92.132.102.174,1865772450,internet,93.47.142.49,1144878833,156375030,-3508,63
huawei,-79,226054162081285,40777607727,2024-09-04 06-40-17,16.7.83.151,1589118022,internet,69.204.223.119,2025259502,480254124,16326,-50
huawei,27,226055814674363,40784106321,2024-09-04 06-41-19,156.117.106.218,1561225230,ims,54.213.204.91,-728776606,-1969434723,21991,-30
huawei,-11,226051104968569,40769262196,2024-09-04 06-42-42,159.183.53.105,-532928987,ims,85.29.237.224,337400734,1966697573,11643,76
huawei,19,226059317605259,40710600875,2024-09-04 06-41-15,127.96.32.111,-369237861,ims,195.193.150.79,-1007232407,1769316307,-2844,29
huawei,62,226053612811430,40709266122,2024-09-04 06-40-44,125.147.20.40,-828348932,internet,145.228.112.242,1564249797,-1450008114,19341,-94
huawei,-113,226051965965474,40704831298,2024-09-04 06-44-03,146.153.195.184,12535728,internet,45.133.103.38,-2041024315,1848219286,-256,57
huawei,54,226057436411054,40713639205,2024-09-04 06-41-21,4.67.178.245,-183189342,ims,216.9.51.178,1846315809,-777320664,-8501,-41
huawei,-70,226059479730918,40738879506,2024-09-04 06-40-35,62.205.57.224,737374291,internet,253.16.27.216,1107028986,-2134080504,-29334,63
huawei,-45,226054719490527,40798498949,2024-09-04 06-40-33,64.145.246.213,-761492196,internet,68.86.200.233,1996738905,1270967438,-27408,56
huawei,-69,226052218822731,40744258739,2024-09-04 06-40-12,38.147.82.110,154226555,internet,55.64.226.218,-1337045964,1785065050,12079,92
huawei,-128,226058193388064,40705603264,2024-09-04 06-40-45,35.98.40.146,-380337159,internet,10.193.158.247,906889798,-760204993,3023,-55
huawei,89,226051166734161,40725171036,2024-09-04 06-41-28,240.152.140.230,2003839378,ims,133.148.0.98,355002899,-363511558,17259,-97
huawei,126,226058662547971,40710269702,2024-09-04 06-41-40,191.86.58.208,55890422,internet,167.19.165.211,-1836246670,-1676845979,14562,3
huawei,89,226053682049031,40769032710,2024-09-04 06-44-51,120.151.213.103,765182762,internet,243.250.85.87,-19903186,-680418615,5716,109
huawei,21,226052920337693,40701536294,2024-09-04 06-42-39,12.150.219.195,1425427027,ims,235.57.21.171,1112152372,-1128454832,28416,-41
huawei,-51,226058617625189,40774228868,2024-09-04 06-44-34,13.88.7.9,-887119646,ims,249.203.125.243,272221180,-1401357221,-16859,-62
huawei,45,226051168198366,40716152726,2024-09-04 06-43-29,204.115.185.117,-1456602611,ims,227.155.86.67,-874108041,424241507,-17819,74
huawei,29,226055619733236,40739230783,2024-09-04 06-44-11,73.40.40.243,-1473975825,ims,134.121.137.2,-487607169,-1954298677,-9035,-61
huawei,38,226057169950455,40702749286,2024-09-04 06-41-09,208.191.186.47,1357925280,internet,31.232.244.220,407265503,470457178,-10509,-84
huawei,115,226053626066372,40754633231,2024-09-04 06-43-36,67.222.11.103,-7552624,internet,163.29.86.124,-1753280176,2090789211,29400,35
huawei,47,226057749755139,40777515618,2024-09-04 06-40-18,20.158.211.92,-684039795,ims,93.77.234.162,-2019238194,1634184790,-15272,4
huawei,-92,226054648368568,40727711743,2024-09-04 06-43-38,245.135.2.167,900384578,ims,98.145.108.68,-552887646,1427939074,-185,52
huawei,-41,226050259459767,40755338067,2024-09-04 06-44-06,241.175.44.33,-1790963797,ims,50.45.87.118,-728170254,-1188698923,-23482,-116
huawei,116,226058739710874,40742472580,2024-09-04 06-44-52,245.56.36.170,719453747,internet,230.171.22.99,-106230469,100127995,-28969,120
huawei,-73,226054591658540,40709383187,2024-09-04 06-40-50,192.95.70.42,837971077,ims,55.9.120.229,-277866969,-1063877992,-15465,-107
huawei,23,226050791014212,40761770838,2024-09-04 06-42-56,236.233.21.166,-1648964730,internet,21.8.47.61,1474588881,-1528133943,23035,41
huawei,-117,226059160730707,40722982256,2024-09-04 06-41-34,218.150.16.246,1723420268,ims,155.24.163.60,644902587,-1612957186,-27371,91
huawei,0,226058602195866,40706730009,2024-09-04 06-44-03,227.34.83.234,1386919237,internet,252.215.48.0,1285779813,-2093830505,24035,-42
huawei,-98,226052030476459,40754933912,2024-09-04 06-42-30,16.130.185.15,174264020,ims,152.80.183.86,-184484020,-629281416,1836,45
huawei,-122,226056962325339,40716856016,2024-09-04 06-44-51,51.94.45.156,-419387984,internet,155.192.225.110,1459107143,1942212566,-14213,-57
huawei,-32,226055513700603,40750614756,2024-09-04 06-43-31,197.176.7.164,642933237,ims,255.83.177.233,1626983913,32663223,26033,75
huawei,-119,226057489508818,40762241797,2024-09-04 06-41-39,154.95.43.25,-134213349,internet,97.163.228.187,-967715405,312516056,27487,-126
huawei,-83,226058436351626,40702566023,2024-09-04 06-43-10,212.120.72.117,-780330626,internet,188.19.114.82,-1732584977,-2100989427,2299,-93
huawei,70,226053697971465,40718490423,2024-09-04 06-44-04,7.157.108.132,-2021736546,internet,237.223.139.130,1742657977,1368406837,344,52
huawei,-125,226057644605944,40753116218,2024-09-04 06-43-18,1.223.167.154,1520815543,internet,206.63.214.17,-1077009050,-1561035187,-9970,-34
huawei,125,226058646161060,40700625009,2024-09-04 06-40-21,204.8.159.132,805729688,internet,236.62.133.141,311723993,310377426,-6665,-5
huawei,13,226053962005797,40751633108,2024-09-04 06-44-58,47.84.152.154,950054638,internet,67.90.215.84,-464842265,172168471,12562,68
huawei,-75,226054788948216,40733404042,2024-09-04 06-44-27,44.32.44.130,2000425258,ims,252.130.91.226,1792773814,-2044025465,-32405,-94
huawei,-68,226050899273247,40742776493,2024-09-04 06-42-07,33.80.76.168,1241648815,ims,183.249.135.96,-20804589,980585789,-11754,-110
huawei,46,226057168753616,40785341655,2024-09-04 06-43-19,110.249.158.202,218999632,ims,175.52.251.244,-1097840172,-97789987,20670,63
huawei,30,226052815001816,40726909151,2024-09-04 06-43-09,254.20.166.167,-1425206879,ims,50.238.217.231,-1791294047,-779377248,7140,-102
huawei,37,226057753123383,40792254435,2024-09-04 06-42-40,79.50.59.139,-273976149,internet,173.5.242.54,-124723522,1837202115,4853,59
huawei,-47,226050286456711,40749665966,2024-09-04 06-42-42,251.2.239.171,607044812,ims,157.70.91.204,1963088439,-1596806779,12990,-125
huawei,-36,226054947733039,40741814185,2024-09-04 06-43-42,74.23.169.13,1601211245,internet,7.45.73.144,114033573,-959448084,12327,10
huawei,-99,226056548027190,40764816583,2024-09-04 06-42-58,99.191.61.207,1797585647,ims,197.198.74.193,-51353495,-144454383,-3183,74
huawei,41,226053648120968,40727664184,2024-09-04 06-41-49,47.15.17.153,-1892645385,internet,193.226.122.150,-1082762025,-1785206674,-25168,-86
huawei,41,226052597614820,40783444868,2024-09-04 06-43-35,209.7.205.166,-1110243711,internet,180.135.76.43,618401943,1022231574,-21595,-99
huawei,-22,226051019299276,40775286099,2024-09-04 06-44-06,31.141.46.12,-1824830048,ims,195.16.164.187,971263675,-1406743780,10534,-13
huawei,62,226052208886038,40785210516,2024-09-04 06-40-32,148.233.165.110,211054264,ims,62.175.202.205,154121306,713471506,18684,-4
huawei,-111,226051862825179,40797296986,2024-09-04 06-43-49,178.35.19.144,-497863837,ims,74.198.13.69,-1652894609,-357594391,-10610,-81
huawei,63,226050970152216,40799499746,2024-09-04 06-40-39,92.237.82.204,-1404887278,internet,141.85.241.14,58699632,263971540,-26931,91
huawei,-82,226054632713125,40752194360,2024-09-04 06-43-12,155.202.87.98,1961819283,internet,222.173.202.219,990590537,1994175836,-6662,83
huawei,-55,226055949921522,40715181420,2024-09-04 06-42-51,161.92.245.119,-1500512424,internet,244.154.39.113,354182284,2007954774,-19542,-107
huawei,-76,226051908978898,40708484518,2024-09-04 06-44-35,54.173.102.137,-1708656172,ims,244.79.80.54,-882395288,-991319249,-18367,-74
huawei,-46,226054094442482,40792144549,2024-09-04 06-41-26,192.112.200.67,1652706380,ims,27.126.228.32,-160011473,-1462864200,-1058,71
huawei,-128,226054231805882,40740803232,2024-09-04 06-40-10,71.38.13.103,109437184,ims,136.88.244.187,1796833199,-2107045613,13209,24
huawei,35,226050651795617,40719741955,2024-09-04 06-42-16,58.222.249.209,-1789353120,internet,171.33.228.235,-1908624708,-1608278037,-28701,-103
huawei,38,226050340065609,40776408877,2024-09-04 06-42-23,141.23.44.82,1033498678,internet,116.196.206.117,-1304489301,-1466222894,25612,74
huawei,-81,226059864611507,40734465241,2024-09-04 06-44-21,117.127.87.230,-148410297,internet,164.43.116.73,-1940960620,-92425328,2501,115
huawei,-119,226055432612125,40755157627,2024-09-04 06-41-00,15.97.215.94,-1054281938,ims,177.84.204.74,-1688143171,491419703,-6505,68
huawei,88,226053208217430,40768809457,2024-09-04 06-41-13,79.158.46.19,268705299,ims,183.61.198.80,1606569660,1076613131,18721,-14
huawei,-44,226054445772504,40717344304,2024-09-04 06-40-17,176.28.252.71,-1204613468,internet,239.158.121.164,556917524,-2032021140,-4208,82
huawei,-15,226056191857444,40704016167,2024-09-04 06-44-34,229.13.93.57,57307921,internet,71.19.71.15,-962382240,-1501298188,-11667,-89
huawei,-123,226058757542308,40727992455,2024-09-04 06-40-02,156.154.255.60,837912802,internet,26.149.89.151,-217418268,-1641463086,-25187,71
huawei,8,226053643021926,40779649168,2024-09-04 06-42-08,160.100.174.141,1241227981,ims,225.89.1.85,1362007911,939594243,17153,-3
huawei,14,226059896084822,40782123698,2024-09-04 06-41-37,185.150.100.218,-1462338800,internet,142.78.122.18,-166187454,327508267,-28577,-43
huawei,-89,226058560066085,40777524151,2024-09-04 06-40-22,26.22.107.180,-226068595,ims,80.230.4.122,1659878834,669608126,7680,1
huawei,50,226052827751139,40725618133,2024-09-04 06-41-14,173.82.61.77,-509731191,internet,110.229.105.89,1106307284,1543068005,-17069,125
huawei,-115,226053939020389,40759847620,2024-09-04 06-41-20,155.168.215.188,-149734261,internet,141.128.71.102,62978447,-1054256825,26190,-27
huawei,-20,226057152466158,40735409016,2024-09-04 06-40-08,248.118.227.75,1612423978,ims,108.251.246.88,-1922748757,-1837411941,-5510,-36
huawei,-12,226054024858976,40784577089,2024-09-04 06-40-20,63.135.237.37,736617189,internet,164.11.131.30,1940529661,515814622,-20747,-102
huawei,-99,226050214920202,40719259241,2024-09-04 06-43-09,193.126.176.148,-360824358,internet,158.251.237.37,621028800,854377523,-16530,23
huawei,-7,226059325979006,40793586575,2024-09-04 06-40-11,83.137.173.4,-1261584891,ims,189.51.175.119,-1422734740,-457690543,31433,-122
huawei,26,226057885302083,40769455753,2024-09-04 06-40-52,156.243.194.120,-280990281,ims,36.207.52.53,748228082,-1186723596,-28720,-67
huawei,94,226055918335618,40734628450,2024-09-04 06-44-09,93.61.240.146,-995448009,internet,46.51.12.94,1450820918,-1772209515,21079,-53
huawei,-61,226056349293716,40765596550,2024-09-04 06-40-51,72.52.15.67,-1638605194,ims,123.43.28.175,1576643461,1436815795,-10521,3
huawei,116,226052048524098,40710937146,2024-09-04 06-40-46,35.216.67.173,1751550984,internet,7.182.55.71,1531047511,1485712294,5106,-101
huawei,-121,226053321152398,40738582889,2024-09-04 06-41-23,70.50.54.241,-777925220,ims,135.192.158.2,-691504636,2083145189,10337,72
huawei,67,226058937008371,40732616011,2024-09-04 06-41-37,181.211.221.84,-74720124,ims,217.24.245.77,-1712258303,1536332102,3157,-110
huawei,27,226057697396535,40758895770,2024-09-04 06-40-21,31.248.191.145,-538045825,ims,83.137.195.7,-284782450,2057289930,3733,20
huawei,-90,226053453238610,40772963208,2024-09-04 06-41-33,100.249.5.113,-1297995142,ims,55.158.225.181,1702073756,1741623,26182,79
huawei,-92,226056674870167,40774897625,2024-09-04 06-42-56,244.3.195.27,-1113409351,ims,242.100.138.215,652100317,-762773432,-3738,88
huawei,-30,226059046463704,40789731424,2024-09-04 06-42-40,71.39.72.218,1818447798,ims,73.213.67.242,940046995,412823618,-29621,60
huawei,-3,226052268624984,40745552204,2024-09-04 06-40-51,194.109.200.117,1298610113,ims,145.245.50.56,2130805826,-588610572,26023,61
huawei,51,226054549711737,40770852467,2024-09-04 06-42-11,154.246.33.178,-532440451,ims,187.163.238.207,493887317,-1932632467,23951,-63
huawei,-74,226054575980432,40765952477,2024-09-04 06-41-13,8.243.228.186,-1429516709,ims,109.21.47.244,1614669731,-1351498615,32190,-101
huawei,-9,226058343339193,40770687942,2024-09-04 06-43-43,150.104.102.37,-990736589,ims,79.14.102.223,-1153072163,1700097714,9905,-12
huawei,-35,226052576296629,40706212329,2024-09-04 06-42-39,12.88.70.94,79752550,ims,146.239.227.165,568034758,1582084731,19010,9
huawei,56,226055100804530,40786102548,2024-09-04 06-40-03,170.69.73.107,-1382118128,internet,91.29.184.174,-1650797121,-1308926080,30611,-51
huawei,-56,226051716687749,40735387128,2024-09-04 06-41-22,40.154.211.172,-1799155463,internet,64.220.208.115,-879222913,-914795478,-31546,115
huawei,-104,226054417223396,40746834804,2024-09-04 06-40-30,92.184.226.13,1531389876,ims,20.149.234.9,1552707329,-178482905,-19471,-113
huawei,-11,226054968547885,40785927431,2024-09-04 06-44-33,117.211.201.69,1220055725,internet,210.166.196.93,162945888,1802690089,-4025,-44
huawei,90,226053015308503,40798913760,2024-09-04 06-42-46,55.98.49.5,-762026613,ims,67.13.141.247,-2084620885,-434380023,17190,94
huawei,-4,226054317994150,40797578133,2024-09-04 06-42-30,215.116.151.255,-1572785619,internet,106.230.135.28,1593640114,-633143344,-22190,-99
huawei,106,226058719683098,40777703499,2024-09-04 06-44-36,249.247.153.200,-792630182,ims,217.51.55.144,932204902,-1889387380,18142,87
huawei,-65,226056417390850,40762288408,2024-09-04 06-42-43,179.55.244.105,-1338915223,internet,65.94.132.90,-806718497,1383986287,-13629,70
huawei,-36,226058453329637,40794925691,2024-09-04 06-42-52,226.51.212.162,-1508681844,ims,109.143.203.53,-456412985,-1009928008,-27956,-69
huawei,73,226052118638402,40717252079,2024-09-04 06-44-43,80.81.166.63,1313819808,internet,206.242.166.60,-1304826407,508814469,8724,-10
huawei,8,226056245155132,40715324767,2024-09-04 06-41-15,181.151.154.94,-1336499872,internet,162.177.146.116,-588684125,1450043246,32564,61
huawei,80,226050486649499,40759342424,2024-09-04 06-41-16,105.63.5.244,1509062476,internet,126.40.206.4,-1788792254,303580498,-12759,-53
huawei,104,226055630351449,40725836419,2024-09-04 06-43-34,134.94.234.112,-575270775,internet,190.39.199.119,-19100605,-919768854,-4064,8
huawei,99,226051687131498,40710823525,2024-09-04 06-43-44,73.235.100.70,-845723153,ims,77.23.58.39,-2140910218,748066098,-12303,-87
huawei,12,226052560824745,40719682369,2024-09-04 06-42-04,47.71.96.239,-626430200,internet,89.187.123.63,-1753099324,-1633844395,-2594,11
huawei,45,226056561909961,40756333708,2024-09-04 06-44-08,150.241.175.205,710630282,internet,210.218.38.104,-543024362,-798641698,12469,49
huawei,-89,226059761810377,40736226364,2024-09-04 06-42-36,191.76.1.162,-130733495,internet,89.12.91.135,716044390,-275153000,-18346,117
huawei,-91,226058692676882,40707668001,2024-09-04 06-43-52,188.108.4.190,-629337646,ims,218.166.8.138,-726289011,2090705493,26336,-16
huawei,-57,226056752115253,40718096116,2024-09-04 06-42-39,4.131.111.51,-1092806656,ims,20.55.4.141,-616072763,926553979,31495,-11
huawei,61,226053973303522,40754386895,2024-09-04 06-41-21,157.114.48.223,2094302324,internet,34.148.215.59,768033515,626445248,-2272,19
huawei,-123,226056382612905,40762524053,2024-09-04 06-40-03,5.79.125.112,1362788207,ims,132.105.204.169,-223185027,-1917712237,-14695,39
huawei,44,226056847224703,40759131533,2024-09-04 06-43-26,32.243.163.62,272020346,internet,83.149.211.202,-813111484,-1480375575,-18846,-68
huawei,69,226055102185183,40716696639,2024-09-04 06-44-35,118.60.173.207,-859559955,ims,123.103.172.221,1007812507,-1417107179,12900,105
huawei,97,226057158505277,40748138619,2024-09-04 06-42-03,143.75.42.75,-178079551,internet,186.225.248.215,-1748868109,1798317217,10081,75
huawei,-68,226053573418015,40765957848,2024-09-04 06-41-52,231.25.178.15,710316383,internet,126.232.30.99,735908376,992628331,-28686,16
huawei,92,226054701928555,40723180454,2024-09-04 06-43-47,108.18.26.127,47438684,internet,142.26.46.185,23966230,629886300,-23569,-33
huawei,-100,226059550193188,40783925852,2024-09-04 06-41-14,15.63.131.82,-933828680,internet,235.207.145.227,-1308720297,-1324106436,23137,-52
huawei,-88,226051724566431,40749649157,2024-09-04 06-43-59,90.100.236.184,782567463,ims,50.229.74.17,657419031,-1694437082,-749,109
huawei,113,226050565631264,40729278094,2024-09-04 06-42-22,106.12.82.248,-794683450,internet,229.10.104.115,-1133603198,1338819552,9709,-30
huawei,58,226055504544694,40700117909,2024-09-04 06-41-49,54.177.242.184,-893969076,ims,216.208.182.133,1065081568,-2033169008,20170,52
huawei,107,226055970816560,40719290918,2024-09-04 06-43-38,64.46.73.206,-194187418,internet,149.34.216.68,1362867790,-300047211,-5601,-125
huawei,50,226059894052993,40725820487,2024-09-04 06-40-35,223.209.180.74,-1802815846,internet,187.76.43.204,1230475618,643748642,19523,122
huawei,-23,226050308299118,40726906171,2024-09-04 06-42-11,25.1.230.198,1145305861,ims,109.116.39.27,2037031994,-2057555666,2271,-78
huawei,-14,226051808974881,40759715836,2024-09-04 06-42-46,160.95.22.22,1061423932,ims,192.125.73.3,1245154576,685691750,28241,77
huawei,-118,226050998977660,40729269882,2024-09-04 06-43-46,1.155.220.126,-1079808380,internet,248.232.3.178,1147594678,619365672,-17638,39
huawei,-23,226057299199556,40746929476,2024-09-04 06-41-51,102.181.2.4,1679857565,ims,239.212.160.32,925872799,-584812948,-20652,-105
huawei,-116,226053589577364,40764164016,2024-09-04 06-42-21,243.10.17.209,280740199,internet,185.151.20.214,573621136,1342668976,-9458,107
huawei,-126,226059527171059,40766775145,2024-09-04 06-41-48,226.12.20.51,686307540,internet,204.174.14.88,-1160399273,-1336790283,-7848,-125
huawei,-111,226055978208785,40719420895,2024-09-04 06-42-00,23.220.238.78,-1950276581,ims,199.86.99.113,930630725,390270659,17415,33
huawei,37,226050459301495,40799885314,2024-09-04 06-44-10,219.208.110.63,-217220254,ims,71.175.150.213,1276469314,1163423618,-23658,80
huawei,105,226053154044000,40739340527,2024-09-04 06-41-33,187.139.36.102,-652534630,ims,22.93.19.214,-1452779256,-1207822368,25120,21
huawei,-9,226059060995610,40796659979,2024-09-04 06-44-39,174.252.91.65,-483233832,internet,208.215.247.202,-144213298,-377146839,-17647,109
huawei,-20,226051563524783,40767642246,2024-09-04 06-43-06,30.214.240.95,-1334138187,ims,91.32.217.23,1084048655,-1121364352,-16150,-71
huawei,-4,226052684270022,40750487749,2024-09-04 06-44-59,49.17.234.69,142317095,internet,29.185.143.38,-114924453,1892493275,27854,-58
huawei,56,226051463372283,40717699597,2024-09-04 06-40-45,26.209.241.0,-1998557816,internet,118.79.248.173,579588004,493142225,-22617,-50
huawei,18,226051012965515,40704431029,2024-09-04 06-42-38,154.185.148.190,80578897,ims,162.17.131.152,-754167476,-192319247,27397,110
huawei,-114,226052747480151,40777740147,2024-09-04 06-44-36,103.10.115.220,1318389437,ims,83.88.160.94,948432209,-15460708,15690,-99
huawei,-18,226050365760557,40761685366,2024-09-04 06-42-41,239.17.106.238,863379290,internet,169.34.122.79,-1150483670,68552411,-32361,-46
huawei,-89,226054029446165,40771056277,2024-09-04 06-40-54,165.69.27.189,1002208687,ims,40.173.240.13,2108015469,-721547233,-30370,39
huawei,55,226050111759225,40763746342,2024-09-04 06-41-16,237.224.64.159,61363838,ims,114.157.169.40,1833824733,2119481537,-31073,8
huawei,39,226051534746169,40774090898,2024-09-04 06-43-24,219.65.98.156,-1278323068,ims,152.150.110.77,-913605418,-598239164,-12238,31
huawei,105,226056015908304,40760089534,2024-09-04 06-43-13,188.150.159.22,-1991386281,ims,160.69.208.204,-1740725895,1655265686,-25171,-84
huawei,-32,226050710037143,40724903300,2024-09-04 06-40-03,22.147.186.59,-281083910,internet,204.111.168.217,-1331345551,195729138,8072,-92
huawei,10,226056038265107,40715671710,2024-09-04 06-44-11,43.87.205.246,666647039,internet,227.124.12.117,1198701870,1436420348,-17956,-23
huawei,-93,226051796381475,40769090648,2024-09-04 06-43-36,105.166.231.172,-1923396714,ims,206.245.92.130,121361396,-1545121219,4846,54
huawei,87,226055978821113,40768745223,2024-09-04 06-41-04,213.71.145.173,1769099537,internet,235.37.9.55,1270031103,640310695,-31911,117
huawei,-113,226056200741872,40787050453,2024-09-04 06-43-05,156.109.61.167,-2038138644,ims,142.91.159.162,434610192,-540047922,-845,-14
huawei,-56,226052353325785,40749014998,2024-09-04 06-41-54,86.119.200.162,415804329,internet,187.76.117.195,537210543,-1824592946,18436,-115
huawei,86,226052373454403,40764777752,2024-09-04 06-42-07,223.234.131.22,1969694694,internet,51.112.203.164,1435213792,162872635,-9666,72
huawei,87,226056474068422,40720047142,2024-09-04 06-40-59,163.26.108.129,-582370729,internet,31.35.188.40,-1574332807,1950475569,24382,114
huawei,39,226050457555315,40700168894,2024-09-04 06-42-26,237.5.169.35,-364035460,internet,67.166.47.32,-537504628,-335274507,19142,-116
huawei,-11,226056682157693,40741251208,2024-09-04 06-41-02,116.168.234.243,1680932073,internet,60.164.54.60,-404234587,-623381990,19787,42
huawei,-32,226057755427390,40760320281,2024-09-04 06-43-47,135.62.25.148,740999588,ims,104.222.145.14,-1326765595,1971108070,-21895,0
huawei,-107,226057666218237,40776743978,2024-09-04 06-41-52,175.135.247.243,140802751,ims,231.207.229.154,-1839164608,1315404962,-3568,-124
huawei,-56,226050149372379,40787389634,2024-09-04 06-42-11,9.211.150.201,-2132833913,ims,18.136.124.189,1380017985,-153635147,-9107,2
huawei,106,226054093936180,40710254878,2024-09-04 06-44-59,107.171.55.59,1532576568,internet,51.166.61.224,1707568208,-174734626,-30718,39
huawei,22,226056238555930,40787239714,2024-09-04 06-44-44,54.124.41.173,1186578850,internet,227.132.127.164,1105121224,-310374477,27399,67
huawei,-57,226051016601326,40749452793,2024-09-04 06-43-54,205.142.182.246,-1660345351,internet,160.68.125.244,-389593870,357203777,1153,-104
huawei,0,226050391399672,40758337947,2024-09-04 06-42-42,73.206.105.189,-1942392959,internet,67.241.90.84,1698519048,863118730,-13207,-4
huawei,33,226055269967229,40705120684,2024-09-04 06-43-16,56.81.217.149,-1982864770,ims,203.191.244.214,-2012428853,-53234123,17655,115
huawei,90,226051053388323,40730471977,2024-09-04 06-42-14,156.151.187.102,1461517420,internet,171.236.215.5,-1093916052,-925350165,-26266,23
huawei,-5,226057124644236,40725085634,2024-09-04 06-43-25,190.156.155.229,2121787924,ims,78.0.114.181,-1425309647,1340794300,11820,-104
huawei,-40,226058892926661,40754128295,2024-09-04 06-40-25,117.78.220.46,193198963,ims,104.86.176.30,751292016,-1147435357,-4453,85
huawei,-88,226052092470113,40799471806,2024-09-04 06-41-56,199.84.177.16,1750173608,internet,214.30.118.130,1024114353,-1875516355,-27057,66
huawei,59,226055690924916,40714545243,2024-09-04 06-43-00,39.3.92.76,131985395,internet,10.159.110.88,-248898313,1621276066,7053,36
huawei,-3,226054095943304,40726291920,2024-09-04 06-40-11,148.89.62.159,1498429757,internet,22.196.179.244,397234043,54139329,15468,60
huawei,62,226054078569831,40739038460,2024-09-04 06-40-29,62.158.189.233,-1717038604,internet,236.26.151.96,1626547189,-1783249393,31798,40
huawei,119,226055906489464,40787313622,2024-09-04 06-44-56,18.223.136.117,-1386557729,ims,45.123.126.98,186742965,-1997659705,-25454,-84
huawei,-95,226052513535702,40774392347,2024-09-04 06-44-00,51.93.93.66,-1772975849,internet,246.232.246.5,-1703534159,-853536703,-23732,7
huawei,66,226051448663815,40709786456,2024-09-04 06-40-19,220.43.136.179,1710385726,internet,127.63.143.20,-2067772216,-2120423899,15024,-37
huawei,28,226056955490476,40742395263,2024-09-04 06-43-17,252.254.64.183,-1517881354,ims,23.159.225.211,1860369256,-1714805584,-15040,-7
huawei,25,226050344523907,40743891016,2024-09-04 06-41-43,26.179.112.64,622721414,ims,83.175.240.155,969039160,1362304181,28311,31
huawei,90,226057588441609,40739970068,2024-09-04 06-41-53,130.229.182.88,-224187147,internet,219.224.184.232,-853254419,-922632088,-17060,-113
huawei,-31,226050246142145,40729375928,2024-09-04 06-43-05,24.235.116.231,-1783456055,ims,198.33.221.155,-402119034,-199270755,18368,83
huawei,63,226055756005556,40788984086,2024-09-04 06-44-09,235.21.17.241,1179145782,internet,143.135.18.101,-836033164,-298252187,32402,-45
huawei,-79,226054516674051,40761472338,2024-09-04 06-44-23,134.15.198.198,-1173175580,internet,48.72.127.98,-723621939,-56874732,6757,68
huawei,-97,226053123898573,40784143606,2024-09-04 06-41-27,112.119.100.217,-767697990,internet,149.24.141.63,1583424827,670579340,-12060,-109
huawei,112,226050619489060,40719207678,2024-09-04 06-41-08,16.238.118.121,816990466,internet,78.120.255.19,1580000446,-1629664206,-6668,-126
huawei,114,226055856635073,40771633157,2024-09-04 06-44-32,133.60.143.93,737999109,internet,33.14.48.133,1947141747,698647976,-8736,-95
huawei,22,226056209602668,40742725737,2024-09-04 06-44-16,41.72.201.227,-1022732958,ims,91.100.222.35,-1647486859,-1158964919,25984,-61
huawei,-14,226056561978636,40754290365,2024-09-04 06-41-45,45.150.39.113,-944861270,ims,80.15.163.129,1448194330,-1754163155,17669,-60
huawei,-74,226053251020056,40723187917,2024-09-04 06-40-51,11.250.210.120,620144998,internet,149.3.145.102,-339606576,512563667,28914,-116
huawei,15,226053157863074,40769969328,2024-09-04 06-40-13,93.4.111.26,-600426170,ims,241.239.24.87,-146454748,-644318956,518,-33
huawei,16,226054470875254,40794740953,2024-09-04 06-44-55,152.129.129.6,-149973202,ims,118.85.142.32,1697055446,-1571589024,-12267,-1
huawei,-46,226053789953493,40768745419,2024-09-04 06-43-19,247.142.110.24,-1396795616,internet,5.178.186.183,1355384999,56643262,-11036,63
huawei,22,226057839044458,40782824922,2024-09-04 06-43-33,81.208.203.226,519985967,internet,205.161.14.252,1116798624,1193259898,24476,101
huawei,41,226058070214645,40793533239,2024-09-04 06-43-30,156.234.172.228,-98873229,internet,68.79.25.240,-867643643,-748877486,-15680,90
huawei,29,226052899309859,40799749574,2024-09-04 06-42-57,148.130.15.227,-604918954,internet,210.209.11.12,-226109073,413668446,17672,30
huawei,97,226059057899688,40752950282,2024-09-04 06-43-51,103.126.2.224,2118214091,ims,30.103.255.24,-1319229963,410090730,-7945,-10
huawei,-51,226057695902967,40775505229,2024-09-04 06-44-00,224.208.62.254,-1885255120,internet,14.53.82.13,509210040,1751826808,-8728,85
huawei,119,226052989040279,40794939316,2024-09-04 06-42-54,102.76.38.83,-1183212505,ims,77.155.62.169,304980569,-1260904236,-6585,2
huawei,3,226055633003935,40705900799,2024-09-04 06-40-37,247.195.49.103,-1960813384,internet,93.93.49.206,-1979622959,-351951212,-2086,74
huawei,23,226056894390274,40748798630,2024-09-04 06-41-35,186.235.125.138,1271852179,ims,142.124.150.200,1176516591,-2081629896,-14656,-75
huawei,-52,226058793324495,40708207247,2024-09-04 06-44-59,37.250.55.21,-696829676,internet,69.216.55.22,1200024954,1019531021,28770,-73
huawei,32,226054871363953,40758898568,2024-09-04 06-42-23,167.235.188.225,956061229,internet,68.88.173.14,951209067,1328906391,27969,6
huawei,96,226054451715635,40775095395,2024-09-04 06-41-20,61.54.108.134,-283331147,internet,16.55.92.36,317409150,1281501566,19939,-63
huawei,-38,226053172792952,40750527083,2024-09-04 06-41-31,130.55.44.206,1420368582,internet,112.197.198.193,1542332056,552430065,-23140,-123
huawei,-31,226057176928432,40708055362,2024-09-04 06-43-11,206.223.71.152,-669945763,internet,160.107.198.76,1690560841,1022189873,24774,-20
huawei,-73,226050186097860,40785275189,2024-09-04 06-42-43,38.35.235.134,-2112300017,internet,34.125.109.82,-1935901454,-787336843,29266,-69
huawei,94,226057920630936,40772404738,2024-09-04 06-42-06,48.87.60.104,-189893087,internet,243.110.168.195,1662046067,514760102,8404,91
huawei,-10,226050281407552,40730622331,2024-09-04 06-42-54,18.48.155.48,2058762036,internet,195.184.32.48,456240919,-8787923,31776,-94
huawei,86,226059295447874,40738749019,2024-09-04 06-41-01,96.169.134.59,-1993553884,ims,79.48.126.197,1039709226,-1208471124,13046,-124
huawei,-100,226054577474249,40794551444,2024-09-04 06-42-06,206.21.242.116,1102515498,internet,108.2.234.212,-1238349401,149914056,-13731,-43
huawei,14,226050304460902,40723934431,2024-09-04 06-42-23,88.183.212.24,-1644200974,internet,222.18.34.145,2589787,-1795548383,11322,-64
huawei,-98,226050252763938,40706714998,2024-09-04 06-44-32,156.16.149.82,-706494473,internet,105.253.220.146,-2021517050,1857071505,-1598,-68
huawei,-98,226058968846557,40700466769,2024-09-04 06-42-54,118.192.119.97,-270395255,ims,30.169.55.159,-976946793,1536706818,21737,-21
huawei,46,226051110952608,40701669540,2024-09-04 06-44-11,162.69.90.54,-2112668157,internet,255.226.108.54,208480805,93157261,23859,-66
huawei,-106,226050143591931,40730789819,2024-09-04 06-43-01,196.155.216.249,-1029221239,internet,241.71.16.225,1554334423,-1812422336,-30536,2
huawei,58,226058496218900,40751764795,2024-09-04 06-44-48,154.26.59.78,1630644472,ims,30.42.103.237,1990098709,1221961047,4326,44
huawei,40,226057000247391,40757001724,2024-09-04 06-43-49,190.207.227.153,1840380674,ims,86.142.162.247,-1152797177,665476838,23075,101
huawei,122,226057968354147,40781911977,2024-09-04 06-41-27,127.112.4.70,1015714670,internet,235.250.236.140,1965068268,-469838087,-4560,-81
huawei,-125,226056931816064,40774992106,2024-09-04 06-43-34,253.244.27.20,-933178563,ims,170.82.103.220,-107164645,-17769565,30078,61
huawei,93,226053344546058,40778214590,2024-09-04 06-40-50,255.245.192.177,235968151,internet,229.96.94.97,971598096,-2010056203,8994,-20
huawei,-47,226055258066731,40787468483,2024-09-04 06-44-54,74.24.52.56,1581643248,internet,94.37.148.152,1021083839,1512089806,-21503,-84
huawei,-45,226053378892147,40796446075,2024-09-04 06-43-46,30.134.145.162,-594958092,ims,212.39.79.56,-540349958,293789567,-30011,42
huawei,85,226055917764488,40739893523,2024-09-04 06-44-11,246.45.222.36,345070998,internet,181.184.37.28,-566131602,1628392912,-20946,-126
huawei,-16,226058215400490,40781985542,2024-09-04 06-40-54,77.170.45.238,572768386,internet,220.150.184.96,1397207896,2128010789,5575,-101
huawei,-91,226058675619838,40766885681,2024-09-04 06-42-27,247.53.168.149,1441206680,ims,219.116.64.174,1906767050,-1094651785,20737,-54
huawei,102,226052373291066,40789877145,2024-09-04 06-44-29,10.66.96.101,411031402,internet,10.246.43.104,-506687726,2093133603,-17929,47
huawei,-102,226054692867179,40756450899,2024-09-04 06-42-13,190.211.177.198,-1646789731,ims,240.37.115.63,-118242283,40660410,-20606,13
huawei,-111,226055553115851,40747004605,2024-09-04 06-40-11,45.253.128.31,723575672,ims,63.169.73.2,-733336673,2110078025,-4393,-62
huawei,50,226058217138331,40729343238,2024-09-04 06-40-16,10.200.140.25,1447552115,ims,237.190.145.167,1428938352,-1171742095,14071,107
huawei,126,226050392469702,40713528599,2024-09-04 06-42-42,175.165.241.29,-50052913,internet,114.137.36.251,1005360302,-1696730643,-18312,-81
huawei,-26,226057124268150,40724453863,2024-09-04 06-42-15,215.34.149.35,463431911,internet,123.130.80.3,-867188186,-81575094,-12634,89
huawei,103,226056497808841,40714765865,2024-09-04 06-41-35,2.219.110.246,-492507882,internet,93.136.54.227,792752285,2104596145,-3660,-52
huawei,-92,226056791204550,40783450630,2024-09-04 06-40-24,182.225.12.233,1312746932,ims,8.104.194.190,-403611082,-2003240613,-20932,90
huawei,71,226050886249606,40781742110,2024-09-04 06-44-15,160.12.145.242,404593364,ims,59.141.109.232,-640393306,-1979720909,-26553,8
huawei,108,226053517947256,40708503561,2024-09-04 06-41-12,186.218.17.1,-1124745304,internet,147.186.33.41,549366196,1294931275,-26240,105
huawei,105,226055712389853,40742190211,2024-09-04 06-41-22,221.27.190.148,-1556414108,internet,50.205.155.34,1351010058,-1547639870,-5978,51
huawei,41,226051718015702,40721549058,2024-09-04 06-40-53,132.0.247.222,-821249161,ims,26.199.99.217,1120008941,450085944,17088,111
huawei,-38,226059818401890,40707863755,2024-09-04 06-44-49,225.33.84.222,-1874077196,internet,211.125.116.95,-1352883086,-1668588488,-5791,-28
huawei,90,226050052359272,40709469145,2024-09-04 06-40-31,45.70.251.101,871549992,ims,103.59.23.122,-1421598253,679612582,-18459,32
huawei,41,226053343392455,40740380022,2024-09-04 06-44-54,116.225.245.161,-335534111,internet,81.4.210.232,-1794955909,-652031484,-28472,-93
huawei,98,226053033374937,40746690252,2024-09-04 06-44-29,77.181.198.86,-2023369846,internet,32.109.156.57,1351158079,-1716919112,5850,-113
huawei,49,226057021033311,40761962475,2024-09-04 06-44-47,38.137.202.215,-1013444746,internet,114.182.79.239,-2009729283,-527003690,-21209,-83
huawei,103,226054345052889,40763661865,2024-09-04 06-44-35,185.67.148.122,773610666,ims,20.118.18.126,546191781,369296333,7560,85
huawei,47,226057681562515,40789017244,2024-09-04 06-40-16,80.230.197.201,-1560598873,internet,241.20.112.61,-245899757,1500617861,4123,46
huawei,-110,226052126338042,40776478756,2024-09-04 06-41-19,245.134.32.129,-161911931,ims,93.15.5.81,1449246818,-558036268,682,112
huawei,-111,226057339729933,40729542662,2024-09-04 06-41-14,165.215.138.82,1376240906,ims,199.8.158.75,234320918,565658725,303,127
huawei,-6,226057584417853,40727508247,2024-09-04 06-43-54,85.120.105.185,-2025740775,ims,183.151.160.22,518496097,-1718438053,-2829,-98
huawei,51,226054533633673,40718133612,2024-09-04 06-43-06,3.91.54.138,2088310365,internet,158.98.50.227,-718149027,1906498784,-2141,-49
huawei,13,226052080183517,40768103161,2024-09-04 06-41-28,187.127.33.104,2131000187,ims,158.33.45.122,704486294,1827561505,-8443,41
huawei,44,226058710517414,40717265629,2024-09-04 06-43-02,28.159.49.152,1439144972,ims,151.136.81.242,1156747468,-570579587,-11624,-39
huawei,48,226053271412257,40773106385,2024-09-04 06-44-09,66.122.9.31,78029851,ims,243.47.59.30,-652037286,-1125821571,17676,26
huawei,-8,226050739520476,40746938710,2024-09-04 06-41-12,215.237.73.210,-523643141,ims,45.53.46.111,1509195072,-60751978,-5150,-114
huawei,-84,226053666541278,40731863233,2024-09-04 06-44-14,222.192.42.203,-1659482130,ims,127.39.87.91,1043694025,-609732636,8962,98
huawei,3,226055647861489,40782170074,2024-09-04 06-40-26,27.108.236.199,1579436118,internet,161.168.245.49,1742842121,-243205274,-12009,80
huawei,9,226053152909650,40755299669,2024-09-04 06-42-52,196.17.124.187,-1029695115,internet,205.2.66.11,-1958421631,-58825857,22589,49
huawei,-1,226050256025140,40771077337,2024-09-04 06-44-15,69.27.173.136,-2050630691,ims,44.24.176.228,-1978571539,-1708369607,-16790,-39
huawei,45,226055511167355,40784203744,2024-09-04 06-42-06,24.250.34.113,87115924,ims,249.191.153.18,-1092069368,482887770,8350,-5
huawei,-120,226057431025450,40732708836,2024-09-04 06-44-13,246.127.179.253,-2064098196,internet,32.107.195.249,68393432,-205480399,-28076,-117
huawei,14,226053678118101,40756380609,2024-09-04 06-43-11,238.212.118.64,-1279795242,ims,15.105.116.167,-1123818079,1154104411,-655,-42
huawei,105,226055158304283,40720170182,2024-09-04 06-43-37,81.195.94.93,-1390430778,ims,172.104.132.29,-1829550855,-1196462205,-11369,-112
huawei,83,226058780125806,40754589589,2024-09-04 06-42-43,181.88.124.200,27414051,ims,107.180.39.189,191372173,-1642130196,-11108,20
huawei,-72,226050705419060,40718575632,2024-09-04 06-41-09,238.105.249.211,-896607833,ims,49.72.228.219,-1985018845,-1814210261,-15757,0
huawei,-114,226055178238452,40716877320,2024-09-04 06-44-19,196.177.229.134,-1224226076,internet,37.88.25.211,124123727,-1679864089,-10703,-117
huawei,-56,226055626652321,40718054304,2024-09-04 06-44-53,255.232.131.165,-612928184,internet,64.61.140.197,-1281190934,1285969363,-25468,-94
huawei,-51,226054337365697,40734594137,2024-09-04 06-43-24,226.81.157.150,216238291,internet,81.171.194.72,1257023957,1460940320,14909,-61
huawei,77,226053591915158,40727870099,2024-09-04 06-41-11,152.242.161.233,-738599294,ims,32.169.80.51,540271972,1254826888,1946,-89
huawei,78,226058835964790,40770258318,2024-09-04 06-40-25,115.46.205.237,-1082746165,internet,49.167.136.76,264681987,729340179,9775,-3
huawei,-15,226055859008162,40766846481,2024-09-04 06-40-27,191.61.65.96,-1642831373,ims,224.234.67.70,1846291216,-1182643026,16064,122
huawei,-32,226053412482921,40785160987,2024-09-04 06-42-01,88.75.170.209,1556004459,internet,55.0.67.40,433331919,-1450155419,-22709,-26
huawei,-8,226053175757173,40768384940,2024-09-04 06-41-44,52.196.7.46,-794299339,ims,109.83.127.176,915729060,1598870726,24856,38
huawei,8,226052002914433,40710737108,2024-09-04 06-42-21,30.90.100.164,-1152378675,ims,92.206.196.107,-490895498,262007470,-24879,-73
huawei,93,226051957237050,40717938505,2024-09-04 06-43-56,249.185.100.18,1104878552,internet,191.41.192.158,1456381424,1471255743,-21060,20
huawei,-30,226056966169475,40782563586,2024-09-04 06-44-17,0.142.113.160,-212626178,ims,202.64.58.53,-720831424,2117690907,2759,-28
huawei,-93,226050369293708,40798988012,2024-09-04 06-40-32,30.171.132.50,600925970,internet,64.237.72.206,1223912461,-304915903,14457,-76
huawei,-9,226058043450485,40789262090,2024-09-04 06-44-43,195.56.77.184,668085904,ims,62.214.217.52,-677988081,-546719663,32656,40
huawei,-118,226056018757173,40743271529,2024-09-04 06-44-53,65.182.139.135,1363109806,ims,39.200.147.251,1314576044,1378987743,-19888,105
huawei,-74,226058755261764,40724708949,2024-09-04 06-41-23,40.187.13.191,-1296098273,ims,158.229.125.197,1571083950,1004390610,3157,90
huawei,-17,226053597607342,40766770161,2024-09-04 06-42-15,23.31.152.75,1114246731,ims,136.125.76.232,1057798182,824692194,-25268,89
huawei,50,226054633254554,40777663663,2024-09-04 06-44-06,213.123.200.233,-1583172888,ims,17.93.163.228,-1240329047,829524167,15428,38
huawei,-15,226059021083567,40707814733,2024-09-04 06-41-09,215.106.54.141,-2129268300,ims,243.125.101.142,746645485,1916368656,26569,-81
huawei,-76,226056153820695,40727601758,2024-09-04 06-43-14,171.150.158.92,-1590168730,ims,174.225.118.191,251430671,-2062372102,21869,59
huawei,38,226052467313550,40726140881,2024-09-04 06-40-59,36.107.182.202,1689531118,internet,131.13.48.117,1144384035,1964088103,6716,-3
huawei,106,226050283118443,40758624726,2024-09-04 06-43-08,88.70.44.176,1590829761,internet,180.97.141.41,-1220312475,471029993,-16437,74
huawei,45,226056619752080,40730431808,2024-09-04 06-43-17,162.185.21.78,2019022695,ims,89.186.21.246,1174234901,-1171791202,20087,68
huawei,-99,226055183972364,40745016844,2024-09-04 06-43-04,255.242.54.140,-2045313251,internet,26.184.32.228,-1307930002,1315347295,-13003,16
huawei,-14,226058098688026,40772397008,2024-09-04 06-42-42,142.84.150.62,1335738857,internet,21.29.144.174,940371692,-1826539194,18246,96
huawei,-24,226053056278134,40764739721,2024-09-04 06-42-51,4.69.155.135,-1529978622,ims,57.90.15.37,-1739415304,-501930987,-4128,-91
huawei,-84,226052145072131,40784879978,2024-09-04 06-43-18,13.136.148.149,183025302,ims,81.76.69.99,628841911,590577333,1190,100
huawei,-114,226056275509529,40770918122,2024-09-04 06-43-23,53.91.180.221,-1075780937,internet,252.232.84.248,-259914071,-366333935,-1032,-36
huawei,38,226050276343552,40790302474,2024-09-04 06-42-29,120.67.229.94,1265261614,internet,4.117.63.139,-1851017497,-1824817284,23001,-98
huawei,43,226050211274623,40751442757,2024-09-04 06-43-49,28.35.177.115,-127330903,ims,230.100.85.106,-503250845,-294768814,5461,-73
huawei,-86,226052532760226,40778650071,2024-09-04 06-43-43,41.249.88.207,-979124912,ims,161.118.185.44,-813078336,107714402,-15927,-5
huawei,21,226050631082167,40757518322,2024-09-04 06-41-14,45.200.113.109,313400553,internet,125.249.78.33,-139633949,-865541364,-15377,-25
huawei,76,226055620895834,40757629439,2024-09-04 06-41-02,160.248.209.155,1788129233,ims,28.213.157.95,479190178,720626961,-21814,6
huawei,-116,226051517386013,40786018372,2024-09-04 06-43-28,140.5.126.199,-349674223,internet,24.57.21.230,-1020588189,-864279611,10565,-118
huawei,117,226051697404047,40786307315,2024-09-04 06-42-10,35.150.113.38,-1371351740,internet,121.59.187.81,415829553,566453926,-16414,2
huawei,36,226059143446916,40774076177,2024-09-04 06-44-14,21.106.146.130,785840133,ims,146.163.97.199,-1720429898,1565830069,-1904,126
huawei,123,226050321373723,40745046890,2024-09-04 06-41-08,158.148.72.227,-1056152477,internet,238.65.87.47,-1676007076,1038046127,-26703,-91
huawei,63,226059763553317,40718169570,2024-09-04 06-40-01,177.240.32.253,1789355651,internet,34.79.142.10,-1149387677,116657974,-25443,16
huawei,-3,226059502686455,40740515049,2024-09-04 06-40-29,108.33.57.244,-487185775,internet,179.98.206.183,767149095,1289593357,4963,-97
huawei,-13,226058402273657,40723632825,2024-09-04 06-40-28,67.250.168.148,-404372559,internet,203.103.102.29,1733983200,-776265520,2764,-42
huawei,4,226050219215563,40713786966,2024-09-04 06-44-05,78.9.203.146,1584877307,ims,12.195.13.211,-667568840,514310336,19956,12
huawei,84,226050932103629,40751529124,2024-09-04 06-43-00,212.80.82.219,1834506992,internet,121.132.216.253,132198225,-1633113099,30661,-115
huawei,83,226058536659759,40709511059,2024-09-04 06-44-52,226.79.64.210,-1028733977,internet,168.218.116.29,-1099241842,-329827397,-2020,80
huawei,43,226051835378772,40752392918,2024-09-04 06-43-32,143.225.197.247,-2092546397,ims,102.61.38.133,-1810889786,-131207505,-23285,119
huawei,-65,226050504296106,40725763434,2024-09-04 06-43-46,31.176.130.166,1830404098,internet,236.16.99.242,1929186137,1294660175,-16675,65
huawei,-113,226053372073752,40713993839,2024-09-04 06-41-40,224.181.101.53,-2121888086,internet,14.188.23.203,1087084179,-3536320,15851,12
huawei,-94,226059848836553,40770109323,2024-09-04 06-42-52,45.170.254.80,228636872,ims,13.32.25.17,-415673519,-402410982,32016,-2
huawei,-15,226055202951768,40757125091,2024-09-04 06-44-58,115.15.144.54,-1272673833,internet,152.236.204.6,194811991,-1184622945,-19174,66
huawei,-112,226057697620462,40735040981,2024-09-04 06-41-06,243.153.12.189,1068982860,ims,67.118.99.172,-1830794774,38464190,-30358,-35
huawei,63,226050762932076,40752753140,2024-09-04 06-41-33,220.221.120.57,1649627937,internet,136.111.142.231,-1176599773,1915434610,29889,54
huawei,62,226055688880467,40700484212,2024-09-04 06-41-34,177.195.84.204,1864655626,ims,164.9.8.136,1965477872,1367050426,8516,-1
huawei,49,226058012461233,40723402895,2024-09-04 06-42-40,128.14.43.91,1050282446,internet,219.135.104.0,87860332,-378777166,-3653,-92
huawei,-116,226056211899301,40703495213,2024-09-04 06-42-35,120.122.116.255,-1471437995,ims,211.244.248.179,343060265,-1979449071,22281,126
huawei,-49,226052277147570,40739124560,2024-09-04 06-42-24,152.12.234.55,-1719235577,internet,118.51.170.78,302539465,-400906226,-26109,65
huawei,111,226054668114803,40767641973,2024-09-04 06-43-50,96.43.183.149,1523561896,ims,131.54.114.82,-781496278,1971627740,-21209,-73
huawei,20,226055507963317,40732883156,2024-09-04 06-44-18,233.222.71.18,-1543136213,ims,207.48.222.74,1630274074,1906155733,-398,35
huawei,42,226052042128378,40714165880,2024-09-04 06-43-53,10.251.231.182,1215169521,internet,5.82.47.181,-324018246,1922159567,-1862,24
huawei,-112,226056186054824,40703883513,2024-09-04 06-44-38,123.11.13.98,-382701720,ims,32.130.177.111,-1977747252,1287856754,2265,-80
huawei,62,226056967272741,40739669240,2024-09-04 06-41-42,85.134.214.117,1898230074,ims,205.71.134.2,-565075851,1562907510,-21936,8
huawei,54,226054150063754,40732858607,2024-09-04 06-44-35,144.238.129.88,722842876,ims,249.169.150.107,-328397818,-490355551,29999,-10
huawei,-123,226059339068143,40798372572,2024-09-04 06-43-43,88.0.92.80,-1702944070,internet,120.157.178.212,1001072914,1981115182,27445,123
huawei,125,226057768560422,40713400028,2024-09-04 06-41-27,146.163.92.109,262821862,ims,33.58.178.22,-645839890,-101404593,-18099,-40
huawei,8,226057383974063,40706220168,2024-09-04 06-40-37,79.167.37.208,1215773891,internet,228.35.22.102,542384391,759450937,-18082,113
huawei,69,226053374917532,40789788460,2024-09-04 06-44-50,185.209.98.144,1788575377,internet,137.232.157.186,-935413567,803997475,18503,122
huawei,10,226057731364619,40790452018,2024-09-04 06-42-52,47.47.51.157,1181862239,ims,132.105.78.165,595340834,1580365860,20175,-34
huawei,38,226053116855707,40769235074,2024-09-04 06-43-23,140.155.85.228,-1608454389,internet,55.195.78.195,715878784,514251267,30376,-83
huawei,42,226055752177007,40752701180,2024-09-04 06-41-34,252.155.18.218,-628489986,internet,74.78.195.173,-755842647,1856146603,-11445,-122
huawei,6,226053718784511,40769521257,2024-09-04 06-43-56,10.104.166.80,-1625940633,internet,70.71.255.57,912245310,655031577,32126,26
huawei,-32,226056705927501,40781632011,2024-09-04 06-40-59,31.117.142.189,1126341689,ims,237.242.115.218,1692752386,-664147898,8554,-3
huawei,47,226058611235247,40735421872,2024-09-04 06-43-37,192.63.164.41,-429876486,internet,144.146.149.63,-321661725,-24676181,3648,97
huawei,115,226051738695198,40739848484,2024-09-04 06-41-55,191.214.249.25,-1009221705,ims,183.27.193.96,1619245386,-1403468723,22083,51
huawei,-5,226053971916963,40700781942,2024-09-04 06-43-02,249.249.99.57,417640756,ims,206.84.96.124,524234219,-978550596,17076,-54
huawei,-16,226054428044094,40724744577,2024-09-04 06-40-54,103.173.235.35,370097050,internet,143.41.186.8,1981829328,229220826,4284,-78
huawei,-27,226050419253464,40770532127,2024-09-04 06-42-11,195.150.19.104,-1123355910,ims,148.246.244.215,-1605858009,537160860,23964,-4
huawei,73,226059668131733,40735571238,2024-09-04 06-44-35,212.164.155.246,1174054278,internet,78.178.143.18,-668773930,1658535067,32554,76
huawei,-89,226053131333233,40787382509,2024-09-04 06-41-47,35.50.24.235,-342698601,internet,42.230.1.212,342927301,1246165759,7335,-125
huawei,-121,226053086317577,40757419030,2024-09-04 06-41-59,45.85.46.69,646152342,internet,165.183.177.21,306949665,1155062684,22142,33
huawei,15,226054675229826,40759296997,2024-09-04 06-44-17,25.56.187.4,299575101,ims,235.210.46.22,-422162462,-598273773,-6768,-82
huawei,-125,226051555539171,40797104508,2024-09-04 06-44-45,41.24.25.149,918603276,ims,230.113.122.205,-1782390528,-694086479,-17614,92
huawei,-82,226057363066562,40746941187,2024-09-04 06-43-44,148.82.73.245,-92758461,ims,203.177.113.70,1486141479,598353668,-11077,25
huawei,-107,226053489611260,40792309284,2024-09-04 06-42-54,49.176.6.180,-1472080434,ims,103.144.247.213,943345930,1390914216,-26074,81
huawei,92,226056025446597,40763282900,2024-09-04 06-42-47,197.149.237.252,-1426595142,internet,146.222.248.150,999569043,859930475,-6361,-66
huawei,-115,226058656356757,40767246642,2024-09-04 06-41-36,120.57.137.29,-1692044397,ims,178.170.122.51,1406237226,-1516977338,-4074,50
huawei,-124,226054970562641,40761799625,2024-09-04 06-44-19,118.212.182.205,2044821442,ims,187.216.132.234,1232629042,-702994860,12659,-34
huawei,-81,226051439279311,40743758016,2024-09-04 06-44-08,181.28.159.236,-1944965897,ims,214.163.110.21,-2032818060,725837532,8313,-86
huawei,-6,226051451325685,40740020453,2024-09-04 06-44-36,121.39.88.207,-802776708,ims,143.124.128.255,1096709513,-681689983,-19135,114
huawei,115,226055547856002,40742428454,2024-09-04 06-43-11,125.223.131.40,-1636104174,ims,98.147.158.88,222972597,1554901939,-8430,24
huawei,-57,226051490913017,40702844479,2024-09-04 06-43-53,156.120.195.22,-165568109,internet,12.54.68.9,933488642,-1828564745,8943,40
huawei,-122,226057318051950,40766814589,2024-09-04 06-44-05,78.224.123.171,1726434890,ims,82.104.83.11,389906266,1003615707,14079,-94
huawei,63,226057584507186,40702098680,2024-09-04 06-41-30,62.71.56.157,1577659623,internet,84.51.231.213,-2095256941,-1099564607,-20028,23
huawei,-72,226050210885899,40780670660,2024-09-04 06-41-29,115.147.199.118,1739305436,ims,94.205.25.108,-236810895,-186668236,-23263,-120
huawei,-93,226051282763622,40736472515,2024-09-04 06-41-55,214.174.201.211,657216544,ims,78.155.163.137,-1001542572,1416740692,31893,-123
huawei,114,226053099701668,40707275896,2024-09-04 06-42-04,20.158.89.172,502532183,internet,255.252.15.64,1714484616,660154157,8453,79
huawei,-43,226052435525045,40735667656,2024-09-04 06-43-46,58.172.216.100,240798748,internet,164.144.192.20,332679295,-1571480063,-3098,-94
huawei,31,226059929953808,40729497300,2024-09-04 06-41-12,68.116.67.3,-1465840021,ims,21.227.235.12,-173536326,1627793662,-13191,27
huawei,-80,226057875288298,40736310411,2024-09-04 06-40-51,31.174.71.247,-508502831,internet,31.198.81.23,869653970,1652063818,-30487,92
huawei,94,226055604499471,40795597956,2024-09-04 06-43-45,75.199.47.109,-2035810500,ims,19.29.115.2,-942609477,721864119,-18236,39
huawei,-84,226051730537768,40787864181,2024-09-04 06-42-58,222.206.94.208,-87713268,internet,65.207.8.222,-1669011745,1623115724,-23533,-31
huawei,-74,226051164060304,40781555831,2024-09-04 06-40-57,89.69.221.43,607320940,ims,173.199.142.201,-906157616,-1677132553,-13197,-90
huawei,58,226050710632537,40746845035,2024-09-04 06-43-14,89.101.163.188,-107653974,internet,86.255.30.44,495427622,816387767,17871,-72
huawei,-32,226057926842285,40752190190,2024-09-04 06-40-18,86.104.65.29,1929918520,internet,61.14.64.192,606692501,-1170740114,-14104,-94
huawei,39,226057962921861,40756150079,2024-09-04 06-40-44,65.190.21.93,-1754732704,ims,149.170.4.88,-1113963487,-741458996,-4847,-121
huawei,-86,226053944355226,40768660618,2024-09-04 06-42-00,243.100.140.149,-1636592862,ims,191.230.182.50,-780046483,-317883730,-8248,-86
huawei,10,226054047852386,40784101073,2024-09-04 06-41-17,236.30.123.23,-889290608,internet,163.233.175.187,780487173,2095109109,-19915,29
huawei,-115,226055949747359,40749494184,2024-09-04 06-42-06,220.243.187.241,-1465086286,ims,230.24.100.224,969755329,-1968035505,4651,18
huawei,-67,226053334943744,40713234512,2024-09-04 06-40-58,214.15.172.142,-440629094,ims,71.124.41.5,-1997675941,-1088705991,-25173,4
huawei,-62,226053183801094,40710081806,2024-09-04 06-41-30,167.119.204.232,-875434327,ims,203.223.183.161,-1825245552,187281754,13904,-103
huawei,-8,226055257216566,40790637641,2024-09-04 06-41-11,53.84.85.218,1975256570,internet,21.183.221.230,2145303263,-175642655,11279,34
huawei,87,226057188649240,40792550011,2024-09-04 06-41-00,32.223.106.108,1215270149,internet,158.164.228.206,-1362045869,1273099555,25659,-29
huawei,61,226051866879953,40763037106,2024-09-04 06-42-24,53.204.137.25,-1791113650,ims,95.61.174.124,1049846257,2032700097,-13201,81
huawei,-48,226053538200112,40728589928,2024-09-04 06-40-57,129.214.33.132,-1255893151,ims,135.90.67.221,1039085990,14459815,-5964,-113
huawei,-27,226056023082133,40785850408,2024-09-04 06-42-48,137.235.11.111,-2067698905,internet,79.62.240.63,915261310,-1675075118,-27807,35
huawei,83,226058153029663,40780338413,2024-09-04 06-42-23,225.95.219.168,-386691325,internet,162.231.209.193,1338280571,-200317914,-30030,123
huawei,118,226059889534354,40762105046,2024-09-04 06-40-02,235.208.7.27,-1863124684,ims,197.50.94.14,2118720635,-121745477,11257,-15
huawei,-2,226053813948825,40784603355,2024-09-04 06-41-36,90.210.235.23,-850802954,ims,11.238.218.135,-1173757161,1760342784,-25128,33
huawei,-24,226053268887826,40714255984,2024-09-04 06-43-18,218.17.121.59,-2011082264,internet,206.81.139.33,-1406414028,1507872383,-15035,-42
huawei,64,226054048721389,40761349789,2024-09-04 06-43-14,154.184.31.178,-547015379,internet,141.158.39.224,1415868372,-848682731,-29826,19
huawei,-24,226054026984987,40768750845,2024-09-04 06-40-41,74.40.198.171,526806381,ims,244.216.177.179,2007522271,379152909,17685,126
huawei,73,226052214866774,40722325873,2024-09-04 06-40-34,210.68.21.165,1086784717,ims,45.188.157.152,-1559159054,1703335882,-7117,-117
huawei,-125,226058022954358,40755279340,2024-09-04 06-42-59,69.32.25.201,-933894785,ims,165.6.138.53,-1079592800,-1302953593,-21200,-101
huawei,39,226056568392303,40744389646,2024-09-04 06-40-22,66.180.102.14,-1018879941,internet,192.35.31.41,-1003835645,690649864,-10708,4
huawei,108,226057773674238,40773096146,2024-09-04 06-40-43,5.170.163.50,-418472530,internet,201.45.37.252,-1191879991,2117452202,15919,-102
huawei,-51,226050323897540,40784465847,2024-09-04 06-43-12,81.132.127.115,-452097452,internet,82.29.141.142,1632334073,804203105,-6682,118
huawei,89,226051772841791,40742685229,2024-09-04 06-42-52,97.247.70.83,-441748059,ims,30.61.228.86,-2143310600,-1699687216,-14355,-95
huawei,-95,226059659943676,40782903903,2024-09-04 06-40-52,136.206.15.242,1953820398,internet,231.73.179.15,-999579371,-832351947,-29182,110
huawei,-58,226059656235742,40750572788,2024-09-04 06-43-24,71.55.146.189,-1163531897,ims,208.146.179.115,1764361494,-1352279933,17509,125
huawei,-117,226057802910051,40739611798,2024-09-04 06-41-38,42.197.254.87,1978096976,ims,161.34.130.230,344476328,206397847,-3525,63
huawei,60,226053559825771,40739199773,2024-09-04 06-41-45,33.70.42.31,579282205,internet,172.250.68.177,461622631,318444128,-19027,99
huawei,-75,226059126810559,40784450137,2024-09-04 06-43-45,185.136.97.30,981889254,internet,196.204.186.127,-1257603221,-1411479335,-24928,41
huawei,89,226059776347329,40726320186,2024-09-04 06-40-21,198.25.155.148,-922144513,ims,50.135.20.121,-1982015079,1316670233,16703,79
huawei,-57,226051424208477,40763785024,2024-09-04 06-42-47,163.99.195.48,-1943297519,internet,9.102.125.80,-56029184,-146256341,13097,24
huawei,116,226051367169896,40775157637,2024-09-04 06-44-23,113.46.35.203,916178328,ims,55.249.25.237,1748668068,226045339,-24656,28
huawei,-30,226056233052726,40754828954,2024-09-04 06-44-58,135.254.195.146,-1488918551,ims,213.117.206.226,227238010,-766550247,10904,45
huawei,26,226052951568439,40715711030,2024-09-04 06-40-01,131.38.182.221,-1159124322,ims,64.196.132.242,-1201462705,707182221,-26626,-112
huawei,94,226053569001660,40777387970,2024-09-04 06-44-38,69.39.76.86,1317875753,ims,11.91.68.21,1904628047,-146818440,6268,-31
huawei,75,226056161173763,40757127731,2024-09-04 06-40-49,191.190.9.247,1156321559,ims,5.110.126.210,1823286474,-1868153999,-3911,-127
huawei,-126,226051159191399,40782157757,2024-09-04 06-40-59,164.232.243.97,2093988153,internet,129.0.175.132,1601501792,780971272,29183,-64
huawei,82,226057619752438,40791354265,2024-09-04 06-41-57,60.119.30.75,1261441848,internet,108.23.220.227,-1953564645,-1328751111,-20258,-42
huawei,104,226052884936219,40797397072,2024-09-04 06-40-32,100.202.142.154,-367551314,ims,249.64.46.224,177924064,1091050342,-31365,110
huawei,26,226054389485415,40782276902,2024-09-04 06-43-55,20.28.196.55,180749839,internet,153.45.100.89,1272952482,-61421225,-27352,17
huawei,34,226056277589632,40798847036,2024-09-04 06-42-04,108.139.124.135,-1693516066,ims,175.241.170.211,823982161,-1101887574,-25391,-117
huawei,-68,226058978419639,40735262964,2024-09-04 06-40-51,164.248.128.212,-709479836,ims,5.3.44.106,-912082700,-2070445380,-30725,-90
huawei,-39,226056138190733,40782052880,2024-09-04 06-44-13,163.82.247.22,284499845,internet,69.9.96.83,-357805408,877817982,31183,-60
huawei,-19,226059989038593,40798770588,2024-09-04 06-43-53,227.33.8.250,1486900735,internet,2.13.72.71,-640201804,-95266400,-22834,-70
huawei,-30,226052203910471,40731541625,2024-09-04 06-41-50,127.31.74.37,-1482993133,internet,168.163.196.164,-2070611901,-1485040219,-21889,104
huawei,-63,226055909882753,40788291718,2024-09-04 06-44-49,68.221.255.91,-1877162453,ims,190.25.58.241,-1799657852,311189630,-14344,119
huawei,-83,226050032941647,40720601915,2024-09-04 06-43-48,71.187.255.29,-663490901,ims,137.200.2.212,-721367656,301288875,-17970,1
huawei,103,226055585038847,40731508079,2024-09-04 06-41-55,89.141.65.36,766675706,internet,209.4.35.133,-1692326036,258205635,-13642,-26
huawei,83,226050091790636,40703819417,2024-09-04 06-40-56,249.112.27.178,1306322851,internet,181.151.156.194,559546098,-1254178191,8066,45
huawei,28,226054499683224,40713198787,2024-09-04 06-44-58,204.54.67.37,-2089664699,ims,8.244.3.94,-1739827858,334595631,-19568,-66
huawei,-77,226059481108669,40763553612,2024-09-04 06-42-24,88.158.50.36,1859161486,internet,179.125.158.25,34688382,-1002546527,7546,-106
huawei,59,226055707251496,40784773578,2024-09-04 06-42-26,116.35.189.111,-1697722348,internet,249.196.44.154,1027887078,577709532,897,29
huawei,3,226055549710536,40780129116,2024-09-04 06-40-59,168.100.192.151,-1890565735,internet,120.35.17.87,1229203749,153226163,-18705,-46
huawei,-118,226057462400355,40791633036,2024-09-04 06-41-42,109.19.21.239,210723220,internet,130.56.204.215,1195966058,901415602,3910,43
huawei,126,226053910891274,40735067711,2024-09-04 06-41-02,24.106.224.231,432019113,internet,173.147.130.92,162207854,-1748548911,-13851,-107
huawei,60,226057963606145,40768486281,2024-09-04 06-43-23,170.120.185.87,402759672,internet,190.62.98.145,-1968402227,-1766125515,4194,-50
huawei,41,226053821051277,40750229312,2024-09-04 06-44-11,198.125.44.224,-1655722494,internet,184.175.132.217,730348059,-1446964677,24544,78
huawei,48,226055224974467,40702293020,2024-09-04 06-42-22,162.70.27.24,-1672673516,ims,92.90.251.21,441003986,1689874709,4460,82
huawei,-51,226059579966712,40700873043,2024-09-04 06-42-33,35.128.174.170,33072753,ims,244.31.50.253,-132356338,177032578,-31250,-29
huawei,13,226053313425842,40705285545,2024-09-04 06-44-31,105.241.145.26,-628776356,ims,146.201.209.36,-891025374,-170833630,14773,104
huawei,-65,226052154256548,40769079402,2024-09-04 06-43-43,220.46.111.48,-669950499,internet,126.143.189.151,-52219988,-766723506,15940,-84
huawei,-68,226056506413727,40719629736,2024-09-04 06-41-38,80.194.22.51,-1482087615,internet,88.47.12.186,-303176553,400165435,29550,-64
huawei,-107,226057998779243,40743390124,2024-09-04 06-44-19,221.190.247.73,-901412690,ims,199.202.30.173,-1343701945,-1976195120,32189,127
huawei,60,226057387143319,40794613390,2024-09-04 06-41-43,166.151.19.84,-1296005656,ims,32.87.84.112,946726865,-1700784254,-24702,10
huawei,5,226055962531738,40752701065,2024-09-04 06-41-59,213.4.164.18,1409280098,internet,159.225.23.192,544943212,-1927366323,5236,-88
huawei,18,226056815078270,40723640466,2024-09-04 06-40-35,215.43.255.137,1844484206,ims,94.27.190.179,-1367235609,-1410724676,-6563,1
huawei,61,226058398925208,40759860246,2024-09-04 06-44-26,84.156.20.51,-1534030115,internet,199.125.87.180,1548064331,-1129963661,-9687,30
huawei,112,226055212615707,40781770269,2024-09-04 06-41-08,61.84.26.115,-824949929,ims,95.247.42.212,27840927,64462263,9746,119
huawei,-75,226054855283045,40725501709,2024-09-04 06-41-41,15.104.4.209,1113489602,internet,186.36.21.26,1502744889,-1428208949,30480,-93
huawei,28,226054919308871,40787161510,2024-09-04 06-40-43,128.145.82.207,-1218596624,ims,245.68.230.45,-1580258585,-361176873,6485,25
huawei,72,226059818129372,40789600796,2024-09-04 06-41-52,6.246.49.86,-901705889,internet,164.73.87.146,1998993583,264326504,-445,-115
huawei,-21,226059401376515,40744199657,2024-09-04 06-44-18,96.90.106.136,1938032714,ims,28.31.117.122,2048244340,-1380564742,-23368,6
huawei,-18,226059645806996,40743194248,2024-09-04 06-43-23,51.25.208.221,-1179995440,ims,145.252.225.94,-1741083842,457647622,-3560,2
huawei,81,226053273555785,40714796209,2024-09-04 06-43-35,105.120.219.35,-1068565820,ims,174.36.28.241,-1270623905,-722132843,18942,-57
huawei,-112,226056444778516,40731296308,2024-09-04 06-43-46,238.69.57.90,-2022794409,ims,160.4.222.123,-2003236671,769150598,-2501,11
huawei,-125,226058177319442,40747063420,2024-09-04 06-42-12,123.40.177.181,1484545721,ims,10.12.136.69,-272929978,1309256532,30147,117
huawei,10,226051218968974,40701705455,2024-09-04 06-44-18,109.2.55.84,-197684520,ims,121.248.104.250,-694630977,-1339672311,30407,-73
huawei,118,226056941989321,40732946058,2024-09-04 06-41-40,110.219.195.195,1612451931,ims,47.65.9.136,1583900887,-934554715,-9852,-81
huawei,30,226057547609762,40705229760,2024-09-04 06-44-58,5.78.44.24,1508494869,internet,210.100.181.101,1108183960,397068995,-26829,111
huawei,52,226051160617050,40708615221,2024-09-04 06-42-08,238.247.93.83,982797499,ims,95.251.58.51,430228316,926596544,-10499,-116
huawei,44,226054997344295,40781797653,2024-09-04 06-41-37,174.100.87.103,472427220,internet,136.196.236.88,-2144692073,173386430,-5081,121
huawei,-93,226052894357110,40739159650,2024-09-04 06-44-18,69.175.136.233,1952860169,ims,169.197.187.244,-976805944,-233180504,-3008,-113
huawei,-57,226053439583425,40705078561,2024-09-04 06-44-54,6.34.146.176,1828291816,internet,168.106.40.107,-1787822289,-1020874966,-25138,96
huawei,101,226055572566067,40721387485,2024-09-04 06-42-33,83.50.79.116,-193845390,internet,83.49.75.13,-1681760245,-1279624307,-19416,-15
huawei,-72,226058063071430,40757605147,2024-09-04 06-44-36,13.16.155.34,-115695080,internet,166.184.183.162,-2111733748,-1929459429,4484,-108
huawei,-51,226051047832919,40756797438,2024-09-04 06-43-30,113.20.124.116,-1602624526,internet,198.210.249.123,1956282034,984650786,-27066,57
huawei,114,226053581729637,40789321264,2024-09-04 06-43-04,213.253.228.177,1877253829,ims,133.179.230.117,-751189160,-1883385040,365,50
huawei,-68,226057247682084,40762411975,2024-09-04 06-42-46,151.64.196.149,57351246,internet,111.138.198.103,-1822819925,1103972924,-30449,-67
huawei,13,226050913649956,40753221847,2024-09-04 06-41-24,50.204.247.197,-117224445,ims,78.177.24.152,1819538846,-1901981117,27515,-99
huawei,-54,226058028370869,40765706757,2024-09-04 06-44-35,53.149.254.94,1479649390,ims,191.158.238.32,-2074063783,1652956557,16835,108
huawei,82,226054944519358,40747064511,2024-09-04 06-42-04,176.148.60.112,-1475529695,internet,3.114.74.222,1746922041,-1484257103,19670,49
huawei,8,226052295863298,40731314503,2024-09-04 06-44-52,172.51.147.219,1879639742,internet,32.128.105.52,1587407924,-1244616043,-24178,-31
huawei,66,226059529108028,40706711877,2024-09-04 06-42-59,204.11.213.107,-978712720,ims,18.13.2.231,1259474576,1934881070,-31866,-108
huawei,-6,226057408962330,40726550501,2024-09-04 06-42-40,70.37.240.193,-1877436357,internet,103.197.105.135,462547069,256874799,1587,103
huawei,-35,226052639015180,40786401354,2024-09-04 06-40-52,165.7.210.100,-1213735292,ims,153.236.245.37,-605068207,915785324,-10627,117
huawei,126,226057359858632,40738536771,2024-09-04 06-42-42,48.188.5.172,-2097855938,internet,137.96.34.133,-1388823444,-586723440,6758,126
huawei,-45,226051326382983,40728047362,2024-09-04 06-44-36,23.191.149.65,-1328778698,ims,104.90.85.43,-1381818503,318543041,-16171,76
huawei,-32,226058599573929,40723797743,2024-09-04 06-45-00,93.136.114.64,-1665901747,internet,56.125.182.212,-676557579,321635413,18764,-10
huawei,86,226054520838967,40728562763,2024-09-04 06-41-14,128.9.201.33,1711319811,ims,161.175.143.68,1415221504,-721069945,-11397,-88
huawei,-64,226058749605257,40771327421,2024-09-04 06-41-51,64.39.112.45,312696879,internet,25.254.101.10,455818707,532078405,25707,85
huawei,-22,226058547336692,40753114638,2024-09-04 06-40-46,32.77.201.155,-1759996128,ims,92.169.154.1,-1436988808,-139625229,-26293,-71
huawei,9,226051102468857,40751959348,2024-09-04 06-44-55,204.123.15.173,-2006504690,ims,175.148.240.4,569423182,1706376017,12109,-91
huawei,-84,226051717117689,40771932966,2024-09-04 06-44-36,21.209.202.77,1883762397,internet,51.74.45.7,-1057230680,-217220358,-18007,21
huawei,-73,226050456748821,40700708108,2024-09-04 06-40-52,186.123.90.24,1561545300,ims,170.24.6.186,968325511,131740488,27293,-2
huawei,-82,226051760562326,40714902716,2024-09-04 06-41-29,150.20.134.142,27184223,internet,13.41.41.145,-1676184054,-1489046782,15827,-34
huawei,-52,226055934970484,40781278630,2024-09-04 06-41-39,13.78.162.210,1368572197,internet,253.173.208.125,-514223409,-1342116865,22973,95
huawei,45,226059582377350,40781283232,2024-09-04 06-41-44,121.194.16.17,1092052387,internet,184.194.60.217,-777105629,-2047491864,-13650,3
huawei,22,226053256104901,40706354600,2024-09-04 06-43-12,24.83.91.107,597361782,ims,77.3.9.242,1386867803,1051952469,-2611,-123
huawei,124,226057714945522,40772140383,2024-09-04 06-43-20,48.2.140.9,-1752026770,internet,166.69.64.17,-756204650,-1921524766,-28532,-110
huawei,-10,226054973293555,40718657024,2024-09-04 06-43-53,163.228.8.137,-927507753,ims,173.254.227.130,1379384486,-1442692873,15063,-94
huawei,-10,226057146193793,40727781433,2024-09-04 06-42-25,252.34.46.187,1693812137,internet,212.74.230.65,1445551354,-2012644410,-29047,23
huawei,106,226059553267362,40735331192,2024-09-04 06-42-46,225.189.2.159,-2005295329,ims,77.16.81.137,-1440612724,1066256409,-11623,-28
huawei,101,226058101598563,40737532036,2024-09-04 06-42-04,158.195.185.177,-91845139,ims,14.97.49.175,-1812855940,990149850,-17489,-22
huawei,113,226054990153350,40705278421,2024-09-04 06-40-38,145.216.20.62,-287339673,internet,159.203.99.193,-2125342897,633200744,7604,-105
huawei,-66,226052881755406,40782174182,2024-09-04 06-43-57,66.195.19.168,-1706130704,ims,34.210.57.94,-400399314,-1771325929,31439,68
huawei,-99,226054822411871,40764425226,2024-09-04 06-43-42,212.39.228.28,1410688683,ims,130.69.146.95,-252330887,1030809641,-23638,-67
huawei,-24,226056179227524,40724463252,2024-09-04 06-44-15,238.189.196.31,1459971200,ims,3.60.154.189,589006224,-1705454764,13388,-79
huawei,67,226055873645848,40709117247,2024-09-04 06-40-28,166.237.184.230,1786286555,ims,52.205.158.203,2059480006,-1610236115,-30828,-56
huawei,-67,226059880960144,40755432258,2024-09-04 06-44-50,15.19.12.198,-1105169984,ims,206.3.213.80,-959176596,-886890437,-31538,25
huawei,-68,226053271677475,40777872280,2024-09-04 06-43-54,89.110.13.69,-1306548616,ims,129.90.87.203,-1995280215,1383059664,-495,12
huawei,112,226052820549563,40763758682,2024-09-04 06-44-05,223.3.234.35,565540397,ims,208.159.170.245,-1564834226,1865156063,-18176,108
huawei,-48,226057006321658,40706572337,2024-09-04 06-42-17,113.66.249.184,1521071349,ims,44.162.17.185,1022882067,-1504831561,-30288,-61
huawei,-83,226057848596197,40781051008,2024-09-04 06-41-57,79.143.188.249,-117676736,ims,186.165.113.79,-1256284393,-209741719,26837,104
huawei,82,226050268207663,40732273310,2024-09-04 06-40-06,92.32.131.224,-864641594,internet,100.160.78.42,108471363,-571638324,11268,51
huawei,78,226055283937541,40756036337,2024-09-04 06-41-49,11.66.217.81,980701844,internet,45.247.100.27,552924007,-4310558,-15346,-74
huawei,-110,226052263489183,40755160984,2024-09-04 06-44-01,158.74.234.207,-38681228,internet,73.82.55.23,2025236832,-907427679,-31614,91
huawei,-80,226051559402836,40743165900,2024-09-04 06-43-24,22.117.96.101,-4981261,ims,222.197.251.181,-1556199908,255205504,11188,-78
huawei,17,226055423339314,40704612789,2024-09-04 06-40-58,82.68.179.156,1071716470,ims,3.133.126.127,-1369812851,-907419431,23775,-38
huawei,-24,226056032423499,40717874749,2024-09-04 06-40-25,117.16.27.210,-195185421,ims,152.219.121.104,1431839289,-1699717062,27497,112
huawei,82,226059757830509,40774880185,2024-09-04 06-43-56,164.228.111.220,-1614570382,ims,251.8.95.175,634384230,-239931064,-581,62
huawei,34,226054151277705,40764336387,2024-09-04 06-44-19,49.104.177.143,-183677848,internet,72.51.195.166,-1883756088,1919324196,-22372,-52
huawei,-65,226054957817334,40773625510,2024-09-04 06-42-33,183.180.89.22,1493870757,internet,246.245.114.108,284384941,1907640354,11979,66
huawei,99,226050455987947,40715493627,2024-09-04 06-40-42,116.131.151.171,1762565114,ims,92.183.75.191,1359863395,-440480415,27306,-11
huawei,-64,226051553690289,40746609060,2024-09-04 06-42-40,173.192.132.178,1363823840,ims,155.146.50.129,433423967,879588776,-15401,-29
huawei,97,226054796557776,40707124584,2024-09-04 06-41-55,217.59.154.80,-1256888477,internet,78.225.248.126,294823816,-1116300927,-20722,76
huawei,122,226052746125275,40755759933,2024-09-04 06-44-47,116.245.148.43,-1689529522,ims,67.92.200.125,-1181631613,-1407307517,1621,37
huawei,81,226055107745157,40718602724,2024-09-04 06-45-00,150.204.163.75,-732524194,internet,148.111.26.233,-1651577882,827147354,-4066,-43
huawei,18,226050541394326,40785997623,2024-09-04 06-42-33,46.88.153.1,-996832232,internet,235.142.102.138,-917323,-464273690,31978,68
huawei,56,226050994573242,40706281312,2024-09-04 06-41-55,182.70.36.136,-445305916,ims,29.164.22.51,-1570704690,-612096190,-13966,75
huawei,62,226055713635734,40717706792,2024-09-04 06-44-17,204.134.14.107,1482106258,internet,116.252.207.108,654982501,-1069839872,2974,59
huawei,-80,226057734389373,40727587604,2024-09-04 06-44-28,225.24.159.217,-1165198461,ims,220.254.156.233,-1930178420,1470144490,-9196,-85
huawei,69,226058075275532,40793817281,2024-09-04 06-43-35,121.254.101.9,-587926723,internet,13.97.85.208,1014972687,-940745500,31891,-54
huawei,-30,226053926961386,40748547341,2024-09-04 06-42-59,61.7.42.218,-628058120,internet,75.0.127.142,-1289361070,-977050506,-2133,14
huawei,4,226054725675685,40742841195,2024-09-04 06-41-15,199.103.186.217,-879332697,ims,214.227.94.118,-2020982307,3880781,-11868,92
huawei,-19,226053370367172,40722645782,2024-09-04 06-44-30,203.125.118.16,391075043,ims,122.156.76.127,-1592843605,-78325751,31030,55
huawei,0,226054969960431,40796820204,2024-09-04 06-43-22,175.198.121.219,1530338123,internet,48.179.204.10,-465365238,-1473552261,19332,70
huawei,-96,226055817774176,40793199490,2024-09-04 06-43-19,213.161.35.125,1994560594,internet,79.85.28.162,-659892781,-926610993,23389,27
huawei,10,226053267557330,40755087001,2024-09-04 06-42-14,31.240.95.252,2078853601,ims,205.201.163.121,-811385324,-954402924,-20456,-11
huawei,-69,226058348291546,40734780600,2024-09-04 06-44-35,188.128.135.210,247309490,internet,39.3.209.210,-1739394523,288266244,-16121,-3
huawei,-2,226052611385254,40744509072,2024-09-04 06-41-00,124.149.87.24,-1382863949,internet,52.21.115.79,1920157370,1660341998,7836,82
huawei,-101,226059385304825,40745194553,2024-09-04 06-43-47,167.103.6.170,-1366072630,internet,54.89.50.95,1285253847,-1642228573,26729,-128
huawei,122,226056665562178,40719379345,2024-09-04 06-44-16,121.141.18.222,-1156888205,internet,211.165.110.147,-1276413927,-1102483464,-26593,61
huawei,-33,226050228538984,40770814125,2024-09-04 06-42-43,111.221.241.17,540951303,internet,22.147.42.223,-621848070,1804404589,19471,-52
huawei,-26,226052961615776,40703521230,2024-09-04 06-43-24,20.234.77.216,-1436986900,internet,155.89.103.246,-1200650252,-818962056,7719,-119
huawei,-123,226056254851309,40792150633,2024-09-04 06-43-22,106.200.248.88,-300834133,ims,220.63.45.228,1178332969,-747401074,-2471,-71
huawei,-88,226050527611731,40707980690,2024-09-04 06-41-19,109.108.42.31,-512697395,ims,50.170.245.156,-171670471,-1920433900,10254,-42
huawei,72,226053365323914,40701561515,2024-09-04 06-40-14,112.11.223.248,318044373,internet,16.140.206.83,-1906719566,1554290673,-11316,-122
huawei,-10,226055546741874,40795678516,2024-09-04 06-43-46,165.76.254.54,1612645709,internet,242.210.101.246,1893545121,1664402013,29303,61
huawei,70,226053045094108,40742286653,2024-09-04 06-41-06,35.140.231.77,557910375,ims,61.151.22.128,-1496408838,-333122524,-2942,80
huawei,-101,226051097442583,40787520042,2024-09-04 06-44-59,70.34.219.78,379167836,internet,3.229.219.144,1379075614,-1363734221,-4663,33
huawei,121,226056711766180,40788628114,2024-09-04 06-41-39,210.236.140.167,-429197359,internet,132.214.14.196,-2028244994,-861857713,2953,-97
huawei,-53,226050358224338,40795842418,2024-09-04 06-41-46,145.162.142.245,-900847524,internet,15.98.15.97,1554693666,1519645678,10580,-97
huawei,119,226054794723776,40715633662,2024-09-04 06-41-52,211.74.148.159,-1107759943,internet,83.221.11.39,-1012051557,-503324401,-10272,-50
huawei,-58,226052278044063,40751542253,2024-09-04 06-40-24,74.211.106.29,2105047779,internet,63.254.193.104,-74251002,-970626846,-24883,118
huawei,56,226052950287916,40739389353,2024-09-04 06-42-34,125.11.162.158,-249976,internet,173.103.108.141,-60650446,-1489686827,-28591,108
huawei,13,226054280555038,40725953046,2024-09-04 06-41-50,159.198.153.249,-729603260,ims,156.250.132.144,482886021,-411881151,30010,44
huawei,82,226056740326290,40737054294,2024-09-04 06-40-11,39.159.201.223,-1272149418,internet,91.44.34.237,1499816334,-1105361237,-4593,96
huawei,-18,226059113658008,40700891893,2024-09-04 06-43-21,93.29.249.149,1143166039,ims,239.189.65.130,-1854197831,-2030075557,-29472,-109
huawei,96,226052645051439,40722566134,2024-09-04 06-42-01,46.75.218.78,-1652794061,internet,197.214.13.245,972356415,-2041067829,9408,-12
huawei,-51,226051390272165,40732217457,2024-09-04 06-40-12,65.34.159.243,-1306477568,ims,65.75.101.63,-266328437,1160005206,-21355,-42
huawei,-57,226050064436365,40767766295,2024-09-04 06-41-57,58.110.177.115,1161789564,ims,186.148.113.198,1962002848,-1987152068,31219,30
huawei,33,226058293214486,40793789516,2024-09-04 06-44-37,33.219.56.80,672634923,ims,149.35.238.31,-469755299,-694358448,25646,-103
huawei,53,226058595829512,40739683379,2024-09-04 06-40-16,156.116.81.85,-424678923,ims,69.88.136.241,1712173453,-110161749,-2181,-16
huawei,-31,226055257424627,40775645940,2024-09-04 06-40-15,165.110.201.206,-51465729,ims,205.109.20.220,2075650558,927931748,6610,126
huawei,123,226055586999878,40753376335,2024-09-04 06-41-37,246.254.206.253,898989692,internet,228.99.21.177,-1171332312,1177564927,13900,-20
huawei,123,226054758257915,40740774863,2024-09-04 06-42-59,194.173.229.236,680057651,ims,43.222.22.76,1321406133,222301412,-7671,-2
huawei,126,226055182766140,40786924098,2024-09-04 06-40-14,250.149.247.41,-360243902,internet,229.130.58.207,-1838661179,-2016287627,15888,42
huawei,23,226055852530006,40758021815,2024-09-04 06-40-08,34.106.85.204,-1186280994,ims,117.167.3.117,888858955,-1757707746,-19863,63
huawei,12,226056133906962,40730164052,2024-09-04 06-40-59,56.33.225.227,-1753951368,ims,26.77.148.103,1795795575,-1035275212,-24323,15
huawei,44,226055561967441,40765450242,2024-09-04 06-42-03,255.241.102.13,1716951242,internet,199.20.201.84,-47989669,-543897402,-12021,102
huawei,-102,226059146176550,40732492597,2024-09-04 06-41-25,122.19.29.4,273835166,internet,204.99.149.147,1365001479,-2145868273,-2350,52
huawei,18,226053876942623,40782385238,2024-09-04 06-41-53,209.100.148.218,-1079130022,ims,231.32.183.127,1451484605,187769906,17249,-3
huawei,53,226053001518048,40728676169,2024-09-04 06-43-17,32.3.147.146,-800795957,internet,65.45.110.44,897556992,482174627,19598,32
huawei,-8,226056804842833,40701210966,2024-09-04 06-43-49,233.214.177.38,966157681,ims,124.21.161.98,2053034472,1031269018,5561,38
huawei,85,226050252049033,40767265927,2024-09-04 06-42-08,201.225.107.180,955589838,internet,89.233.200.137,-380428942,-700237585,-19611,124
huawei,-34,226059557940862,40743128740,2024-09-04 06-44-49,10.80.37.44,1065412061,internet,13.213.106.96,-1213107907,307659584,-13019,-25
huawei,-127,226052687302836,40799808741,2024-09-04 06-40-05,96.128.62.90,50232897,internet,223.30.144.0,-1658915236,-1627980871,-6406,-122
huawei,124,226053801415180,40792107372,2024-09-04 06-42-18,63.151.181.195,1388025090,internet,184.6.97.235,152413544,-1403595191,-30196,-127
huawei,49,226057858173796,40763993729,2024-09-04 06-41-07,130.60.120.51,351933035,ims,255.30.165.228,-1038597829,-1782441486,404,100
huawei,86,226053948132851,40706487195,2024-09-04 06-43-44,80.226.194.46,-847635249,internet,179.116.129.20,1296317223,717752423,3537,90
huawei,-86,226058239706092,40792992767,2024-09-04 06-41-20,237.159.135.54,-1185021971,internet,225.75.120.190,-804253008,-936765362,-14770,44
huawei,11,226050862590664,40702889970,2024-09-04 06-40-43,5.254.198.127,-494020190,internet,142.208.219.117,1234270610,1477536336,26265,65
huawei,56,226058344280389,40747982079,2024-09-04 06-40-05,2.250.247.204,2086165243,ims,178.250.141.3,-1879739529,-930118662,22164,101
huawei,22,226052211585359,40728416282,2024-09-04 06-44-19,16.199.151.238,1631397886,internet,40.191.141.52,903409544,1064705019,25419,85
huawei,-69,226053831127971,40739550804,2024-09-04 06-41-49,71.121.197.195,-774114689,internet,249.221.169.118,1535714030,-2086818592,27195,59
huawei,67,226050178316471,40776893009,2024-09-04 06-42-40,206.133.254.45,1423127676,ims,209.231.242.63,-1783397160,-812662850,30653,-79
huawei,74,226058979575495,40737411577,2024-09-04 06-40-43,116.242.6.52,-70015336,internet,222.218.244.166,1624731480,-1908954787,-13515,93
huawei,-55,226055135606635,40729906788,2024-09-04 06-41-15,6.56.1.5,-1043137412,internet,5.208.28.89,1308649767,432481061,-2272,110
huawei,109,226053395840314,40768722190,2024-09-04 06-41-48,194.125.168.81,-1275263622,internet,122.72.227.137,-1393094785,126515389,-16431,63
huawei,-21,226055398435106,40708715094,2024-09-04 06-41-19,10.22.212.118,448870328,internet,46.179.52.238,-713734761,-793576886,-18015,35
huawei,-10,226050707359898,40754339463,2024-09-04 06-40-31,94.181.234.95,962106281,ims,196.174.243.17,-1718306247,232120273,-1577,-100
huawei,115,226052787923168,40761093026,2024-09-04 06-42-15,234.51.27.49,-1437258186,ims,165.54.70.92,-790942778,1251003988,995,-90
huawei,34,226053844617080,40765510202,2024-09-04 06-43-51,184.204.96.200,-140073268,internet,71.226.188.127,-1506936995,-334092679,19260,-32
huawei,121,226052196532919,40788249768,2024-09-04 06-43-43,169.24.89.125,682711295,ims,145.88.172.231,1475784016,599336635,21586,-34
huawei,66,226059381537792,40725286169,2024-09-04 06-42-55,72.36.151.213,-918927687,ims,179.167.69.204,-165380437,-149320624,-9272,-44
huawei,123,226056005446064,40769508460,2024-09-04 06-42-52,175.133.236.43,530841249,internet,252.65.142.241,-1484116288,-794576284,19464,94
huawei,119,226058076145599,40760945588,2024-09-04 06-44-08,72.202.235.135,823303045,internet,132.108.217.16,-434827634,1599202650,13212,110
huawei,-27,226056855552485,40752158246,2024-09-04 06-43-14,76.179.95.8,-617762374,ims,4.150.19.172,575230703,919580429,31814,-128
huawei,-85,226059711993970,40749330723,2024-09-04 06-40-59,189.156.238.185,-1906587294,internet,45.218.169.212,686540662,1673736162,-16906,47
huawei,86,226058641197216,40753319854,2024-09-04 06-40-19,35.105.144.79,1453907602,internet,5.22.111.249,1577881737,-454296717,15815,-32
huawei,-54,226054535966407,40714381249,2024-09-04 06-45-01,207.69.110.193,-1772896120,internet,221.153.142.51,1223097050,-1408243785,-8100,107
huawei,-125,226055726375331,40719099622,2024-09-04 06-40-49,165.253.199.33,-1164530888,ims,49.77.162.237,-1876484289,1009720880,26926,24
huawei,-71,226055735969739,40709850204,2024-09-04 06-41-19,143.248.41.179,-462146006,internet,149.106.37.131,1475925097,-12351958,23156,126
huawei,-55,226058289023867,40776992592,2024-09-04 06-42-06,176.50.222.167,-1795357093,internet,183.2.113.241,-1062585355,-393162257,32063,93
huawei,85,226052503510329,40737983701,2024-09-04 06-43-33,160.243.132.252,1589134362,ims,172.177.152.57,224095507,836484952,-10573,-76
huawei,-90,226058854376331,40746797557,2024-09-04 06-44-37,93.247.125.168,-1831797147,ims,192.20.254.65,722352091,2139088876,-30654,-33
huawei,69,226059291018233,40787267024,2024-09-04 06-40-43,194.163.190.3,-443471358,internet,104.201.148.105,1577363744,462159160,-23057,50
huawei,-111,226054926695007,40776723126,2024-09-04 06-40-49,212.165.102.162,856195822,internet,38.3.16.159,-1447460999,-880198061,3466,89
huawei,-103,226051908806342,40779539297,2024-09-04 06-42-11,252.171.162.175,-1949222037,ims,242.165.136.242,-1182837109,1786941927,-21664,-16
huawei,55,226055462754080,40731091324,2024-09-04 06-40-54,164.176.23.247,-1828605358,internet,55.224.46.113,-2011568940,1319961181,7945,-35
huawei,11,226053819503908,40794026547,2024-09-04 06-40-45,226.179.18.209,839164106,internet,2.17.135.159,1342349165,501191026,26598,10
huawei,-102,226057124008875,40769647827,2024-09-04 06-42-47,60.61.8.55,-925278761,internet,87.161.223.129,1873157375,-379440402,-24758,52
huawei,-61,226059287577887,40740835024,2024-09-04 06-44-04,37.29.36.131,-140232644,internet,158.48.61.183,-413904541,-181228868,-6879,66
huawei,-126,226051080715148,40775591676,2024-09-04 06-44-00,117.93.245.8,-1853974230,ims,28.245.130.165,688570476,-1534261375,13825,-98
huawei,78,226056053814970,40799541496,2024-09-04 06-42-44,75.137.14.184,1073331034,internet,167.58.149.175,1044021588,1725603881,-18815,51
huawei,-34,226055501000867,40727697509,2024-09-04 06-41-25,172.224.229.95,-1009127117,ims,201.72.201.210,-734466030,825751800,22781,84
huawei,-31,226056525658337,40750904281,2024-09-04 06-44-33,46.186.208.145,-1662404994,internet,203.179.149.157,747464791,887359779,-25593,41
huawei,-67,226056367293481,40798002520,2024-09-04 06-41-43,8.82.5.218,-1802321173,internet,46.207.153.10,692811545,1899961546,-2208,95
huawei,3,226050306909709,40706962772,2024-09-04 06-42-48,37.227.142.187,-1613295419,ims,203.195.155.138,2098507303,1517564424,19109,-39
huawei,31,226051793853003,40719221928,2024-09-04 06-41-40,199.164.104.20,-1810229086,internet,88.62.10.18,1492729732,-1166578628,-28827,125
huawei,85,226056917273177,40757279023,2024-09-04 06-42-22,148.32.79.64,356949140,internet,171.206.232.129,-658226651,929702435,29564,50
huawei,59,226050493531757,40788876434,2024-09-04 06-43-32,114.156.120.238,-68994629,internet,27.235.210.232,1949985087,1496844699,-31741,-122
huawei,-39,226052091723433,40729693367,2024-09-04 06-42-22,235.164.102.235,1619032767,ims,143.2.164.101,1449261237,1664216886,8714,75
huawei,-85,226050512645419,40733671216,2024-09-04 06-41-23,237.125.33.111,1417372944,ims,73.105.225.14,740630378,538833021,-17118,-27
huawei,-41,226056571834866,40703165126,2024-09-04 06-42-20,25.81.107.117,-1700844143,ims,57.202.127.150,1663959360,349190556,-30434,-32
huawei,90,226058864505151,40709276455,2024-09-04 06-42-28,56.213.235.197,-471251095,ims,135.191.244.45,1229739870,-1080648400,-1694,-64
huawei,104,226050750321186,40776857309,2024-09-04 06-40-38,57.230.124.4,2119125001,ims,195.197.62.246,660874931,416068952,-10607,62
huawei,-2,226052265383603,40771134567,2024-09-04 06-42-44,157.186.216.200,-1856781420,internet,63.11.153.16,800735659,-1606413442,-22920,-62
huawei,-79,226051786848748,40712400826,2024-09-04 06-43-40,101.35.126.141,1828598352,internet,122.234.114.164,-2008859269,544618008,23653,-109
huawei,-14,226059424750795,40765409476,2024-09-04 06-40-51,101.14.29.167,-1710693964,internet,141.146.89.118,1274843780,771507632,5114,-73
huawei,-79,226056626849183,40729856287,2024-09-04 06-44-40,89.81.102.251,-1145922951,internet,253.55.61.122,-368611851,1999236778,-2485,-121
huawei,-57,226058669469923,40772982024,2024-09-04 06-42-00,185.49.75.170,1460796700,ims,53.137.94.163,2054138595,1039416254,4276,126
huawei,61,226052476585859,40753135339,2024-09-04 06-44-36,135.167.23.103,376152596,ims,174.109.35.28,-1005059862,1776852733,-1538,-125
huawei,-87,226055671576634,40795212199,2024-09-04 06-41-11,137.134.135.100,1369247902,internet,186.126.119.7,576178180,1883740839,-25826,67
huawei,30,226051294683756,40714775825,2024-09-04 06-40-16,126.240.34.52,-668607371,ims,208.139.197.202,-2076430724,1139589032,-8684,38
huawei,57,226050727210487,40707428409,2024-09-04 06-44-37,200.58.122.168,-961474996,ims,125.233.225.55,-2092776520,-1284564833,-16840,-122
huawei,-87,226058987700446,40735747453,2024-09-04 06-41-44,12.179.179.159,2081449412,internet,127.249.119.104,436099481,-2132216166,-25712,-38
huawei,0,226054952513189,40766640528,2024-09-04 06-44-46,171.139.20.159,1974644358,internet,157.164.244.117,1150364319,1191851396,-17358,-99
huawei,-93,226056493753326,40711172067,2024-09-04 06-44-50,91.139.245.94,-756080489,internet,107.189.213.226,1412381094,465251873,-31896,44
huawei,51,226051851532463,40736913746,2024-09-04 06-44-11,161.177.20.171,-967964292,internet,161.195.143.35,-2141398065,894117128,-27635,8
huawei,101,226054994642479,40782442438,2024-09-04 06-44-08,179.114.200.242,-308216496,internet,213.217.78.74,-119888587,1357023356,-674,-6
huawei,-85,226059109656975,40702094548,2024-09-04 06-41-44,85.231.106.25,-1317531523,ims,2.122.166.25,-1443749237,1953501035,-25398,-121
huawei,-8,226058198716968,40786730323,2024-09-04 06-44-03,249.80.18.18,-434375080,internet,41.208.36.183,895500885,2103451702,18682,24
huawei,80,226059758109055,40776888916,2024-09-04 06-41-30,19.88.201.68,-307808782,ims,248.80.253.200,2077162804,908701946,-17820,4
huawei,-105,226053545059016,40783187996,2024-09-04 06-44-36,38.65.148.175,-216585607,ims,47.44.119.90,933685775,612917784,25676,115
huawei,-75,226053264157138,40749059681,2024-09-04 06-44-31,179.13.241.200,344453996,ims,208.143.48.198,-1456422441,1653419913,-6349,-104
huawei,-114,226055320445674,40783514014,2024-09-04 06-43-28,112.143.92.188,1357355223,internet,226.162.28.62,-1574134652,-2027036162,-15262,-66
huawei,-117,226057794025511,40748625097,2024-09-04 06-44-44,252.200.36.232,-58829478,ims,140.167.186.209,463920506,-1706100661,-3465,-76
huawei,-68,226053935943745,40767821017,2024-09-04 06-42-31,175.236.1.11,539415417,internet,121.77.37.147,-1473412948,-1245247377,11744,-100
huawei,116,226058613209149,40750063798,2024-09-04 06-43-29,83.144.250.44,-1763364610,internet,181.79.94.44,1432499298,-84353207,-20370,46
huawei,75,226059914560134,40788172002,2024-09-04 06-43-10,11.63.213.118,2017487776,internet,12.159.125.204,-1205107499,-195274808,9280,-34
huawei,-120,226058324315151,40755026861,2024-09-04 06-42-07,87.31.36.156,340746537,ims,253.31.165.91,-930645681,-1824985543,23255,4
huawei,-24,226059389961737,40712595677,2024-09-04 06-44-38,250.193.153.39,1437007857,internet,142.238.137.70,1318716249,-181836023,9644,-111
huawei,119,226052683105194,40751504808,2024-09-04 06-42-03,6.192.5.216,-1246767032,internet,28.7.22.154,729284563,-1442143491,-26532,-67
huawei,59,226055881353016,40706067381,2024-09-04 06-41-27,154.131.19.147,1240629651,internet,162.132.171.170,1972127203,454666360,2757,94
huawei,-102,226056182808748,40775578142,2024-09-04 06-44-05,17.141.126.57,-910022352,internet,153.45.159.46,1635786282,1033988282,813,27
huawei,123,226053799503412,40791157602,2024-09-04 06-43-30,187.198.209.56,1913284365,internet,32.195.171.177,1910173007,-1388539632,20221,-16
huawei,2,226056204426623,40783632534,2024-09-04 06-42-29,225.249.5.236,-269744415,ims,18.228.59.19,-997224758,-1267937300,-30724,2
huawei,-26,226052528917362,40746410009,2024-09-04 06-42-28,193.101.191.91,-529307101,internet,46.163.181.30,1950819125,-233153548,-19541,-42
huawei,-115,226059585670336,40777562249,2024-09-04 06-43-31,114.143.217.115,-1657345042,ims,96.93.4.86,-1864656926,-1953920906,-10783,44
huawei,123,226059330575588,40716054675,2024-09-04 06-44-54,196.15.110.178,1470604999,internet,216.26.24.38,2063785890,-1017423349,-13488,-121
huawei,67,226055880122556,40771216200,2024-09-04 06-42-32,174.241.171.128,-805841447,internet,74.140.23.191,1867142508,958644070,26963,-99
huawei,58,226050847087611,40746639762,2024-09-04 06-41-45,55.178.20.49,-1029009945,ims,249.20.167.190,-1508372259,1444327779,-5785,-6
huawei,91,226057754717294,40768282023,2024-09-04 06-43-20,3.192.154.33,2114335996,internet,202.13.131.232,2128330157,-1570463441,-6000,22
huawei,-37,226054734514851,40712846847,2024-09-04 06-41-25,161.23.87.47,466690016,internet,225.182.103.133,89648591,1090125156,-31610,66
huawei,84,226056737422951,40720158650,2024-09-04 06-42-10,241.136.106.178,1166649656,internet,147.47.49.209,-684759377,-1821573941,-29986,107
huawei,116,226056783140380,40742130477,2024-09-04 06-44-39,104.49.135.164,330718524,internet,249.204.38.27,24324785,1947609458,6155,-82
huawei,-107,226055135655239,40718308652,2024-09-04 06-41-28,205.207.41.151,1340095196,ims,15.110.49.55,-2046745051,2047440058,-29336,29
huawei,42,226057863993866,40769493877,2024-09-04 06-43-34,24.34.152.82,-1959469844,ims,133.28.69.130,-1111365303,-1499578305,-16502,19
huawei,40,226059029970434,40753996713,2024-09-04 06-43-06,92.86.161.71,1559501168,ims,76.42.211.108,-1049403030,-1245930500,-29509,27
huawei,-82,226056352676317,40785271052,2024-09-04 06-40-10,35.178.136.45,-1241619060,internet,160.141.83.220,-562644088,-1193633698,6415,85
huawei,-21,226051404270098,40782478318,2024-09-04 06-44-34,177.36.24.144,1090474423,ims,17.100.5.163,-1071247495,950210232,-1117,34
huawei,83,226059122352555,40774712510,2024-09-04 06-40-35,234.60.203.47,1135872861,ims,178.77.26.237,1804456553,-309559335,10932,57
huawei,-58,226055007024146,40712513598,2024-09-04 06-43-32,46.236.79.242,-1803749878,ims,179.254.40.133,1349525337,762472189,-10958,9
huawei,-126,226054278605525,40769953852,2024-09-04 06-41-05,4.113.255.30,-1797863412,internet,108.150.190.118,-1582502646,926309991,-11108,85
huawei,-73,226054561598745,40730703564,2024-09-04 06-41-11,168.70.63.211,-916990981,internet,184.59.207.11,2004926324,-349375480,-13145,27
huawei,50,226058016892722,40751875272,2024-09-04 06-42-39,90.206.146.67,277896787,internet,169.178.1.38,824771387,2046383884,-13305,6
huawei,-44,226054952457140,40751582732,2024-09-04 06-43-49,229.153.35.195,-391487547,internet,156.132.65.28,66221476,-1275494137,11690,54
huawei,54,226055299838127,40740298922,2024-09-04 06-40-53,229.174.67.174,188903780,internet,216.222.172.250,-1884870067,1124949459,5637,49
huawei,-12,226052086111429,40717347905,2024-09-04 06-41-37,41.218.136.39,158567686,internet,119.224.157.212,1469177993,-1411197888,30436,37
huawei,-47,226053245730297,40792032834,2024-09-04 06-41-02,217.230.165.174,-1129430149,internet,209.111.234.43,1193833117,1535906797,-29090,-56
huawei,-111,226050737744665,40762288734,2024-09-04 06-41-19,139.233.131.80,-1057522617,ims,43.222.133.210,-244112839,1214146369,-24376,-90
huawei,-54,226054947790764,40711841200,2024-09-04 06-43-02,140.14.24.34,935605594,internet,94.131.102.218,53129460,-738829884,19156,-12
huawei,-24,226054577834932,40771022714,2024-09-04 06-44-09,26.154.7.106,435480229,ims,166.11.93.88,-1012855406,1070327212,-14205,77
huawei,-81,226056442256793,40782346690,2024-09-04 06-40-43,245.61.40.245,-322304320,ims,221.13.9.150,1887822227,15987130,9091,-107
huawei,100,226055467218265,40785476818,2024-09-04 06-40-01,198.118.129.179,-1142760882,internet,46.55.95.14,998778224,-489780115,-1107,27
huawei,-79,226053465435120,40775114553,2024-09-04 06-42-29,121.206.156.173,1172400217,internet,56.143.195.246,-559191467,-806619866,9409,119
huawei,-47,226052894240387,40779455051,2024-09-04 06-42-05,27.229.113.20,175713472,internet,187.250.76.240,-160205142,210800153,-6999,116
huawei,-10,226050807136059,40749451298,2024-09-04 06-40-50,128.220.42.4,-1406630962,internet,24.100.137.85,-671543537,1717757418,29853,-63
huawei,-18,226059719060587,40762722281,2024-09-04 06-42-08,216.196.194.228,-372038184,ims,170.18.46.161,-322326798,1085188908,-1156,-31
huawei,-7,226051083076512,40782105054,2024-09-04 06-43-19,145.249.17.102,-213580774,internet,207.149.11.121,-2045122573,752054987,29710,3
huawei,-82,226058376962667,40790191867,2024-09-04 06-44-20,181.163.121.40,246139552,internet,86.10.13.15,847784323,1934450320,-27488,-34
huawei,37,226052516700903,40732143056,2024-09-04 06-44-03,150.21.30.175,-643968343,internet,53.239.12.127,1819464,1483546465,6719,104
huawei,10,226057832318659,40701405902,2024-09-04 06-43-45,249.29.39.71,-787295747,ims,16.1.244.7,-847854213,393055194,9953,-35
huawei,117,226058973009961,40777954833,2024-09-04 06-43-39,204.11.44.100,-643691429,ims,131.193.179.135,451387905,-468748949,-29045,-18
huawei,32,226051749903469,40711202467,2024-09-04 06-42-39,172.169.206.246,906237444,ims,73.83.70.41,-1052367559,1181813875,-31322,69
huawei,-26,226057392719609,40710864393,2024-09-04 06-44-44,177.157.156.114,-1388351957,internet,45.221.8.147,-1951761281,1391181690,1388,125
huawei,-8,226055617998031,40791307459,2024-09-04 06-43-47,152.223.58.135,-509246532,internet,249.66.107.240,1819765311,574848974,-19499,-45
huawei,97,226057778726650,40740996494,2024-09-04 06-44-25,227.77.179.27,254307290,ims,87.245.13.22,-1368188059,-640059600,-28858,69
huawei,-50,226052709922348,40797169411,2024-09-04 06-43-01,24.131.4.228,-766924108,ims,126.211.75.238,673860466,201026722,-29544,108
huawei,-116,226054217559495,40796769385,2024-09-04 06-42-45,178.158.133.48,1088764325,ims,114.90.25.134,-2006784914,-1009522119,-24151,-4
huawei,124,226056374727319,40743292867,2024-09-04 06-42-25,19.19.223.199,-995325977,internet,28.20.16.122,2055557377,1463679395,-13594,-51
huawei,-24,226052712236043,40782467510,2024-09-04 06-40-09,134.99.52.127,891282103,internet,142.2.174.173,-1516521097,1766230873,-30407,-17
huawei,-42,226057360031447,40788633320,2024-09-04 06-41-28,176.138.43.245,-2041013607,ims,117.55.180.87,-1391529222,1773442726,28900,111
huawei,69,226057780791005,40745355676,2024-09-04 06-44-56,212.142.134.98,1733613590,ims,138.6.179.202,-232205403,-510458049,13166,45
huawei,-34,226051140100522,40766543265,2024-09-04 06-41-39,144.211.189.132,-1303717177,ims,21.234.243.88,-206245618,-533427335,-18141,53
huawei,-78,226056197125205,40775159924,2024-09-04 06-42-38,172.143.41.218,215803241,internet,45.82.96.149,1047894452,-1513165801,25871,85
huawei,90,226051968956224,40705493507,2024-09-04 06-40-38,55.106.193.19,2134969667,internet,100.92.100.179,1225884173,1991597741,12373,86
huawei,-24,226059804299107,40782211871,2024-09-04 06-42-45,37.95.65.22,270369694,internet,219.10.112.136,1455936354,-58158302,-30294,123
huawei,-6,226054544347414,40745978113,2024-09-04 06-43-30,143.82.13.119,-1410034621,internet,57.28.44.63,-376983364,-1453062717,-21042,-30
huawei,-24,226054740407867,40791142132,2024-09-04 06-42-06,227.240.15.224,-32829073,internet,179.163.200.237,500670885,-639580498,29711,89
huawei,42,226055275891187,40702417962,2024-09-04 06-43-12,241.50.238.105,-535547631,ims,222.59.133.99,928351456,1240998332,1304,-107
huawei,-19,226050671692210,40709566655,2024-09-04 06-40-02,118.143.81.100,912814959,internet,253.224.181.179,1359069996,-34058356,2570,-100
huawei,81,226054507737561,40755777525,2024-09-04 06-40-23,62.207.225.48,45699222,ims,211.185.143.167,1847689075,1161685524,8891,-103
huawei,-59,226051140392692,40758362225,2024-09-04 06-42-05,88.196.205.85,149195088,ims,72.88.140.175,788727910,846255323,22139,-38
huawei,23,226051834460953,40727681174,2024-09-04 06-41-22,0.134.234.109,-2080001127,ims,126.165.160.200,-1092641239,411091022,-18407,42
huawei,78,226053831845018,40748715734,2024-09-04 06-43-54,90.63.52.140,1706869033,internet,184.197.109.17,1225306536,1480258840,-32483,122
huawei,47,226051530221261,40765862167,2024-09-04 06-44-17,137.174.138.169,1872041663,ims,187.106.162.126,1214061183,478556028,24736,58
huawei,45,226058496191903,40730081308,2024-09-04 06-41-53,76.73.28.234,-91856972,internet,160.81.168.158,-283938769,1144902937,14578,12
huawei,23,226059135613884,40753339855,2024-09-04 06-42-14,135.55.41.107,-1956246429,internet,45.114.97.177,-2012153018,1642068353,-17498,53
huawei,67,226051576850177,40743557868,2024-09-04 06-40-12,239.207.75.206,499102685,internet,57.178.8.15,-1975438757,393707797,-27258,73
huawei,-128,226054175899085,40700540151,2024-09-04 06-42-24,87.180.111.170,1790920709,ims,104.102.51.243,-974889856,-1622151086,-18107,64
huawei,-110,226054638588058,40759921397,2024-09-04 06-44-51,186.119.242.234,-735029694,internet,247.93.142.81,-1847720976,206958397,9445,-74
huawei,63,226055363099633,40713824321,2024-09-04 06-44-34,30.111.1.31,1224060651,internet,146.187.120.220,-1857214530,-1033178001,-3717,109
huawei,-125,226058692650951,40779488443,2024-09-04 06-44-50,54.37.195.169,-155153391,internet,183.10.74.160,-722477734,1958854279,-12619,56
huawei,-29,226057535224856,40725604839,2024-09-04 06-40-52,252.208.175.30,-319067800,internet,95.100.243.249,1857596599,960116941,206,125
huawei,58,226054410083349,40743735729,2024-09-04 06-42-00,102.167.63.52,796689760,internet,85.231.95.222,490698309,1854243248,24096,31
huawei,11,226050029011190,40795066030,2024-09-04 06-44-28,51.1.66.251,-2070553386,internet,86.49.161.28,1906135933,-648054077,13660,91
huawei,-76,226057731162794,40727041830,2024-09-04 06-42-15,125.231.184.119,1180731207,ims,110.106.167.207,-1410606210,-1543441752,-3081,-91
huawei,0,226058141686117,40736177631,2024-09-04 06-42-56,251.208.59.45,-435859692,internet,120.221.47.166,1618794692,986745111,8308,-58
huawei,-62,226050883974327,40703698957,2024-09-04 06-40-52,205.71.215.8,-2146957481,ims,180.44.135.169,281528560,-974765598,25325,-7
huawei,-71,226059254625952,40791811448,2024-09-04 06-44-25,140.56.203.191,46936774,ims,59.137.87.100,1914004700,-1068187024,-32529,114
huawei,-87,226059371935433,40783716158,2024-09-04 06-43-50,81.191.39.105,-103228796,internet,196.161.223.239,-1445716277,1665216999,-22590,5
huawei,30,226054655973419,40782456106,2024-09-04 06-42-10,138.142.181.245,1089313815,internet,233.5.28.17,124368878,-1805751353,28704,22
huawei,-38,226050634275978,40703215754,2024-09-04 06-41-33,250.66.112.156,-1566456958,ims,11.124.10.238,-1508789094,-2025040852,28294,-125
huawei,118,226052176261026,40745567069,2024-09-04 06-44-43,186.206.47.133,-1024333595,internet,43.220.129.20,-1152197958,-290050652,16969,-78
huawei,-85,226056677209861,40744518633,2024-09-04 06-41-04,200.245.154.152,-938693493,ims,73.67.204.196,2085784400,-1438876343,-28088,36
huawei,52,226052106850705,40760226435,2024-09-04 06-44-37,118.182.50.162,-1813215897,ims,114.242.243.66,-1166188235,-869975976,17957,56
huawei,59,226057454729146,40749709373,2024-09-04 06-43-41,164.37.177.22,2134349721,internet,108.249.225.113,1896949227,-398310021,27582,100
huawei,-11,226051784595372,40728166879,2024-09-04 06-42-47,43.179.136.84,-1237816844,internet,100.0.147.126,767273457,1149695909,11261,1
huawei,-19,226059428351866,40761627212,2024-09-04 06-41-15,184.4.67.68,-733648105,internet,219.219.121.235,-1031288355,1875580664,4631,85
huawei,-1,226050391708850,40778771465,2024-09-04 06-42-57,73.240.64.14,-13907468,ims,185.125.36.113,1468819290,1044119471,-8508,125
huawei,-128,226059440315025,40707895905,2024-09-04 06-44-06,201.177.41.23,-1860906263,internet,169.237.214.237,920847858,2109029312,28719,15
huawei,-115,226059489651760,40747641211,2024-09-04 06-43-10,41.79.135.74,1579835311,ims,175.85.33.36,660786559,-389990339,-25790,17
huawei,-38,226057234182032,40710350983,2024-09-04 06-40-35,15.124.197.14,1232817740,ims,109.136.239.159,766480686,-255562129,30828,96
huawei,111,226050985072719,40729787879,2024-09-04 06-44-58,164.171.69.229,-1310573814,internet,64.96.202.228,1582545561,1988744986,-7202,-68
huawei,106,226059238682897,40741923316,2024-09-04 06-41-29,92.146.169.119,-1636993213,ims,108.224.50.254,1593125854,-1726930783,-5655,-128
huawei,-47,226058152617277,40729880762,2024-09-04 06-43-39,85.73.80.244,-2050826233,ims,222.76.169.97,-1064243353,1495989854,-849,73
huawei,69,226055957146048,40748666783,2024-09-04 06-40-55,97.1.16.16,-360824894,ims,135.175.49.141,1141366211,1422100503,6456,-38
huawei,111,226051602030758,40789884241,2024-09-04 06-43-51,53.109.41.26,1892909447,ims,98.124.83.68,386990213,1602369133,-20790,126
huawei,108,226055004057015,40764378797,2024-09-04 06-44-08,136.219.255.187,986614597,internet,85.242.153.135,-181296727,-2074102395,16209,-50
huawei,-107,226056873620542,40713532054,2024-09-04 06-40-01,254.91.7.148,-1139617569,ims,95.83.33.167,778754441,91941156,23044,99
huawei,44,226059636664951,40766406564,2024-09-04 06-43-36,231.236.242.218,920075278,ims,90.26.11.198,248169956,-707028962,24040,-122
huawei,77,226051168309865,40754694122,2024-09-04 06-41-55,65.40.45.126,-1136371577,internet,210.8.222.137,2087764356,1179539426,19865,-41
huawei,27,226051850929271,40752939485,2024-09-04 06-43-23,77.144.62.42,-422190174,ims,5.198.18.115,-219984252,-87505388,-19720,54
huawei,89,226059448129193,40721490416,2024-09-04 06-40-26,5.94.43.74,1240465717,ims,184.245.93.228,1644076135,1509873794,17342,-102
huawei,39,226058500577205,40782529710,2024-09-04 06-41-49,156.18.254.193,-1563630306,ims,213.185.146.78,1185503605,-119508895,-17661,-36
huawei,6,226053852939027,40755780981,2024-09-04 06-42-05,103.92.190.6,948668718,ims,224.196.90.242,-1081948892,-1191785732,-29616,-111
huawei,19,226059007805397,40702887894,2024-09-04 06-44-15,79.100.138.204,1319536487,internet,212.133.157.253,-1891412452,-1435894376,-3430,-79
huawei,-29,226056256020188,40774979909,2024-09-04 06-42-22,77.58.34.48,-1773806658,ims,216.92.19.55,284759974,-842862724,-21825,75
huawei,99,226051374621365,40776224923,2024-09-04 06-43-17,154.60.136.111,1781849267,internet,118.135.109.223,1785923552,206904603,-2521,-42
huawei,97,226053352941896,40713262821,2024-09-04 06-40-58,233.208.45.239,-1168294245,internet,43.54.127.158,-489174211,451122672,11027,-108
huawei,-21,226052774706958,40761673656,2024-09-04 06-42-02,29.27.130.65,-1688962469,internet,157.246.171.141,-367947736,1692731820,-28864,49
huawei,105,226055847409265,40793658331,2024-09-04 06-40-27,189.13.145.15,-1619182836,ims,132.23.170.78,65633632,1510188208,-461,-110
huawei,120,226058909799172,40793898175,2024-09-04 06-43-59,232.193.41.78,630393955,internet,165.74.45.79,-2061610610,2106518414,1493,-45
huawei,117,226052853501335,40781589208,2024-09-04 06-40-24,89.29.198.240,-98596151,ims,196.229.121.45,-528693773,-142869189,10551,4
huawei,-121,226054607303809,40768173686,2024-09-04 06-41-16,161.222.132.5,-1197469325,internet,100.99.101.127,-1853769488,1967737059,-20309,23
huawei,-21,226058390652278,40755647070,2024-09-04 06-44-56,119.212.231.115,-1831577138,ims,234.149.183.152,-1786173386,-1421686544,4665,-28
huawei,-121,226056027376133,40764635120,2024-09-04 06-44-45,73.114.73.200,-2037085285,ims,73.83.245.77,-724108040,-455453409,-8783,-114
huawei,110,226051590821177,40770480604,2024-09-04 06-44-16,46.0.176.216,713054193,ims,239.18.67.75,-1441307897,1045072968,-23287,-54
huawei,50,226057985295324,40711210974,2024-09-04 06-44-09,252.88.194.72,1987783027,ims,108.147.168.209,2114444004,1849713031,-9008,62
huawei,101,226052106384269,40726975075,2024-09-04 06-40-59,62.88.79.228,196630353,internet,245.48.149.41,-1624332808,1368166964,25139,-117
huawei,30,226056266926176,40727696546,2024-09-04 06-43-17,190.65.168.22,1727658608,internet,57.87.159.146,-1625641019,-1399944676,-13543,-59
huawei,87,226053981506403,40783212751,2024-09-04 06-43-36,4.234.218.85,48351734,internet,41.207.8.234,-1140753951,-168225113,321,-66
huawei,51,226056918407149,40729893925,2024-09-04 06-40-17,36.140.41.62,-1837359528,ims,93.214.167.43,-1238539631,-375629666,23737,-74
huawei,-81,226055806496284,40789393873,2024-09-04 06-42-15,238.218.46.78,923696131,ims,107.61.201.225,-1357313232,205558414,-31815,87
huawei,84,226054364955634,40765338138,2024-09-04 06-43-13,68.131.199.5,-957004697,ims,57.82.83.40,-253002788,497067336,-29314,-35
huawei,50,226054872302052,40799233275,2024-09-04 06-44-36,202.113.2.198,-1488120604,internet,195.86.154.103,512212415,-994696293,-20327,46
huawei,85,226059127845585,40714546596,2024-09-04 06-44-26,164.210.252.84,-469588587,internet,147.84.104.237,-1786274425,8833129,-593,17
huawei,-55,226051470495719,40781044511,2024-09-04 06-40-02,200.39.166.233,1511887413,ims,32.71.100.6,-316482969,-1356400196,13944,50
huawei,-79,226051522361689,40793550410,2024-09-04 06-40-09,199.138.224.96,-842107725,internet,160.11.27.48,538509976,-1318314821,-12484,-101
huawei,-5,226055688942142,40784097924,2024-09-04 06-43-45,103.99.32.243,-207958951,ims,82.65.35.252,281714341,-1133229736,18484,43
huawei,-98,226052659136516,40771433247,2024-09-04 06-42-55,82.156.25.218,-1944632358,ims,172.148.177.172,-158520585,1515416136,10083,-66
huawei,-72,226056296861567,40776636686,2024-09-04 06-40-58,191.134.94.206,-1161557560,internet,90.139.3.169,1917223023,-335880739,-31187,79
huawei,-57,226053521769675,40733398924,2024-09-04 06-43-06,191.225.79.69,841636286,ims,165.218.252.125,1182865701,153686762,6157,25
huawei,126,226057208748984,40766512109,2024-09-04 06-43-02,218.113.50.188,-2111007541,internet,132.33.143.123,235396256,-1443305286,17817,120
huawei,-49,226052359137268,40754025877,2024-09-04 06-40-49,238.41.147.162,1641280864,internet,32.190.136.186,770520817,-1385138091,-19950,-125
huawei,16,226050874502769,40798067332,2024-09-04 06-43-26,195.88.41.55,-1773790551,internet,120.41.111.17,-1482717395,1689515211,21458,105
huawei,51,226051285759521,40778395010,2024-09-04 06-41-36,4.235.25.247,-2142189531,ims,124.95.216.239,1738474127,-1282350545,-23099,45
huawei,125,226051167295862,40763954920,2024-09-04 06-42-53,199.139.232.52,-727950653,internet,57.179.131.127,1008711235,-266721045,-6693,-107
huawei,-120,226053912253083,40775893806,2024-09-04 06-42-00,132.74.204.79,1573203327,ims,202.163.134.125,-500493170,2084735336,-3277,-84
huawei,25,226059860984557,40783259254,2024-09-04 06-40-48,176.17.213.126,-1385504474,ims,79.199.188.4,-1588323823,-1451941004,8332,-104
huawei,-117,226054532058934,40718150694,2024-09-04 06-41-08,10.240.3.147,941544146,internet,108.198.105.26,-1154194493,469465752,19037,-128
huawei,-55,226058492666832,40756995951,2024-09-04 06-41-34,36.63.186.217,-1850492286,ims,163.91.75.194,-622466365,-237919169,7594,-15
huawei,-6,226056857959425,40748444377,2024-09-04 06-41-19,184.213.253.40,-69008422,ims,56.120.58.86,-492522302,683725946,-4223,-97
huawei,40,226053173716534,40787180678,2024-09-04 06-42-38,91.0.76.178,1867232701,ims,77.227.63.238,-1802366714,389957865,-28362,117
huawei,82,226059318096789,40749905402,2024-09-04 06-42-14,120.56.148.253,1403163359,internet,176.122.75.32,-1339441062,970772420,7718,3
huawei,-38,226052361846398,40705221230,2024-09-04 06-42-57,241.194.253.31,-2009615758,internet,176.247.251.86,1665796679,1367315862,23632,65
huawei,-106,226057834572110,40777164852,2024-09-04 06-41-14,32.196.98.148,510867772,internet,183.36.132.38,-368509506,1070481573,-32588,59
huawei,-89,226050089741889,40788128096,2024-09-04 06-41-10,36.89.112.192,-188053984,ims,166.171.19.11,1166281039,-9786459,6373,0
huawei,63,226055387667868,40728744261,2024-09-04 06-41-41,137.166.129.246,-2059487946,ims,14.209.31.92,1293716152,-644304552,3863,-50
huawei,107,226057706994764,40709654716,2024-09-04 06-42-10,203.98.212.141,1077622566,internet,3.251.201.112,-1313799716,1348915687,1723,38
huawei,-74,226058349772323,40768499459,2024-09-04 06-42-50,128.149.209.251,-214259915,ims,7.39.60.216,-1317325705,1980508253,-25879,78
huawei,17,226050704077816,40787234230,2024-09-04 06-42-26,206.232.215.168,1598264921,internet,132.61.228.102,-1677385985,104800483,23929,-108
huawei,71,226054206755515,40781433975,2024-09-04 06-42-34,21.161.47.62,-1248726243,internet,0.241.36.78,-1480459888,-1861585770,-22438,-54
huawei,53,226059948767564,40794921143,2024-09-04 06-44-40,86.58.104.37,400898197,ims,219.245.41.63,437947616,-940214787,32534,-66
huawei,60,226053602003289,40712178511,2024-09-04 06-40-39,160.21.20.78,-1336364025,internet,233.74.77.188,1736726005,1193915638,2382,121
huawei,-35,226052035366470,40733410103,2024-09-04 06-44-43,85.163.74.187,-1312834623,ims,108.163.135.206,1184243484,2096195768,-31712,-103
huawei,0,226057997411147,40785109431,2024-09-04 06-44-45,40.85.14.24,1233656542,ims,86.214.186.251,1574164322,1109193962,24756,-125
huawei,-38,226052511343974,40734916739,2024-09-04 06-42-30,77.253.158.10,-1710874922,ims,27.40.135.71,997634876,1971620972,-9929,-123
huawei,59,226053216354397,40784634902,2024-09-04 06-44-50,64.92.37.139,145128787,ims,120.96.170.104,-938243141,-2132042968,18793,67
huawei,50,226058515919083,40719959195,2024-09-04 06-41-02,51.245.102.50,685654983,internet,120.242.114.166,199147219,-1565824478,-20295,109
huawei,-71,226054636352116,40793828084,2024-09-04 06-42-04,242.199.224.98,-2038156587,internet,233.244.148.15,-461880078,337274137,-20865,30
huawei,104,226053875489629,40754976323,2024-09-04 06-43-09,6.234.9.228,-806391200,internet,120.135.70.239,1175571932,-41546447,-27423,26
huawei,-55,226050716217702,40717799198,2024-09-04 06-40-01,154.25.96.86,-121939187,internet,37.239.94.52,1468972172,-429688003,-4614,39
huawei,7,226051441230305,40729330018,2024-09-04 06-44-47,46.168.98.96,324340876,ims,75.244.199.97,389834124,1631555286,-2806,-104
huawei,18,226056494399342,40772380820,2024-09-04 06-41-28,128.82.103.65,-2147021746,ims,240.5.236.230,23456073,-135511645,-12185,-84
huawei,53,226055087317809,40762222282,2024-09-04 06-44-16,226.100.52.67,1532846221,internet,22.89.20.235,21649365,-1926541380,24270,80
huawei,-57,226058166480373,40786729830,2024-09-04 06-44-41,189.61.230.254,-1371084480,ims,166.233.144.28,894076869,-1370499724,10010,-42
huawei,-38,226059348369632,40760495691,2024-09-04 06-41-11,183.220.200.49,-936733949,ims,198.54.231.106,1080990411,-1269130000,-9319,96
huawei,123,226058356330942,40783825684,2024-09-04 06-43-02,202.16.159.138,1374693290,internet,14.72.221.134,642276003,-773284074,-11229,101
huawei,121,226052465121151,40736362290,2024-09-04 06-42-14,55.182.88.121,1237039198,ims,177.36.67.33,-1493505611,-1742283362,-8308,89
huawei,38,226055885725836,40796393841,2024-09-04 06-41-43,85.34.4.55,918980768,internet,202.24.106.242,1685770090,-1005487973,17158,74
huawei,-70,226055164781964,40721779894,2024-09-04 06-42-59,175.110.243.127,-443718696,internet,6.151.32.58,561293089,1515030070,22405,-38
huawei,-50,226052908016584,40730087870,2024-09-04 06-44-15,33.207.105.66,1797148167,ims,207.111.61.36,-1622605850,1616112425,-30269,-51
huawei,-12,226058715720243,40721036503,2024-09-04 06-41-36,57.164.57.170,740854950,ims,212.25.155.100,-737011378,-274951384,-18558,-123
huawei,115,226050861287207,40702640021,2024-09-04 06-41-07,124.126.126.192,1354571190,internet,203.119.227.16,-330437017,1495780826,-28931,-81
huawei,1,226055975485916,40778644803,2024-09-04 06-43-38,119.24.234.12,273201824,internet,184.143.55.174,-1166265712,174589864,15462,51
huawei,113,226050860618927,40723465319,2024-09-04 06-41-01,2.64.85.248,-938909591,internet,241.204.183.81,176260249,1776959693,24234,-42
huawei,108,226057861992889,40724205174,2024-09-04 06-44-21,38.97.13.31,-594927784,ims,198.127.241.11,-416626665,1367028068,7181,86
huawei,52,226056644694971,40702636346,2024-09-04 06-40-19,213.193.46.85,1908035638,ims,4.87.202.148,2042320839,-174001461,-21509,-72
huawei,52,226058165354795,40761020574,2024-09-04 06-44-05,153.4.105.223,324685364,ims,146.244.74.135,-50574305,410972912,-24716,80
huawei,-54,226056022822956,40768851692,2024-09-04 06-44-34,100.22.110.31,-913026156,internet,78.253.78.96,977569662,-511979248,3361,32
huawei,67,226051958048198,40752520154,2024-09-04 06-41-52,240.84.76.184,-1595352818,internet,187.102.69.157,1300793138,-1170579313,7314,-37
huawei,97,226053851466248,40773123375,2024-09-04 06-40-40,115.209.33.53,336416424,internet,146.251.147.60,960308497,-1246522242,4822,116
huawei,-4,226050008345618,40729977531,2024-09-04 06-43-37,247.20.218.194,1756137611,internet,18.34.74.159,-1438012322,1663237942,-32159,-81
huawei,117,226053102599033,40732238981,2024-09-04 06-40-24,59.251.119.91,1323917148,internet,78.135.175.21,-2091287525,-421533046,-16505,48
huawei,90,226058759967638,40705001366,2024-09-04 06-43-35,185.8.190.240,-979688058,internet,123.250.91.182,-577622035,245405475,18583,-73
huawei,1,226058443434322,40759009992,2024-09-04 06-44-19,167.207.255.4,-1573644532,ims,19.70.87.166,1015540040,-1544498927,817,73
huawei,-36,226053925113145,40715836196,2024-09-04 06-43-14,206.226.41.13,2129171450,internet,160.71.177.84,-101207806,-426381050,15547,82
huawei,-53,226052995177266,40711703127,2024-09-04 06-44-22,211.190.108.1,-75196200,ims,115.254.105.218,-1440496918,820818050,10652,62
huawei,103,226052652397692,40726201298,2024-09-04 06-43-28,163.92.224.211,-1671007712,internet,43.172.119.96,212875604,654326546,-21114,96
huawei,-23,226051870072110,40704842573,2024-09-04 06-44-35,179.95.152.39,656291121,ims,18.238.144.247,1466989151,976907647,9885,-78
huawei,-89,226055847821729,40754474767,2024-09-04 06-40-04,185.79.27.30,-806941692,ims,28.214.167.67,-2108890602,874752275,-10672,-39
huawei,26,226053865145465,40709668629,2024-09-04 06-43-35,231.185.248.130,2145548218,ims,221.184.116.253,-243046683,348226526,15859,112
huawei,16,226056221567794,40759030854,2024-09-04 06-43-33,249.123.91.31,-1562571822,internet,61.251.67.86,1239064388,1054403831,-12890,-18
huawei,99,226058783749307,40772099093,2024-09-04 06-43-01,26.239.248.53,-1633044984,internet,250.161.53.149,-855611883,784888022,-30262,82
huawei,98,226055831777684,40702634965,2024-09-04 06-40-47,33.227.186.4,1134146294,internet,86.127.137.80,715714800,353609797,-440,-102
huawei,-19,226058709286838,40754030847,2024-09-04 06-43-01,176.200.4.238,1646949748,internet,38.60.218.15,-534572430,1783983100,27453,-122
huawei,-37,226054189137148,40724327312,2024-09-04 06-43-07,80.59.209.206,1296881949,ims,132.68.128.142,883156878,-613186272,4106,81
huawei,-46,226050275998642,40726747702,2024-09-04 06-41-14,31.138.191.201,217312357,ims,153.137.249.210,1264346893,1536682247,31887,59
huawei,84,226055753121323,40720828370,2024-09-04 06-44-36,123.56.108.171,1093350811,internet,95.238.81.248,774364852,1750275637,13545,-59
huawei,50,226054509282876,40739148992,2024-09-04 06-43-27,171.108.69.41,622983693,internet,228.51.30.250,1928732803,1750001353,13191,-14
huawei,-49,226051914933204,40780250468,2024-09-04 06-44-05,13.251.10.80,112952968,ims,166.184.103.140,-1897435444,829520592,30340,42
huawei,78,226050238616398,40787684875,2024-09-04 06-43-36,9.11.0.206,-11917266,internet,198.161.189.102,-710395811,1989168807,-14490,18
huawei,-4,226056839474589,40779785869,2024-09-04 06-44-57,105.234.175.154,315051814,internet,158.31.106.79,401564057,-1662451106,32197,66
huawei,-14,226055137253615,40706457943,2024-09-04 06-42-28,27.242.26.130,484273947,internet,48.46.51.20,-168752584,-1189631108,-16937,86
huawei,119,226055433264502,40759138242,2024-09-04 06-43-41,129.194.47.232,428197965,internet,10.151.212.186,-354210800,1141077696,32535,-125
huawei,105,226055598770603,40716275824,2024-09-04 06-42-45,50.95.29.103,788170459,ims,44.29.80.101,-1607571550,-1017960231,-24178,-23
huawei,-105,226058171518293,40783280462,2024-09-04 06-40-21,50.14.134.84,-420060111,internet,155.212.46.79,-1867593117,-1337293444,2500,-72
huawei,-13,226056621660292,40789111290,2024-09-04 06-40-22,235.237.175.214,-890750715,internet,3.39.160.68,1056039840,-308207405,5161,70
huawei,-111,226052468004128,40715689013,2024-09-04 06-44-27,131.98.239.44,-964457004,ims,201.103.193.15,249678931,141228305,-28431,27
huawei,115,226051355500167,40791081779,2024-09-04 06-43-49,170.179.172.88,506320014,ims,180.219.89.204,-1748979219,2129510199,-21531,90
huawei,88,226052440885098,40756464415,2024-09-04 06-40-50,153.185.191.99,-636198535,ims,127.211.190.45,572170453,257337869,-10420,22
huawei,87,226053998887306,40758756620,2024-09-04 06-42-54,69.156.7.79,-1597389786,internet,134.22.242.21,2069021722,-91604161,11813,-31
huawei,-112,226054037281607,40704964237,2024-09-04 06-42-51,159.168.106.249,1709355508,internet,132.42.237.36,1026656438,-2099178709,-15194,53
huawei,-33,226055122152371,40772865484,2024-09-04 06-43-51,251.249.38.3,-1909305346,internet,234.175.229.6,182149,1735737190,28596,55
huawei,94,226056484523737,40759979007,2024-09-04 06-44-37,208.135.226.194,707500448,internet,83.134.35.6,-1980609872,-1731640293,-14935,125
huawei,-70,226054969781444,40702875670,2024-09-04 06-41-11,86.48.175.110,-813497909,internet,123.123.45.122,676177930,-475202130,-20607,1
huawei,102,226051884246928,40780597756,2024-09-04 06-42-59,138.16.226.197,-1655217082,internet,138.159.146.155,625783652,-125005061,-29453,-62
huawei,20,226050426295286,40726183603,2024-09-04 06-41-46,219.121.248.150,-1359883976,ims,123.159.172.219,-223018709,208007146,32466,-33
huawei,106,226058654208703,40797393779,2024-09-04 06-41-14,110.162.251.235,1746413876,internet,90.223.226.126,730130153,691873411,-23068,94
huawei,-95,226059569792672,40740821147,2024-09-04 06-40-25,29.0.157.100,1214318357,internet,208.12.20.114,-802079829,-448519463,-3563,-69
huawei,90,226051753421061,40766354373,2024-09-04 06-40-47,217.55.68.57,-995863484,ims,223.205.53.255,-423814894,-1075183539,-30418,-55
huawei,-73,226056346188641,40780812546,2024-09-04 06-43-03,237.45.131.133,648693157,internet,16.82.63.125,-478084050,253612596,27818,-83
huawei,114,226055174689199,40724501567,2024-09-04 06-44-42,201.12.23.83,827464916,internet,168.67.87.14,1651136686,-444364587,16882,95
huawei,76,226056204427010,40735051779,2024-09-04 06-44-59,12.126.90.119,-1714565192,internet,88.234.186.96,-598959776,-253786722,-26993,91
huawei,85,226052507707847,40717911402,2024-09-04 06-40-12,83.129.66.114,-1983773664,ims,15.228.166.95,1485007909,-402839061,2651,64
huawei,51,226057405743263,40794473575,2024-09-04 06-44-46,137.179.154.208,-282262928,ims,241.92.190.181,1553280435,-525546202,2005,125
huawei,101,226058949171869,40793365876,2024-09-04 06-41-15,125.23.187.155,-1088557584,ims,45.78.139.169,-1055652436,-1453336876,-18597,-44
huawei,36,226052921271719,40762939660,2024-09-04 06-41-57,33.97.244.154,1789816625,ims,193.169.134.78,1025424927,672038906,-24071,-86
huawei,0,226054305372567,40736711611,2024-09-04 06-42-05,248.25.8.126,-1542532881,internet,96.137.11.40,2061158857,871976834,-25683,76
huawei,-48,226059028249385,40772333571,2024-09-04 06-42-26,192.108.41.196,552023069,internet,246.90.56.229,-476936693,1591530851,-6402,-65
huawei,105,226054008309197,40731260519,2024-09-04 06-43-18,220.30.185.151,-2005669056,internet,247.223.51.129,-1638492676,-1123393345,-21739,10
huawei,-56,226050178380016,40725841160,2024-09-04 06-44-29,68.231.67.3,-1400119814,internet,160.198.196.50,2088793227,2009648467,9823,2
huawei,77,226052467803118,40745792212,2024-09-04 06-43-29,42.77.179.18,267266898,ims,235.190.16.166,-238003461,871186199,32074,115
huawei,-4,226051453913400,40747722546,2024-09-04 06-42-10,197.60.187.8,1115334194,ims,91.155.101.13,1099376974,-1037036311,-22941,73
huawei,-124,226057388665779,40726304075,2024-09-04 06-40-27,35.23.36.219,316834431,internet,55.59.34.15,-482894486,1749626594,8346,-128
huawei,104,226055254048043,40724566019,2024-09-04 06-40-59,255.135.33.168,682608267,ims,168.116.143.137,1487567750,-1314401449,9080,28
huawei,-128,226055034975092,40702953058,2024-09-04 06-44-45,22.227.171.82,-1053806859,internet,139.41.218.32,921433090,-2129985733,-2104,-29
huawei,-85,226050630840645,40723885213,2024-09-04 06-42-58,242.163.133.79,-1784931631,internet,69.94.82.129,803093575,-271320255,18403,14
huawei,-24,226054584069969,40726769861,2024-09-04 06-40-56,52.244.111.177,-1601065042,internet,227.61.132.56,-1833367373,-2083281784,-24267,4
huawei,-127,226057156876028,40779779381,2024-09-04 06-41-39,228.153.11.126,-1197919350,internet,1.93.248.43,628130192,591829140,-2019,74
huawei,69,226057787078533,40749599166,2024-09-04 06-42-54,249.229.73.20,-322091678,ims,133.158.128.36,-96009967,-425902059,28746,-14
huawei,-42,226057283549053,40708798853,2024-09-04 06-42-36,156.131.59.140,-1694284456,ims,20.225.245.65,-1580586973,-1281982456,8664,-49
huawei,120,226054304509219,40724143138,2024-09-04 06-43-04,80.69.87.190,1517270633,ims,200.1.14.186,-232245260,-427610049,-6817,31
huawei,98,226053252848493,40762254785,2024-09-04 06-43-50,1.159.233.32,-1856012735,ims,53.231.55.55,-1171527756,-669958752,-31770,-5
huawei,56,226056257456156,40727611369,2024-09-04 06-40-31,123.178.152.139,-1558395041,internet,57.48.30.172,-1339071152,-198539560,-16619,-104
huawei,-83,226058800734896,40733809529,2024-09-04 06-42-36,105.6.70.186,-823070122,internet,225.141.175.218,-1342163905,-1139235619,-24084,-51
huawei,23,226058163767796,40793264487,2024-09-04 06-41-51,247.25.70.78,935337811,internet,113.79.166.252,-569588165,364597959,-10474,-37
huawei,-68,226053134577339,40776572686,2024-09-04 06-41-00,31.163.95.90,-1715780874,ims,142.21.57.24,329322325,-355513009,-5830,37
huawei,-62,226055802746818,40704656657,2024-09-04 06-41-16,215.112.129.49,1145830847,internet,149.18.49.94,187042976,1559540259,-31238,82
huawei,103,226056523583336,40738478404,2024-09-04 06-44-20,90.2.204.244,1860762378,ims,93.159.230.73,-1520648732,1803246379,26637,-63
huawei,113,226052842930325,40724306024,2024-09-04 06-42-16,239.137.58.15,-177271633,ims,20.53.0.43,-1913446173,810410215,-2042,111
huawei,13,226055797932927,40717071417,2024-09-04 06-42-39,215.190.60.192,546071116,ims,0.184.92.206,418000609,-118633456,-9777,99
huawei,-90,226051697345660,40763379202,2024-09-04 06-41-01,228.116.231.143,-1213314671,internet,220.234.21.160,1478023252,-1152594189,24983,73
huawei,-65,226058643127568,40721760336,2024-09-04 06-41-08,48.190.40.93,-1449369405,internet,166.32.142.127,-661523032,-487473641,7465,94
huawei,-110,226050778769454,40764673892,2024-09-04 06-43-00,160.130.113.83,-799319889,ims,10.72.223.105,-1972691264,-1447994329,16770,-74
huawei,-105,226051325161222,40774336251,2024-09-04 06-43-20,60.248.60.208,98871485,ims,138.153.105.29,466029233,780635656,-12584,-77
huawei,69,226051889059687,40736058063,2024-09-04 06-43-16,212.100.95.105,-896918804,ims,202.37.197.191,1835745634,44086637,15306,65
huawei,-4,226058647920646,40762353467,2024-09-04 06-42-54,93.115.138.142,-28898544,internet,82.82.35.234,-1236807205,1815200265,5059,-93
huawei,126,226053874318933,40732885269,2024-09-04 06-44-29,168.214.190.201,1789696887,internet,123.56.173.93,2121840930,-653531248,10275,-36
huawei,-83,226059748516564,40766560401,2024-09-04 06-42-44,29.217.126.179,807570565,ims,213.14.13.174,-1367454764,-1785775855,-17416,-33
huawei,2,226058161735628,40763044793,2024-09-04 06-42-02,220.243.197.242,1195885707,ims,246.9.151.32,1723004753,-1630846504,-17804,104
huawei,-30,226054068954076,40738616101,2024-09-04 06-43-52,69.248.182.30,260478862,internet,181.22.158.117,1570299015,1608801991,-25956,-40
huawei,30,226058824881297,40735191985,2024-09-04 06-44-00,143.1.52.11,-1650741415,internet,220.184.2.105,-56975824,-462347989,30728,2
huawei,60,226051214504526,40799483198,2024-09-04 06-43-12,215.112.238.97,-333256860,internet,237.28.35.219,1940509166,-340681836,21593,36
huawei,94,226051392522707,40763294784,2024-09-04 06-40-47,242.77.115.13,-2009735909,ims,235.221.139.159,245620930,-789687860,15217,60
huawei,-94,226054821885054,40768364505,2024-09-04 06-44-29,11.133.39.219,60987828,internet,74.206.78.146,519496486,919974041,13129,34
huawei,-112,226050273841984,40772194662,2024-09-04 06-40-09,174.37.5.90,-43438128,ims,41.248.37.128,-1907125844,-470874405,2414,30
huawei,71,226055965089976,40711186635,2024-09-04 06-43-37,152.214.241.184,-782210108,ims,117.107.164.41,967546293,325007697,-10219,77
huawei,-44,226053059193614,40769685760,2024-09-04 06-40-04,108.94.173.161,2117195510,ims,149.4.168.244,-325698317,-720593521,-23703,-90
huawei,28,226053236567991,40764111914,2024-09-04 06-40-04,132.76.205.73,-211552247,internet,81.21.26.86,545613630,855165149,7401,79
huawei,-51,226053533140737,40749639035,2024-09-04 06-44-52,98.245.66.217,-1833698549,internet,209.190.40.109,1325345812,-1765683012,-8619,18
huawei,89,226059360709350,40776614007,2024-09-04 06-43-46,45.122.64.238,782687435,internet,176.35.128.26,-1942846975,1785475457,-29417,-70
huawei,107,226058649761905,40767729475,2024-09-04 06-40-57,197.22.179.98,-285025364,ims,19.240.70.20,-1926820120,1485115345,-20441,37
huawei,103,226057441569850,40753053012,2024-09-04 06-40-44,149.43.44.218,-607935152,internet,250.5.119.57,164133966,1128510381,27234,-73
huawei,-5,226059403992944,40718351802,2024-09-04 06-42-15,178.233.152.118,-1209338525,internet,48.100.131.247,-1881146399,1341433559,-5325,29
huawei,55,226059732887300,40701128570,2024-09-04 06-40-39,109.177.46.225,-1368472920,ims,48.183.232.206,969878241,-737623462,-31765,68
huawei,-100,226053337516712,40792386326,2024-09-04 06-44-41,67.2.29.170,794823638,internet,229.114.219.175,-1786662017,-332881513,832,-104
huawei,-100,226053907517066,40761033043,2024-09-04 06-43-24,67.85.239.64,406512087,ims,99.233.82.141,1069479374,-384731874,-7143,-71
huawei,-99,226057054254901,40779841990,2024-09-04 06-42-58,3.195.132.10,-1002460123,ims,192.236.19.149,-442778925,-382178717,13916,-6
huawei,108,226056507538828,40746154562,2024-09-04 06-43-27,121.95.26.189,1514149332,internet,56.129.127.132,-2061249168,-467093951,-532,-39
huawei,53,226053794936911,40763727381,2024-09-04 06-43-19,91.166.239.102,1617193769,ims,72.99.72.195,1104978320,185336532,-30088,50
huawei,120,226055161351735,40753654326,2024-09-04 06-41-41,213.174.145.201,1937791900,ims,200.201.172.250,705909198,733864846,-20622,-13
huawei,-17,226057272349005,40786879010,2024-09-04 06-44-54,130.249.231.60,-1496910949,ims,7.164.214.127,-1102560927,-1149036170,-9738,-42
huawei,-54,226050776762275,40775944755,2024-09-04 06-41-55,67.64.59.70,1679151782,ims,82.39.156.25,94923670,-1844599972,-1458,-13
huawei,90,226057050263316,40778493744,2024-09-04 06-41-36,76.102.150.22,-841055816,internet,186.155.190.242,-120701170,1974967508,-28778,25
huawei,94,226051907930546,40725759900,2024-09-04 06-44-06,233.254.221.7,-780165310,ims,98.18.6.9,2044296956,-1647409352,19450,120
huawei,38,226054801232430,40799538399,2024-09-04 06-40-21,71.191.165.86,913443490,ims,70.212.5.76,-69063879,21623084,17102,-128
huawei,-108,226050783370137,40776955569,2024-09-04 06-43-02,5.87.244.195,-1638525296,internet,118.204.240.1,816851901,922351308,13752,-48
huawei,113,226057333431087,40735015290,2024-09-04 06-41-10,194.121.59.47,1244374795,ims,239.211.116.61,1668544535,401023266,-20322,49
huawei,-76,226058618020570,40732172558,2024-09-04 06-43-17,254.41.26.0,-387799429,internet,199.226.194.132,-615398215,59859934,11845,35
huawei,68,226053878717706,40793887705,2024-09-04 06-43-14,115.11.159.44,1132896160,internet,115.44.22.228,278960183,-2008445865,-19193,87
huawei,-23,226055402571872,40715858063,2024-09-04 06-43-25,185.23.33.178,632696769,internet,235.203.238.170,1909451721,-1666915091,-26406,76
huawei,-48,226058848046360,40708067171,2024-09-04 06-43-41,174.176.18.34,-710224415,ims,53.249.102.173,1882939935,1140856285,13749,36
huawei,-109,226051671638080,40789316552,2024-09-04 06-40-11,105.226.40.92,798025008,internet,209.7.212.224,-876507558,1751762861,8446,-87
huawei,52,226057569675727,40719711862,2024-09-04 06-40-27,149.94.161.0,921482199,ims,238.46.222.57,-958342809,672275636,-1327,-101
huawei,4,226050348621487,40777344699,2024-09-04 06-44-17,1.80.159.60,482892141,ims,113.130.79.209,974597749,-1774847034,9602,12
huawei,-96,226055529542765,40785326108,2024-09-04 06-43-11,13.133.93.110,1303917339,ims,66.170.10.22,932954291,-434900140,31354,-106
huawei,-23,226052777307361,40792770901,2024-09-04 06-43-54,133.119.177.76,1365719193,internet,34.245.51.110,-724669779,-143807219,-10164,-44
huawei,43,226056861798875,40743069780,2024-09-04 06-41-05,54.246.63.48,1236609013,internet,62.17.231.4,1160717787,-1251558797,32539,-15
huawei,-122,226057059418053,40776415695,2024-09-04 06-43-24,111.198.49.223,-3646483,internet,227.99.122.95,-1605315468,236107647,-9880,-99
huawei,-45,226055762061458,40775343814,2024-09-04 06-40-11,44.244.207.9,-249364554,ims,211.253.171.122,-1613047908,-65002706,-28919,109
huawei,-72,226054174717344,40756966672,2024-09-04 06-45-00,49.48.27.214,-247035624,ims,108.41.34.179,1392248980,2081645652,-5506,51
huawei,57,226055517903116,40775757217,2024-09-04 06-43-39,24.93.218.40,-15995086,ims,70.161.26.39,1516891882,182375677,-869,-55
huawei,-78,226059884135569,40785324225,2024-09-04 06-40-36,178.4.32.87,1505629770,internet,112.35.38.22,-1852849502,-1013220439,-24699,108
huawei,-107,226050377223208,40758280134,2024-09-04 06-40-51,56.182.246.156,-162893226,ims,216.181.198.57,-1251671315,-280772372,17130,104
huawei,68,226057760641422,40707494008,2024-09-04 06-41-26,37.231.214.130,1607507101,ims,251.52.240.18,351313055,1609647103,-26116,-36
huawei,70,226051848732912,40709774615,2024-09-04 06-40-53,122.114.92.193,1956496071,internet,103.41.201.192,125170471,910046203,-27035,-56
huawei,-31,226050817171838,40723241217,2024-09-04 06-40-06,194.132.53.47,-2060458725,internet,26.67.137.181,933556515,2124100215,13146,101
huawei,-107,226051186557869,40778622900,2024-09-04 06-41-52,75.33.34.38,2109454976,ims,86.35.137.32,-708183494,1345555802,6165,56
huawei,-84,226056470950237,40764778935,2024-09-04 06-44-54,111.211.119.249,-1846300221,internet,35.113.184.8,1100171181,418525362,19913,-125
huawei,25,226059496299545,40772898896,2024-09-04 06-42-37,3.175.160.75,-748594072,ims,40.197.28.141,-1703606967,-597407010,-1855,-95
huawei,-39,226056540627870,40708956096,2024-09-04 06-44-51,111.7.129.66,1788147840,internet,235.224.21.151,157928042,-152384814,-18719,18
huawei,-38,226054594842798,40757568309,2024-09-04 06-44-37,147.0.172.162,-1747053653,ims,116.191.173.21,173826885,-1751545555,32522,70
huawei,111,226056587518874,40730437730,2024-09-04 06-44-53,184.65.107.160,-160575107,internet,230.240.95.139,-2136926364,-1570969818,30189,-45
huawei,29,226055239203351,40794281301,2024-09-04 06-44-15,53.113.97.34,-1215979708,ims,23.99.153.24,401332023,-1281103955,-31117,32
huawei,-94,226057958172607,40722535614,2024-09-04 06-40-20,112.121.222.40,-1139641644,ims,65.66.130.242,-1546927126,-1913278701,-10776,10
huawei,-47,226050694652704,40727424228,2024-09-04 06-44-06,227.66.242.248,102944176,ims,25.204.51.71,-1956514303,-456306664,-14347,64
huawei,67,226052191259940,40768878198,2024-09-04 06-44-15,121.193.80.92,951544914,internet,159.137.156.148,2088478761,-996913795,-295,36
huawei,-108,226052365699615,40778766154,2024-09-04 06-42-56,206.3.84.47,-578684728,internet,15.180.106.63,1741436575,-10369223,25445,36
huawei,34,226050646662790,40707616577,2024-09-04 06-44-56,209.4.163.110,871923419,internet,144.53.150.59,-1622938265,559167177,-26980,27
huawei,-30,226056437786187,40733115654,2024-09-04 06-42-02,131.196.122.190,-980291669,ims,212.75.51.23,-1060893568,-602368780,24314,14
huawei,-106,226059320241489,40764723361,2024-09-04 06-42-17,148.102.131.157,1949362469,internet,252.143.10.163,847538589,-879039175,-21148,-26
huawei,-34,226059032345952,40755677385,2024-09-04 06-42-06,194.38.111.117,-532135631,internet,37.138.56.221,121548569,1797223310,2403,-126
huawei,-42,226052824492778,40762562719,2024-09-04 06-44-45,6.194.176.154,1502336722,internet,26.73.184.218,1350384685,-1522825031,16688,68
huawei,81,226056188215812,40788670838,2024-09-04 06-42-58,110.211.211.138,-492941902,ims,64.217.21.225,1148737600,1057590567,-5557,126
huawei,115,226059637145760,40770207262,2024-09-04 06-44-47,163.34.92.47,1895965144,internet,142.47.252.215,-1155372905,-1966343431,-6915,30
huawei,-9,226058606955206,40789496545,2024-09-04 06-40-10,117.234.126.113,-1542614700,internet,149.190.181.47,-988330277,1477689486,22384,-104
huawei,69,226055142218217,40769884183,2024-09-04 06-40-22,154.77.226.133,123252634,internet,45.74.134.165,-625923384,1612408121,-12755,-32
huawei,15,226057833093043,40796758906,2024-09-04 06-40-46,205.120.175.195,23199334,ims,193.3.112.22,-839686414,1420263464,-19514,27
huawei,-12,226058073133616,40746523217,2024-09-04 06-44-33,229.165.34.248,1555671527,internet,133.141.101.169,1885072670,-169029659,-10546,-49
huawei,58,226059096827479,40775581441,2024-09-04 06-44-14,246.116.3.67,1885132746,internet,148.228.112.64,-1464015995,822271646,-19990,20
huawei,-121,226051348486866,40758466226,2024-09-04 06-43-03,165.116.150.130,1333628168,ims,207.98.240.153,21024582,728010739,-19698,91
huawei,-2,226052513344814,40736850862,2024-09-04 06-43-22,22.232.51.55,1383547213,internet,79.97.20.0,-796301485,-1481409249,-14429,80
huawei,-88,226059057691375,40732018120,2024-09-04 06-44-57,5.9.25.121,-1287516278,ims,236.190.221.15,-429705357,-1772534949,12853,120
huawei,-61,226053946968838,40705753180,2024-09-04 06-40-01,31.156.203.168,-704594960,ims,225.34.4.103,-2069445293,-957159709,-4622,-87
huawei,-1,226056326679161,40769714971,2024-09-04 06-44-01,101.67.87.240,-216347201,ims,62.64.11.2,329265955,2107135570,-6771,-20
huawei,98,226053043324702,40741808364,2024-09-04 06-42-00,78.54.102.123,1413881536,internet,24.204.150.228,-1982283118,1587466043,-3058,-80
huawei,-24,226052187123537,40701616245,2024-09-04 06-40-13,4.196.101.125,21250889,ims,154.207.42.66,1789210666,-1585613679,-27528,-38
huawei,-53,226055121842617,40734541064,2024-09-04 06-43-53,43.25.190.84,-350427234,ims,91.136.250.67,512297187,-746457930,-14505,126
huawei,-32,226053617456957,40724161445,2024-09-04 06-40-18,122.247.176.40,-2083970196,internet,207.71.80.214,892444006,1482098186,-27509,80
huawei,-113,226059399609191,40743802321,2024-09-04 06-41-15,160.146.26.10,-2049713977,internet,61.35.143.251,-1760658505,-1526497978,3255,19
huawei,-92,226050537609217,40709049488,2024-09-04 06-41-31,213.50.204.162,471826409,internet,114.32.224.95,-852821013,-15597,25431,-54
huawei,-69,226057302736601,40772987193,2024-09-04 06-43-18,6.237.42.173,393737169,internet,212.213.136.176,901375372,1189773567,-25293,-59
huawei,-48,226051364489301,40760557816,2024-09-04 06-42-08,109.3.213.165,-2142720278,ims,129.41.12.235,-1733398758,-1121128303,27670,116
huawei,-73,226053199354743,40790886631,2024-09-04 06-42-26,200.40.81.19,-917723231,ims,61.65.35.72,777522329,-204812582,23633,-99
huawei,69,226059975850456,40791595702,2024-09-04 06-42-37,47.249.202.64,-772228581,internet,65.30.57.6,1514450223,1108736473,31736,-112
huawei,31,226055171234826,40756817348,2024-09-04 06-41-41,66.29.91.235,572807526,internet,10.218.204.193,1435162741,-87116585,-17144,85
huawei,-74,226053700082994,40711469084,2024-09-04 06-43-26,121.209.185.228,-1887963164,ims,155.75.193.68,-2092299963,-247209338,29956,-6
huawei,-39,226051873231563,40782625580,2024-09-04 06-42-52,101.48.200.20,-1524317111,ims,9.247.8.64,-1561125396,-379524299,20376,-7
huawei,-123,226050341969636,40787851957,2024-09-04 06-42-09,139.24.32.47,2068581457,ims,16.174.64.197,1323128487,-652914348,-30165,8
huawei,-73,226057541199910,40771047500,2024-09-04 06-43-18,236.215.24.111,1917923731,ims,153.174.40.214,-1589516138,1102518148,18745,46
huawei,46,226053933817480,40780316354,2024-09-04 06-42-58,9.29.205.19,-3547541,ims,126.255.14.207,-96782406,-1076027750,28600,-15
huawei,-39,226058167577080,40705987360,2024-09-04 06-42-49,23.249.113.42,-1620409245,ims,185.135.182.65,-1887345438,99606061,-4299,100
huawei,90,226055586936076,40791731546,2024-09-04 06-42-20,134.245.10.146,-694146673,ims,213.92.56.92,1575798567,450600261,4304,-54
huawei,30,226052374001050,40765735307,2024-09-04 06-44-58,98.193.178.246,1506692220,internet,38.234.207.97,-1601900321,1503964847,-12081,-83
huawei,72,226054577630621,40781751752,2024-09-04 06-41-40,167.86.176.90,1822187341,internet,194.207.226.62,1907406658,-1416251447,-24439,81
huawei,114,226059574007689,40723289866,2024-09-04 06-42-22,137.186.166.75,-1801863730,ims,248.54.80.149,1593942359,1591897675,-8004,85
huawei,115,226056882859260,40754923400,2024-09-04 06-42-13,206.38.48.96,-946361669,ims,223.18.133.154,-1668568200,589159404,16051,-30
huawei,63,226051794987584,40777724877,2024-09-04 06-42-25,147.216.152.200,-676819450,ims,244.141.23.237,610153417,-1242815944,2905,-109
huawei,103,226054383284552,40750657199,2024-09-04 06-43-53,231.56.70.244,-577034891,internet,172.35.123.42,-153876403,1648829457,17261,-4
huawei,46,226055997148309,40750846764,2024-09-04 06-40-10,243.205.71.96,2038984716,internet,60.144.188.188,-755509571,1475573064,-31925,-80
huawei,54,226056061927736,40706938169,2024-09-04 06-41-41,111.64.136.68,-1986725676,internet,240.97.254.236,-414845437,2005572517,29624,-119
huawei,92,226054231258169,40794130692,2024-09-04 06-43-24,177.206.98.34,-1543962720,internet,11.89.140.253,-293878427,514423462,-21955,-46
huawei,10,226055246925464,40712351361,2024-09-04 06-40-58,193.71.173.81,-1052833393,ims,202.181.241.185,426840871,630607733,24862,-41
huawei,111,226053002943110,40778818696,2024-09-04 06-43-30,123.160.216.1,-482233714,internet,36.0.56.221,-1916433283,-598540601,10084,50
huawei,32,226053514275481,40792520108,2024-09-04 06-44-27,190.57.150.75,290301207,internet,136.251.142.7,371807451,-358204814,-7182,84
huawei,34,226057597164858,40753564148,2024-09-04 06-40-07,13.23.245.162,-1154505991,internet,219.107.89.32,-158270897,-1645311328,11277,116
huawei,-83,226055877332538,40759997016,2024-09-04 06-40-07,248.153.161.215,2075671747,internet,203.132.228.52,474298650,2059669202,8089,-60
huawei,89,226052190122439,40786802798,2024-09-04 06-44-29,29.187.227.246,-818279561,internet,45.10.120.185,-1558441601,-496368124,24767,-51
huawei,-31,226053004817629,40733226711,2024-09-04 06-44-49,255.199.248.238,896269577,ims,51.121.19.103,1677380316,-1350718269,-12890,17
huawei,-61,226050353311526,40701603545,2024-09-04 06-41-04,78.144.63.88,-2032289130,internet,4.206.35.220,1647647757,-330014010,19536,24
huawei,-121,226052267978006,40722400247,2024-09-04 06-42-21,194.149.234.134,-1089870019,ims,255.138.130.86,2090129525,1813593337,-9195,-52
huawei,-5,226052762947150,40748488633,2024-09-04 06-40-16,145.82.95.134,611097702,ims,153.134.77.31,497932743,1954825053,-32623,-83
huawei,-122,226055165878489,40791812846,2024-09-04 06-43-15,124.27.164.205,-1293455068,internet,134.101.218.35,1338854621,-490399809,-1782,-84
huawei,21,226053063965881,40779890831,2024-09-04 06-42-33,19.244.102.114,525110569,ims,104.223.12.87,1927915188,633071223,18740,-32
huawei,118,226057844383441,40793665782,2024-09-04 06-42-17,103.106.119.40,-1977214051,internet,129.177.173.27,67387173,-1008470857,7127,79
huawei,-15,226052503221572,40704250403,2024-09-04 06-40-31,147.73.37.111,1206586609,ims,202.198.4.215,759880990,-1139397522,-25772,-29
huawei,-78,226053543569229,40776756740,2024-09-04 06-42-53,7.45.15.191,-262977906,ims,251.188.4.243,816000112,-1605283639,10834,-117
huawei,-21,226058382935081,40732756082,2024-09-04 06-41-49,57.145.197.75,1441349184,internet,248.167.37.42,-401391342,-1736680831,-9861,-9
huawei,103,226057188473393,40721395587,2024-09-04 06-40-52,38.139.227.105,1276185745,ims,200.210.148.111,-940079818,1445326005,-2726,-9
huawei,-34,226052066793289,40743219408,2024-09-04 06-43-00,197.152.243.186,1144541053,ims,134.94.112.70,-428749542,1941892531,25384,30
huawei,-123,226056981904658,40785554592,2024-09-04 06-42-31,214.210.200.226,218719005,internet,141.198.34.6,-268181377,-749039817,8097,-108
huawei,-29,226053436355047,40735582359,2024-09-04 06-43-49,244.13.142.162,334920551,internet,172.147.192.48,1820311394,1197943715,25649,-73
huawei,24,226053253890632,40751868842,2024-09-04 06-43-43,172.176.202.34,627219588,internet,120.68.51.99,-2089293252,235025949,5284,27
huawei,-23,226050821780061,40788845436,2024-09-04 06-42-44,176.142.132.135,-1542097772,internet,25.151.70.134,447219641,345601646,-19251,-90
huawei,4,226052457574271,40769882881,2024-09-04 06-40-15,192.7.131.122,1539655552,internet,200.96.106.216,-1611356981,520139950,968,-123
huawei,104,226054662691229,40722273581,2024-09-04 06-41-16,84.166.217.243,-630497138,internet,43.62.33.1,-1385159889,510279457,30230,-43
huawei,2,226059808131926,40749596515,2024-09-04 06-43-34,166.199.30.68,339365367,internet,168.235.141.128,-169247447,1813080027,14833,20
huawei,67,226058039965857,40793966686,2024-09-04 06-43-19,28.200.197.18,1171506084,internet,168.203.17.209,-1250562282,-317483872,3534,99
huawei,-26,226055656286417,40730803365,2024-09-04 06-41-28,230.61.11.200,1510511043,ims,68.187.197.168,-452276504,1605080562,29470,12
huawei,-107,226052112102888,40790412097,2024-09-04 06-43-32,232.96.251.48,-1139249348,internet,251.248.66.217,273539029,1245015908,-30248,-87
huawei,-122,226050049646563,40758123497,2024-09-04 06-41-55,37.101.98.8,-825471381,ims,219.244.203.229,1657689327,1102892672,-28863,-4
huawei,95,226050780374214,40702764884,2024-09-04 06-42-50,203.195.130.123,1502671797,internet,172.249.163.200,-816844931,2036894795,-2351,-64
huawei,-42,226056291553371,40747756985,2024-09-04 06-40-06,6.222.180.141,-237362829,ims,228.41.155.157,1755733649,1629694773,30183,116
huawei,61,226054885702871,40743850547,2024-09-04 06-43-26,157.211.168.251,-400829149,ims,43.220.236.2,1412686878,9544162,-24017,96
huawei,28,226056057080652,40716542685,2024-09-04 06-40-46,163.204.13.43,574421291,internet,140.229.165.234,830721503,-214312115,10034,60
huawei,63,226055260752994,40703105827,2024-09-04 06-43-31,221.67.100.151,961197866,internet,117.56.52.54,161170241,1325438679,-20345,14
huawei,-8,226057874577123,40766771633,2024-09-04 06-44-19,86.144.60.29,-1130526781,ims,229.253.56.73,-1321785661,-430779078,22411,50
huawei,52,226055405706215,40784740692,2024-09-04 06-42-32,18.189.249.96,193921642,ims,165.75.187.37,-870771766,734178327,-29339,-85
huawei,-111,226050272800235,40756019153,2024-09-04 06-41-28,239.122.34.170,-1995516171,ims,132.23.137.143,953709883,-182723966,20567,-112
huawei,-104,226059412518952,40707258224,2024-09-04 06-44-36,58.253.61.193,383710879,internet,66.155.217.198,259411304,-344720361,-7742,-96
huawei,114,226051569392979,40701796970,2024-09-04 06-43-29,233.196.124.75,2130665643,internet,220.27.14.139,-2128583091,-19806238,-29676,-15
huawei,69,226050217626571,40771097062,2024-09-04 06-43-13,139.243.133.11,-1562381926,internet,26.66.29.181,202864093,-59906505,8544,-1
huawei,81,226050592378366,40761071917,2024-09-04 06-41-16,242.247.142.112,-1829817077,ims,49.115.33.180,1100750370,-102702444,-31893,-73
huawei,-96,226059125145377,40775686656,2024-09-04 06-40-34,244.64.25.186,487418789,internet,37.199.28.168,1038104807,-255863051,2393,116
huawei,-10,226059187638122,40789690684,2024-09-04 06-43-16,66.56.144.184,1409906949,ims,128.230.198.69,-680021251,-1631696826,32473,-38
huawei,-51,226053810986037,40713995067,2024-09-04 06-42-19,146.185.157.146,-13710081,internet,205.124.116.9,-842354298,-257022085,29574,97
huawei,116,226058954799129,40728166483,2024-09-04 06-43-14,86.45.21.172,472254311,internet,125.216.118.62,1839965046,442726467,5594,1
huawei,120,226052895524787,40703514560,2024-09-04 06-40-43,76.85.46.43,-2068142619,ims,66.110.5.229,-2020416515,158286008,28742,-106
huawei,75,226053672152422,40738789257,2024-09-04 06-42-44,46.225.217.6,-1101360749,ims,182.87.143.27,1619860023,-1173463756,-25656,-105
huawei,-102,226051263304080,40769627929,2024-09-04 06-41-28,119.223.42.185,410776392,internet,13.227.37.83,1641326780,-1364981380,-15864,-100
huawei,-76,226053374618349,40725317664,2024-09-04 06-43-55,218.120.109.199,709859291,internet,167.16.2.156,-1607592811,-1841897860,-29464,-110
huawei,-53,226057205424036,40717904077,2024-09-04 06-43-15,199.244.254.215,859848145,ims,140.187.58.241,326185524,-791677246,-1053,89
huawei,-107,226053261493333,40776109562,2024-09-04 06-44-16,32.115.23.4,297044387,internet,130.114.39.185,-594725088,-356576838,-28230,-128
huawei,95,226055862576824,40781013560,2024-09-04 06-43-09,111.68.31.144,585189392,ims,231.239.14.161,-820002728,-1749038017,31356,9
huawei,42,226050034166394,40785802975,2024-09-04 06-44-29,6.217.171.161,1297229669,ims,62.96.146.169,-1625723224,-1346357331,-24948,-12
huawei,-115,226052320003419,40792898609,2024-09-04 06-42-20,65.140.86.168,563690264,internet,114.88.10.144,-1905442101,-882807386,-16810,36
huawei,5,226057828739083,40762597842,2024-09-04 06-40-59,14.108.103.94,233530364,internet,236.127.196.198,611010651,625685896,-19723,-114
huawei,35,226052477794348,40782265095,2024-09-04 06-41-40,33.173.183.37,1452861169,internet,195.253.112.238,-1128010345,-2043902230,-23584,115
huawei,91,226058533615215,40731606147,2024-09-04 06-43-17,64.109.154.62,-590994483,internet,205.54.215.110,2022180499,318751989,18512,104
huawei,-76,226056536924493,40756310620,2024-09-04 06-42-48,238.119.51.171,1621902249,internet,97.10.185.88,-822314555,100128223,-6177,24
huawei,80,226054236103427,40742571805,2024-09-04 06-41-57,175.69.143.224,1871176525,internet,147.70.166.13,403055017,-1388752824,-500,65
huawei,-61,226052935770967,40730535451,2024-09-04 06-44-48,240.36.209.7,-251497977,ims,127.81.221.15,-1675982361,-1779168385,-383,-123
huawei,80,226054559867970,40735138668,2024-09-04 06-42-53,222.16.83.14,134072981,internet,249.94.186.239,449383133,2084157874,-19000,97
huawei,43,226053301262221,40732473830,2024-09-04 06-44-51,30.36.19.87,-1298054177,ims,119.10.18.75,-371964733,-245214684,-16334,-16
huawei,-98,226052609878129,40787636020,2024-09-04 06-43-11,89.57.201.224,1858880336,internet,253.14.247.99,-2032205708,892591471,-10038,-115
huawei,37,226052192502263,40763996525,2024-09-04 06-41-23,144.79.108.255,-1429627090,ims,76.222.170.194,1953085978,-1891216538,23883,-93
huawei,34,226059592281659,40776085064,2024-09-04 06-43-45,2.107.170.138,-646957492,ims,241.233.227.112,-576858440,1443268845,-7566,113
huawei,-12,226051062787933,40775836166,2024-09-04 06-41-07,58.244.101.180,1432980707,internet,42.234.83.110,1575634628,474743170,-11741,84
huawei,57,226059790583933,40772771330,2024-09-04 06-42-20,142.96.21.252,2043482557,internet,211.32.117.251,-29468496,-1085818080,-21448,-115
huawei,68,226055625461651,40769724006,2024-09-04 06-42-11,76.109.251.39,1292943702,ims,13.186.65.125,-1294674707,-1965407543,-15236,-42
huawei,-34,226053702785507,40710020372,2024-09-04 06-43-54,193.54.21.25,971250921,ims,25.174.26.176,951478734,-77826608,3031,60
huawei,-47,226053581759101,40781995183,2024-09-04 06-40-14,109.206.182.24,211075054,ims,67.120.112.117,1804293939,-1563220379,-32294,-97
huawei,-13,226057925774228,40790717304,2024-09-04 06-41-22,252.200.178.55,-1180785482,internet,226.3.42.244,-498747350,-1392507696,-32068,-43
huawei,-78,226050972101342,40722592300,2024-09-04 06-43-02,152.30.3.235,-1631584984,internet,188.236.73.131,-926436586,352140366,-12012,115
huawei,44,226052375331429,40761621043,2024-09-04 06-44-23,12.91.31.23,-1446134854,ims,192.192.144.149,-1985926065,-26707681,23048,37
huawei,110,226056463116147,40788533666,2024-09-04 06-44-36,144.54.81.253,-638440453,ims,244.32.182.31,-884799045,531385219,20506,-87
huawei,14,226058529199168,40798478094,2024-09-04 06-41-31,249.212.212.154,2109572268,internet,81.145.196.207,-1325075758,1973308265,18121,-20
huawei,-32,226050755880404,40774664612,2024-09-04 06-40-36,114.232.43.43,-1888805589,ims,169.188.45.205,190480517,-20299135,21067,22
huawei,-112,226050571443260,40789135590,2024-09-04 06-43-03,77.135.224.171,-1760007595,internet,119.191.230.77,-2000079034,-1506967854,3597,-78
huawei,33,226058579826889,40766748863,2024-09-04 06-43-01,40.147.128.147,-751142397,ims,72.206.136.132,-2008940535,-182477574,18515,74
huawei,-102,226057284733928,40738290707,2024-09-04 06-44-12,195.211.243.221,-846635808,internet,112.207.222.160,-1721018681,82765466,-14552,-27
huawei,-32,226054129692895,40759605787,2024-09-04 06-42-40,122.92.168.216,735752036,internet,145.22.184.35,1738270227,-14890711,8992,-66
huawei,76,226054987813670,40791957992,2024-09-04 06-42-22,198.99.137.169,-706229851,ims,14.73.158.114,69963175,83559997,23130,-72
huawei,-92,226054216377143,40743603797,2024-09-04 06-43-00,72.224.26.15,1571558045,internet,208.243.17.107,1214046039,-2014847917,21037,-47
huawei,-89,226052870930116,40701185975,2024-09-04 06-43-38,127.80.107.239,23260341,internet,65.211.204.44,395427871,2080604962,17313,82
huawei,-64,226058965444689,40723340081,2024-09-04 06-40-48,174.13.198.118,616769243,ims,111.35.57.215,893840781,-917694174,8193,122
huawei,5,226059368977499,40701391158,2024-09-04 06-40-48,52.251.165.25,11218323,internet,183.186.189.187,-1669970275,532029894,-31106,3
huawei,113,226057727809195,40762050539,2024-09-04 06-44-42,129.75.210.232,-514644342,ims,200.39.6.213,1085950538,-2053182775,5212,-112
huawei,-9,226051082642782,40751836752,2024-09-04 06-43-36,41.43.177.244,823136159,internet,49.215.151.234,-1008680161,-1046722117,25680,84
huawei,19,226052703135622,40771586751,2024-09-04 06-43-12,60.11.122.91,931663705,ims,57.158.210.72,-402714039,-1527238602,16101,-97
huawei,-62,226050741994666,40781675241,2024-09-04 06-42-48,190.44.22.234,1872608181,ims,216.209.57.119,-1109216001,1883434282,-29272,-25
huawei,36,226058485266362,40707167856,2024-09-04 06-44-29,48.162.173.34,271180810,internet,204.68.254.247,-1263516559,754232435,17486,48
huawei,-88,226059759847089,40774412747,2024-09-04 06-43-00,93.78.69.212,-682105843,ims,110.153.197.63,1495116082,-1777120532,9943,63
huawei,52,226053822661322,40774654066,2024-09-04 06-43-29,56.218.173.80,-1318908635,internet,171.68.30.243,1708821925,819023191,-7612,-107
huawei,72,226053068153985,40707122524,2024-09-04 06-40-49,137.0.152.225,320312174,internet,181.24.215.210,2032107647,1696464175,-27783,-106
huawei,-28,226055143708562,40786746038,2024-09-04 06-40-41,52.140.220.47,824005775,ims,99.248.104.178,918440401,-1269630349,-15614,50
huawei,117,226054965003148,40775400111,2024-09-04 06-44-15,55.24.60.152,570577554,ims,254.106.14.137,-1997974965,-762163860,-29925,89
huawei,103,226058029418864,40793322661,2024-09-04 06-41-18,25.224.81.177,2085674315,internet,77.39.219.145,2097966421,1466621986,18323,73
huawei,-124,226058430861535,40747616162,2024-09-04 06-43-12,149.57.111.247,-449682602,ims,182.60.38.154,-1720269417,-1747516821,11513,-56
huawei,126,226054125631643,40732969519,2024-09-04 06-41-29,226.60.45.176,-1578620064,ims,200.0.39.150,1354073451,2095176801,30733,-110
huawei,31,226054595082655,40774910288,2024-09-04 06-42-36,207.185.132.46,-1695072469,ims,45.91.144.27,1901069370,185828011,22263,99
huawei,71,226055399013383,40764090632,2024-09-04 06-41-53,81.193.118.171,-1970062962,ims,17.195.164.213,-974498799,243991094,18022,-63
huawei,127,226057419425523,40732050435,2024-09-04 06-41-58,145.141.167.79,-1926714269,ims,125.68.187.71,-601891878,-953091775,-14497,124
huawei,-26,226052191071842,40708087720,2024-09-04 06-44-37,225.116.17.107,336950286,ims,139.203.53.178,-376615725,-503707062,354,112
huawei,44,226052936249989,40760861841,2024-09-04 06-42-20,218.211.179.83,-2002743864,internet,0.23.60.246,271126411,-1851795826,17495,-28
huawei,-5,226051892152774,40757359549,2024-09-04 06-44-33,61.43.214.165,-249562114,ims,152.203.155.81,-2036297639,1006255285,24875,39
huawei,106,226052710377098,40753444913,2024-09-04 06-42-55,224.158.138.134,-1160913399,ims,112.247.190.77,-658601950,1384905249,16578,68
huawei,100,226055125232516,40761282435,2024-09-04 06-44-03,244.47.11.184,-1098767611,ims,111.221.52.203,-1674993830,1437891747,13057,8
huawei,82,226052458082105,40765480671,2024-09-04 06-40-23,33.113.60.59,1675438525,ims,196.161.93.204,1256192879,-1725582342,-3288,50
huawei,-97,226058900845543,40755837585,2024-09-04 06-44-22,168.211.198.0,932769898,internet,43.59.101.135,2079945673,-3162944,2493,102
huawei,121,226058107860630,40711230177,2024-09-04 06-40-02,132.175.70.74,1747997668,ims,92.118.59.138,444275119,-964331447,7726,114
huawei,73,226058995713924,40757925029,2024-09-04 06-42-20,36.99.46.114,-1487690265,internet,140.158.237.18,1448925837,432558189,3738,-17
huawei,75,226057589635162,40745257546,2024-09-04 06-43-21,207.161.211.185,-1473866832,ims,9.246.241.118,-1888945556,-315718213,5799,-74
huawei,-82,226056691781851,40757036772,2024-09-04 06-43-05,235.88.149.77,1116747395,ims,239.175.215.89,-1658270017,-972192247,17436,-87
huawei,104,226051134593685,40795436451,2024-09-04 06-43-37,97.12.208.43,1618177313,ims,212.66.99.161,-484227240,1311989443,-5527,-95
huawei,77,226052475487851,40755069702,2024-09-04 06-42-01,63.238.134.137,-1673903984,ims,245.46.7.33,-217192897,157165537,-20883,-90
huawei,64,226054220757225,40798744714,2024-09-04 06-44-58,105.190.220.105,-1432458854,ims,115.63.93.237,1414804984,-1053218611,-15653,17
huawei,18,226052553884872,40785841851,2024-09-04 06-42-33,213.68.157.52,-148588522,ims,161.108.100.54,753228287,-1099693084,-28219,-41
huawei,-97,226050881241320,40731620711,2024-09-04 06-44-27,69.48.14.102,2131950510,ims,203.62.139.252,542700951,964217082,-29262,39
huawei,-98,226055936670714,40756784551,2024-09-04 06-42-54,118.152.5.112,-1229654877,internet,14.181.109.72,-267922808,-1993699728,-2943,-37
huawei,-66,226055946888821,40732281990,2024-09-04 06-41-49,64.56.1.129,2129914337,internet,74.99.2.198,1398614814,-846103158,-657,116
huawei,-33,226051016109148,40727788088,2024-09-04 06-43-41,6.249.101.204,-308441613,ims,99.235.205.242,43931938,892781755,14861,-79
huawei,34,226051724997221,40787175893,2024-09-04 06-44-17,39.188.192.162,139178975,internet,95.179.87.74,1497958350,-1467456604,-27098,-71
huawei,-125,226055799411639,40774748795,2024-09-04 06-41-07,48.113.133.182,-332692875,internet,146.247.194.225,645321072,-336047349,11351,96
huawei,-8,226055495240060,40750967355,2024-09-04 06-43-53,16.26.223.243,-1338035458,internet,173.101.124.202,-1932356589,-1519333382,-23979,-63
huawei,96,226057018690562,40751936381,2024-09-04 06-44-00,143.110.125.26,1005184418,ims,18.248.252.129,-1306809284,1387473023,26831,122
huawei,-35,226053245166809,40780859839,2024-09-04 06-42-26,99.212.53.218,-1712296067,internet,29.2.73.145,1633205427,774667882,-9035,96
huawei,117,226050479567226,40746298434,2024-09-04 06-41-02,142.141.79.201,-1321127649,internet,148.51.85.181,755570557,1851308147,12091,-70
huawei,-10,226054896693889,40734732828,2024-09-04 06-41-31,12.80.106.27,-2088529550,internet,86.32.78.12,306436689,-1418806324,-16101,73
huawei,-64,226054569406933,40752207865,2024-09-04 06-40-06,104.230.205.56,533796339,internet,200.122.126.213,-519304586,-1605360635,-12396,111
huawei,-8,226053436749087,40708199505,2024-09-04 06-43-33,145.175.246.88,1140939462,ims,95.192.255.62,1104596592,1186252718,-4402,-20
huawei,-56,226056656770728,40747259312,2024-09-04 06-42-10,244.67.141.87,-164368588,internet,67.247.225.86,671393495,-583866875,13663,34
huawei,22,226055191852382,40779031193,2024-09-04 06-43-14,200.8.36.197,-836826312,internet,115.159.69.67,1035017739,170237816,-16370,-69
huawei,69,226053177366396,40772375759,2024-09-04 06-44-25,228.60.182.11,1479299063,internet,217.105.41.240,-470515057,661360945,-30982,-110
huawei,83,226055981610266,40703776306,2024-09-04 06-44-06,177.192.153.195,-1661109526,internet,243.169.5.108,-1442203867,-947322677,-17685,-17
huawei,-98,226055212277687,40793284981,2024-09-04 06-41-01,111.233.254.83,221512769,ims,222.186.76.240,-1670997192,-1422997556,-3207,82
huawei,50,226055292283797,40725633650,2024-09-04 06-43-26,224.20.26.13,936657783,ims,9.73.185.81,1400976329,816067326,926,61
huawei,-28,226051149258611,40702286911,2024-09-04 06-43-53,203.149.242.153,-1911621428,ims,61.57.242.94,-1910614385,1006497319,13084,107
huawei,73,226058706668216,40794718072,2024-09-04 06-44-29,78.227.244.93,814680074,ims,190.216.20.115,1054885628,871510253,14496,-113
huawei,-95,226052359259037,40785162155,2024-09-04 06-44-01,77.138.88.162,309606465,ims,110.228.50.241,-1116913443,-2076088559,-24346,53
huawei,47,226056684239192,40706274153,2024-09-04 06-43-12,104.12.79.217,-772121963,ims,46.240.204.64,-904429467,-170468815,31166,79
huawei,41,226058017234041,40723293781,2024-09-04 06-42-50,123.188.199.134,1480431215,internet,120.27.181.57,1603413962,-1963570646,10758,48
huawei,85,226052174768828,40775756368,2024-09-04 06-41-13,215.189.184.62,114331083,ims,47.180.81.218,1883217008,-1790700307,15071,41
huawei,16,226056213261583,40774184414,2024-09-04 06-44-47,142.144.193.78,-961271523,internet,139.7.113.16,1469374490,-1536076243,23793,-77
huawei,-97,226051597591636,40758592730,2024-09-04 06-40-16,71.130.216.179,-1268995478,internet,140.156.190.238,191309236,-1081072756,-29488,-6
huawei,26,226059903091687,40768005631,2024-09-04 06-40-08,192.11.90.156,-1353019333,ims,133.53.217.164,172897508,625949041,-27469,-32
huawei,-118,226056095611288,40791650159,2024-09-04 06-44-49,166.105.71.91,407080215,ims,167.74.212.101,-276821262,-287007867,23851,72
huawei,-16,226059849436549,40798306971,2024-09-04 06-41-56,140.90.187.182,-1732292530,internet,200.8.24.147,767978456,-2028688760,-27533,-1
huawei,38,226055885624797,40705466593,2024-09-04 06-43-13,26.173.221.7,-1649425569,ims,236.126.156.105,-520270177,-90988241,21060,47
huawei,-11,226057587454868,40787287904,2024-09-04 06-44-21,64.17.179.197,-236925740,internet,216.130.74.55,-1989629121,350031075,-17366,31
huawei,81,226058029679793,40713129975,2024-09-04 06-44-05,37.30.61.229,-2054689357,internet,99.13.164.249,992403066,2102771341,-24586,-19
huawei,-74,226052553345406,40777494249,2024-09-04 06-42-18,45.0.144.13,713783024,ims,84.31.174.249,-1625019572,-396564299,-18846,-46
huawei,52,226050167323515,40762899329,2024-09-04 06-40-04,144.187.78.19,-1909108080,internet,200.211.93.135,-72338980,1626368890,-15300,-28
huawei,-65,226055465467314,40707524700,2024-09-04 06-44-12,85.119.249.82,-470571233,internet,122.22.139.205,1916367428,-624329152,15519,-119
huawei,-104,226053380651316,40719965163,2024-09-04 06-40-03,224.122.229.71,2023748127,ims,46.159.87.43,-2093640633,-1906896533,8746,-94
huawei,17,226053312130526,40718127056,2024-09-04 06-42-36,91.210.191.252,1485577888,internet,65.63.207.226,-1420325239,-13292571,-19073,-32
huawei,67,226059044466066,40727801557,2024-09-04 06-42-54,206.213.32.138,378104480,internet,19.222.108.125,-113463315,-1405958938,12967,36
huawei,90,226053872181201,40767193644,2024-09-04 06-44-10,5.252.107.117,1300559362,internet,126.192.142.190,-1768143034,-1889150917,-8488,103
huawei,44,226055650507935,40798694819,2024-09-04 06-42-28,131.162.28.231,-819243904,internet,44.255.46.239,1022562780,616436893,1717,-70
huawei,-12,226059359611896,40729890693,2024-09-04 06-43-06,157.35.7.152,-1925299106,ims,59.182.140.159,325908281,639209107,17481,-4
huawei,46,226051530674250,40794268430,2024-09-04 06-42-44,118.53.167.199,-635780439,internet,217.127.65.206,1416120348,-845665726,2954,-66
huawei,53,226057209638178,40715486227,2024-09-04 06-44-43,184.155.225.120,459576253,ims,44.7.26.72,2019088222,-492356515,14231,43
huawei,50,226053837741651,40722265402,2024-09-04 06-42-25,165.104.177.21,528928128,internet,61.156.22.75,341263840,878117381,14117,-12
huawei,-58,226054397088368,40762017709,2024-09-04 06-43-42,153.125.73.145,-781243977,ims,126.145.214.5,1283028686,1257481608,-29436,-42
huawei,-122,226057657248590,40721566506,2024-09-04 06-45-01,172.93.45.214,819179105,ims,149.213.238.201,318500882,-459376768,24513,-9
huawei,53,226056303744067,40775385112,2024-09-04 06-40-19,60.95.57.144,1888116136,internet,43.167.69.195,232597798,-1679378569,17985,-70
huawei,34,226058581554672,40770468772,2024-09-04 06-41-09,80.233.205.159,1663627143,ims,99.178.211.131,631260004,1704661169,-4589,92
huawei,52,226052715270771,40737657156,2024-09-04 06-41-32,154.91.164.68,-359785176,internet,182.176.109.147,903171284,849725113,4774,-97
huawei,-108,226050806379240,40788233138,2024-09-04 06-42-10,250.158.103.147,1636912976,ims,180.206.114.204,661528260,-1496992614,-24481,36
huawei,98,226056690468546,40779273909,2024-09-04 06-43-37,112.43.82.91,2014134744,ims,48.143.147.156,-489695526,-1136899135,-11907,-128
huawei,-122,226054130426693,40787560648,2024-09-04 06-43-55,1.166.206.128,-2058855167,ims,110.41.169.145,-1251840675,208063215,30800,-102
huawei,49,226057414256070,40712513481,2024-09-04 06-41-00,18.101.241.53,665326185,ims,248.106.154.12,-1194983973,-1520518131,-7363,-96
huawei,-3,226054999063781,40719434644,2024-09-04 06-40-17,25.138.106.165,1413210215,internet,116.60.117.42,-928352689,382106777,5836,81
huawei,-62,226052362953095,40770002930,2024-09-04 06-42-01,248.173.109.217,-571203923,internet,23.42.92.118,1393075028,-1160030479,10937,96
huawei,-115,226055984271247,40710538792,2024-09-04 06-40-06,232.177.134.30,-368920108,internet,225.115.251.179,-1535197490,-1152082841,-5638,110
huawei,-37,226054809983217,40761689046,2024-09-04 06-43-54,209.78.158.39,1340650169,internet,243.166.22.148,1130143001,417230615,-1187,-68
huawei,-18,226052577997642,40736296846,2024-09-04 06-44-33,146.94.120.178,-1424337178,internet,105.179.50.219,24425883,2142160989,-15277,44
huawei,72,226052083043271,40789325887,2024-09-04 06-40-21,181.111.222.247,1237077835,ims,139.147.21.68,-358769661,1671961179,14981,115
huawei,45,226057196665465,40714029033,2024-09-04 06-43-38,31.79.96.213,-1054672461,internet,22.208.5.129,73827584,-1510586803,-26883,121
huawei,62,226053383501170,40726835656,2024-09-04 06-41-30,27.197.86.12,1295057596,ims,161.37.196.56,1149691744,590721032,-15188,55
huawei,-98,226057041854288,40788487628,2024-09-04 06-42-49,194.221.214.157,-1021124411,internet,217.0.46.78,493420806,1733333951,26021,-87
huawei,10,226056737615012,40799333367,2024-09-04 06-42-25,217.31.112.89,-652590068,internet,82.230.244.48,-614627446,437967591,-22040,3
huawei,123,226055526733205,40741011552,2024-09-04 06-40-19,53.154.188.124,1701475005,internet,181.150.5.224,302337669,-1862528202,12828,-70
huawei,-69,226050074298416,40710498760,2024-09-04 06-43-07,144.32.135.244,-1865248954,internet,192.178.212.17,1589674849,267709706,-30907,-43
huawei,-27,226053790013477,40708254332,2024-09-04 06-44-40,64.206.79.0,-632389414,internet,146.235.138.146,-866815177,118280187,-3571,-106
huawei,3,226051647259986,40753203046,2024-09-04 06-44-04,191.20.91.208,-1921206083,internet,225.228.39.15,1306630339,768072285,-11246,-40
huawei,11,226051473286628,40769103412,2024-09-04 06-40-07,116.223.80.57,-1198815076,internet,118.224.223.109,2029985379,513397454,-7255,-8
huawei,-97,226051826677746,40761679717,2024-09-04 06-41-14,148.191.56.0,1235708490,ims,80.190.169.57,-45185282,808366238,15256,22
huawei,54,226054006729461,40708536966,2024-09-04 06-42-05,53.105.17.209,-193577127,ims,221.1.160.248,865306998,-974494279,7439,104
huawei,-28,226057540946322,40776252430,2024-09-04 06-44-59,36.30.23.96,-485436533,internet,65.52.159.183,-1111664334,-789131003,11625,-44
huawei,27,226059216091895,40731875224,2024-09-04 06-40-47,44.7.236.137,349809469,ims,199.184.117.90,-945367522,-569461855,-1263,3
huawei,-56,226050499936502,40777173974,2024-09-04 06-44-43,227.156.182.219,-193175846,ims,186.141.64.62,-2102762646,-983520915,2531,56
huawei,-53,226057523544902,40790711566,2024-09-04 06-43-22,60.250.6.25,-973892373,ims,129.228.215.204,1262110973,-123593548,1403,72
huawei,-64,226054655804972,40796036436,2024-09-04 06-41-26,179.84.24.185,1129712821,ims,163.54.145.208,6331724,956824834,11350,8
huawei,75,226058086321186,40719950991,2024-09-04 06-40-02,211.59.219.241,-2116185600,ims,222.15.137.38,-1917237460,1775148820,2588,86
huawei,-31,226059761453986,40731586462,2024-09-04 06-44-26,17.165.139.225,-1235244449,internet,113.213.192.36,-981436319,-938400324,-2197,-27
huawei,-36,226057243863086,40758525187,2024-09-04 06-44-15,229.240.82.214,-103711947,internet,230.219.187.228,-1706949227,24299582,2082,-27
huawei,55,226050740132135,40744635030,2024-09-04 06-41-01,251.42.165.96,1463880964,internet,32.96.99.97,-1271047965,-372942255,-7781,122
huawei,-111,226050039581579,40715531637,2024-09-04 06-42-06,38.148.46.7,-796583102,internet,82.35.37.38,2031727377,1249181051,-24773,73
huawei,38,226056432045829,40733491797,2024-09-04 06-43-45,219.3.175.133,-1332382124,ims,148.138.198.63,1404061839,-9820243,-7777,-7
huawei,-53,226056658119601,40749811493,2024-09-04 06-42-49,136.138.105.179,-1682462501,ims,57.139.72.250,158126304,981542415,20603,40
huawei,-121,226059377252164,40770670456,2024-09-04 06-43-43,4.165.60.60,339147172,internet,229.64.248.169,-622575183,1702085889,-18116,39
huawei,-114,226055751319369,40761349549,2024-09-04 06-43-35,35.104.103.207,-688749366,internet,123.160.20.85,1280497405,-764313302,22194,12
huawei,86,226053257464289,40784297007,2024-09-04 06-44-10,58.58.244.45,-408266713,ims,220.43.119.203,-921307414,464876160,14119,125
huawei,113,226057701709244,40740714833,2024-09-04 06-42-38,125.70.213.103,-1899115035,ims,8.243.82.133,520018507,-1376591557,-10660,34
huawei,122,226052661526386,40798789442,2024-09-04 06-40-52,19.9.155.33,-228312539,ims,44.168.215.79,-388404735,2057944421,-24931,21
huawei,77,226052945824338,40744358957,2024-09-04 06-42-50,71.254.199.90,1062606418,ims,193.62.63.56,257858183,617507435,31165,35
huawei,2,226059475783704,40788199002,2024-09-04 06-42-05,220.71.49.86,-1190544934,ims,50.240.243.19,1030023999,2113126448,-11116,-125
huawei,-36,226059607063499,40777700271,2024-09-04 06-42-04,92.43.66.199,1609197403,internet,64.169.218.217,993910665,-1307120105,21878,-41
huawei,-13,226050796586169,40720281080,2024-09-04 06-43-41,194.173.230.249,1302534082,internet,149.87.10.188,1274510929,-1644302313,-145,59
huawei,-121,226052271642345,40768345219,2024-09-04 06-43-09,247.79.95.239,32396201,ims,125.86.119.95,-1311461736,267809789,-15231,-115
huawei,-25,226058976201260,40708599439,2024-09-04 06-40-58,47.177.33.57,12101416,internet,130.82.92.135,2004869005,-685570238,-26405,-62
huawei,-112,226053860301604,40718268579,2024-09-04 06-43-38,77.219.38.174,2137578626,ims,17.38.31.202,960253559,-1523922053,-29084,93
huawei,-103,226059407507691,40730556098,2024-09-04 06-40-51,71.129.97.240,-695551245,internet,122.96.150.72,-858818405,-1674903150,-3980,117
huawei,17,226058411879074,40754515258,2024-09-04 06-44-03,120.212.110.19,1875805863,ims,163.26.187.253,1420688742,-437958112,18025,-51
huawei,1,226059651325440,40772122974,2024-09-04 06-42-12,110.142.23.216,936935277,internet,108.198.153.113,-1415952726,-2093074443,-18250,-28
huawei,-106,226058189697379,40743313563,2024-09-04 06-40-01,125.17.155.51,-260399410,ims,182.129.102.17,755432316,-264953714,7819,113
huawei,58,226052876574141,40727826706,2024-09-04 06-44-45,27.27.72.143,-1946027140,internet,14.78.40.59,-733632615,1078686645,-15583,-72
huawei,-24,226050102017853,40709746581,2024-09-04 06-44-08,240.244.5.114,-1951400494,ims,141.31.188.104,1279486750,700429132,-2608,19
huawei,-47,226058504746727,40789383527,2024-09-04 06-42-00,186.10.27.113,1561146685,ims,60.121.205.98,1197764362,1559586674,28496,-43
huawei,89,226054179706258,40758538849,2024-09-04 06-42-30,58.248.81.41,1864766554,internet,253.170.149.144,-1942410026,-31686276,-9734,65
huawei,-32,226054127587614,40756965708,2024-09-04 06-41-41,109.78.230.72,200665272,ims,189.61.215.226,559357742,-784155114,-30367,-64
huawei,127,226051723438698,40762658753,2024-09-04 06-40-47,227.189.130.23,1919373435,internet,152.82.75.239,1532023191,-764628233,-540,-28
huawei,47,226058300596879,40745691337,2024-09-04 06-42-13,216.29.167.45,-1205952584,internet,14.159.148.107,218136270,2136016923,13039,-128
huawei,-21,226053894318483,40766015307,2024-09-04 06-44-19,248.58.156.47,-127303770,internet,232.196.104.69,465671411,-2143563151,-10463,108
huawei,77,226050267031758,40700678079,2024-09-04 06-44-07,24.65.50.13,-1792514119,internet,206.32.169.127,-432727101,443588990,-674,123
huawei,-38,226056972010295,40799105598,2024-09-04 06-41-36,166.9.255.48,1272483925,internet,121.122.66.149,-1942006136,1632089701,17103,-30
huawei,-11,226058955030927,40758932372,2024-09-04 06-41-49,220.145.14.183,-523229027,internet,68.118.166.50,-1112914358,898232965,18050,-94
huawei,104,226051963516878,40727810583,2024-09-04 06-40-50,97.162.191.163,-774427572,ims,240.239.255.176,-1872540165,993150422,-7007,-25
huawei,-51,226057139050999,40761985624,2024-09-04 06-44-58,167.87.230.106,-1376374106,internet,119.155.35.91,-497064969,-17465785,-4706,59
huawei,108,226053111677132,40735477843,2024-09-04 06-41-09,38.53.63.242,883807877,internet,47.161.163.235,-1799497398,-1307192594,25811,10
huawei,52,226056014082815,40748509319,2024-09-04 06-44-27,98.24.74.33,-1817184410,ims,166.128.37.224,926110513,288372851,-32027,-53
huawei,76,226055518158363,40774346236,2024-09-04 06-41-52,245.81.103.100,-1133355871,ims,93.110.35.95,1621799203,-1399567150,-12630,-41
huawei,-10,226050157104747,40759517064,2024-09-04 06-43-13,0.96.119.203,-1957270214,internet,32.180.175.95,606022667,-1591361050,-29842,60
huawei,83,226052412749397,40774327778,2024-09-04 06-42-37,214.71.180.127,-534730265,internet,70.62.22.206,-1791917253,-82424100,-1859,-125
huawei,68,226058464919484,40705639753,2024-09-04 06-44-07,114.159.247.43,-2062028430,ims,123.98.232.153,2112922634,-3523207,2710,103
huawei,-102,226057334710731,40702220386,2024-09-04 06-43-19,64.78.98.57,1434130078,ims,183.42.115.105,229762067,-1900483964,-26794,-110
huawei,-69,226053394340327,40711146633,2024-09-04 06-44-12,7.201.107.189,2107509941,ims,102.33.3.250,274756175,160853089,-22671,-41
huawei,5,226058328609726,40794114221,2024-09-04 06-44-30,161.34.195.39,-1141172423,internet,173.3.187.95,-1007006600,1117232527,-5681,71
huawei,-49,226050701668258,40748798586,2024-09-04 06-41-42,217.102.123.197,-1005434652,ims,179.12.96.95,-2146868256,-2145328013,-27240,-57
huawei,74,226054408959499,40789456081,2024-09-04 06-41-29,46.173.247.210,1201147492,internet,88.73.211.50,-1124613786,1251800753,1878,87
huawei,-46,226059173985519,40719030013,2024-09-04 06-42-36,68.255.107.100,-1807488228,internet,110.32.118.30,1036141023,-566259621,30383,85
huawei,-79,226050048987398,40781688870,2024-09-04 06-43-30,144.254.243.74,1213202334,internet,79.146.254.114,2084743726,-1401535440,229,27
huawei,-73,226058762869473,40731669374,2024-09-04 06-42-51,213.232.47.179,-407378602,ims,251.36.44.236,60679590,1301388324,6305,-13
huawei,-61,226054226848689,40730214363,2024-09-04 06-45-00,149.246.59.78,-1904150269,internet,101.86.154.34,-2013367777,-1523310740,-22341,-52
huawei,88,226053094447889,40722595547,2024-09-04 06-42-55,217.152.208.216,-2103476999,internet,216.144.176.122,1081744431,1888970661,-20811,43
huawei,-46,226055165660441,40734276257,2024-09-04 06-40-57,229.251.37.241,366768802,ims,129.241.104.195,-1905937056,1998012063,-23247,-52
huawei,-65,226050911099481,40763680207,2024-09-04 06-44-17,3.5.247.10,-1376986312,internet,239.95.121.68,-501092599,695306936,-25983,91
huawei,25,226054227817556,40740108688,2024-09-04 06-40-27,96.56.72.141,527280594,internet,251.107.117.17,903258501,1953134949,10240,-31
huawei,72,226055233921701,40790438660,2024-09-04 06-43-35,163.176.211.179,1042317555,internet,197.114.27.124,169341283,1360546522,19943,3
huawei,-31,226053818730929,40709389242,2024-09-04 06-40-40,25.185.146.68,874216376,ims,250.159.228.254,1054804683,-556703778,-11593,48
huawei,-45,226056824276997,40775278906,2024-09-04 06-40-49,128.72.180.39,-163416314,ims,192.230.157.240,-1384521283,-1770239109,15573,-3
huawei,-125,226054430088991,40711226471,2024-09-04 06-42-52,11.225.111.146,442038097,ims,15.221.76.66,-1585769823,-1032137440,22899,-104
huawei,-36,226052155322684,40758042276,2024-09-04 06-41-35,145.156.76.136,240163928,ims,209.13.99.18,-1977765476,-1055679443,-15018,59
huawei,-127,226055072019959,40753206804,2024-09-04 06-41-32,10.16.3.182,249016179,internet,241.196.11.80,-744386611,1084591275,-15585,-26
huawei,46,226051932420462,40775825217,2024-09-04 06-43-18,183.215.204.195,-1865311941,internet,161.16.145.131,-2009471475,-1091988179,3696,60
huawei,-103,226059005170331,40739305716,2024-09-04 06-41-00,204.25.190.54,-1394212706,ims,43.166.150.36,-1809292780,1107451039,-30890,95
huawei,57,226053476285625,40795736277,2024-09-04 06-41-16,229.251.63.168,217294775,ims,129.96.241.114,1384503635,-68416166,4321,73
huawei,57,226054730469407,40764619342,2024-09-04 06-44-05,176.36.79.49,22006038,ims,237.189.188.2,486568024,-2049296014,-576,-11
huawei,-4,226055860440228,40770608255,2024-09-04 06-41-40,9.212.193.221,-1445148500,ims,177.17.1.242,-216678910,-2059566639,-21124,-1
huawei,61,226054872557393,40747452708,2024-09-04 06-42-30,20.215.114.145,418567983,internet,84.201.134.69,1101275396,-447619345,20012,23
huawei,71,226056012484125,40713668250,2024-09-04 06-42-02,117.68.48.167,125107473,internet,234.155.215.77,-14480353,-1070510558,-3100,-20
huawei,55,226058155362558,40726643535,2024-09-04 06-40-24,147.36.158.229,260793118,ims,116.213.100.165,-1176234784,-1949143946,11957,28
huawei,117,226056320519824,40729291938,2024-09-04 06-43-51,198.57.119.145,16451823,internet,181.62.241.113,941834319,1198747636,-7225,-111
huawei,93,226058305126685,40798075646,2024-09-04 06-40-43,24.35.237.230,938249736,internet,27.84.57.145,-182913385,1080574303,-10665,42
huawei,-61,226052855237002,40740302367,2024-09-04 06-42-27,57.122.222.87,-1555951581,ims,167.236.48.47,-1134847576,1425360098,-31825,123
huawei,-15,226055456258759,40708478278,2024-09-04 06-40-56,249.107.29.153,-1313299434,ims,202.47.104.45,-2056965498,1067528244,-24717,54
huawei,-68,226059027544851,40768323085,2024-09-04 06-44-19,214.209.58.164,155520079,ims,92.140.18.28,-1292321557,1635711192,-14832,34
huawei,-128,226057081307076,40754445693,2024-09-04 06-41-46,60.218.75.68,1421848773,ims,245.159.228.178,-1128681714,1627863083,25292,-118
huawei,-61,226055584485392,40711773200,2024-09-04 06-41-58,43.103.78.71,-933762036,ims,107.15.223.1,2001241191,-498789958,-603,-28
huawei,114,226050523526685,40702172703,2024-09-04 06-44-48,255.77.67.182,-2082708818,ims,20.126.77.225,-1427715441,-1394883398,-23186,55
huawei,-44,226051522238623,40717814847,2024-09-04 06-42-31,204.31.206.208,-853797421,ims,163.38.112.62,504465027,548264368,-4098,-35
huawei,-23,226054676357384,40706701742,2024-09-04 06-42-59,25.231.66.248,880626632,internet,199.9.176.220,-1648019924,-290593680,-16806,-48
huawei,90,226058526705361,40741388555,2024-09-04 06-44-27,12.60.212.185,1974498841,ims,169.111.126.142,-1203582614,-1560732108,15133,63
huawei,75,226052344536140,40767003226,2024-09-04 06-40-18,8.80.95.82,-455573865,ims,4.218.179.201,-216668804,-1900867933,-3079,-13
huawei,-56,226054155632664,40731126850,2024-09-04 06-40-01,70.9.110.102,1141683900,ims,185.180.64.202,709508887,1204321816,12387,47
huawei,-95,226055669266106,40738133025,2024-09-04 06-41-27,96.146.134.86,1991065260,internet,235.47.79.235,-1793116290,-949437433,647,37
huawei,-19,226050760024996,40762198030,2024-09-04 06-44-15,227.132.123.166,-294343271,ims,188.200.129.55,1227426378,1078223102,-29101,46
huawei,68,226053817198377,40773802478,2024-09-04 06-43-46,17.151.192.51,-1978685502,internet,7.222.246.230,-1808941228,1580143012,12064,56
huawei,63,226056792247983,40785464933,2024-09-04 06-41-02,158.9.199.144,-1648650460,internet,155.232.169.170,-1018701217,521945776,19848,-42
huawei,63,226054936396860,40722723900,2024-09-04 06-44-17,85.138.37.226,-1349990199,ims,119.147.142.101,-1221860461,-1659278286,12567,40
huawei,44,226055082852345,40700690084,2024-09-04 06-40-33,30.36.114.134,-1075591785,ims,160.151.10.34,1133349279,-1126381880,-7368,-37
huawei,62,226050702157407,40761008457,2024-09-04 06-41-58,15.159.137.225,612292276,ims,80.98.236.63,966286363,-1739640551,4791,38
huawei,42,226057250325332,40718004157,2024-09-04 06-41-58,169.37.156.13,-1399275136,internet,161.13.175.9,-114784269,-1155236869,-9623,-78
huawei,-45,226054576614670,40796401715,2024-09-04 06-44-53,79.220.242.36,-2104208862,internet,32.232.59.19,-194343221,-999037601,14469,55
huawei,22,226052786903726,40766711542,2024-09-04 06-42-47,108.114.247.201,-2089607714,internet,191.75.134.52,1989998373,-1394338985,28593,8
huawei,-50,226058670125299,40710859766,2024-09-04 06-41-27,68.48.142.76,-1276614501,ims,151.219.238.132,1981185131,1197959341,-20599,-93
huawei,-15,226058919981855,40762717018,2024-09-04 06-44-18,134.228.156.191,-978464681,internet,159.26.193.62,-1341830909,1844168567,-991,90
huawei,-11,226054781618670,40758599728,2024-09-04 06-42-05,244.136.106.181,194356071,internet,213.160.87.238,1065791958,1040732921,3194,72
huawei,47,226058678048438,40744437003,2024-09-04 06-40-30,82.14.66.1,-606480166,internet,84.223.195.63,1977395681,1998052424,12835,45
huawei,-38,226053342561759,40796169623,2024-09-04 06-44-39,80.11.1.84,1190949044,ims,213.212.127.128,1111140210,-1127971999,-7128,52
huawei,-95,226055379536674,40796078096,2024-09-04 06-42-27,40.103.183.90,-562696876,internet,253.233.78.157,-691240922,1625376540,204,-54
huawei,1,226058502420824,40791236916,2024-09-04 06-44-31,158.209.132.107,2087109028,ims,174.60.155.186,-2016415695,-1530051594,-29544,81
huawei,-93,226053689622278,40783112514,2024-09-04 06-43-23,230.249.17.118,-1464031425,ims,138.19.95.121,1828676725,-956327775,2933,-48
huawei,-39,226059757958282,40721886455,2024-09-04 06-43-35,194.72.27.132,639908072,internet,60.47.253.94,189911582,1921113358,-5082,-58
huawei,-64,226052480526329,40796061841,2024-09-04 06-40-33,207.117.220.183,-1322595635,internet,231.173.81.80,1638397253,1013352758,3237,-14
huawei,-86,226051451123703,40713090661,2024-09-04 06-42-28,40.247.165.74,-128581192,ims,141.47.218.204,141691581,-1552379399,15284,-122
huawei,-90,226056907195876,40741081048,2024-09-04 06-42-50,184.173.124.86,-294296376,ims,99.70.153.107,-355781038,2059801393,23398,10
huawei,-105,226056456192166,40785748198,2024-09-04 06-44-59,250.236.123.81,1058537613,internet,171.10.160.65,-745608160,-376710182,13785,-113
huawei,-93,226056795018078,40731005320,2024-09-04 06-42-52,115.199.134.161,1066234091,internet,188.226.63.227,-1007817396,-243315076,28834,113
huawei,-26,226054124921572,40761469850,2024-09-04 06-41-28,227.123.182.246,180208668,internet,1.201.37.106,831265941,-983081800,8634,84
huawei,-86,226051770435980,40788074638,2024-09-04 06-41-40,232.212.239.57,363856201,ims,221.43.36.187,-107096318,-232375502,-11886,-39
huawei,-68,226053995686149,40745919285,2024-09-04 06-41-47,218.67.249.94,-929700785,ims,170.152.160.252,-2034119068,2051496968,15863,51
huawei,47,226053857153720,40734281444,2024-09-04 06-40-17,18.222.142.115,-2126834776,ims,154.114.153.234,969824453,-766559556,-26929,103
huawei,115,226054941509871,40787072014,2024-09-04 06-40-29,67.202.189.236,1945172684,internet,139.233.61.205,1003393221,-1004767112,-27946,-65
huawei,-16,226051891996426,40771942796,2024-09-04 06-40-07,27.184.130.213,-1291970458,ims,89.30.224.83,832130620,176426655,18132,70
huawei,11,226055615043878,40768006143,2024-09-04 06-41-16,196.117.148.64,1225766667,internet,28.126.39.126,1662979157,1720156017,-13246,12
huawei,85,226055622995563,40777763993,2024-09-04 06-40-56,17.83.16.107,816729921,ims,166.229.23.69,951550090,2052071471,-9326,-68
huawei,-51,226051070345784,40743238706,2024-09-04 06-40-41,211.57.162.14,1930690911,ims,83.94.59.63,438565708,422421715,31029,110
huawei,24,226055152653772,40708904418,2024-09-04 06-43-19,201.233.195.25,-1416259081,internet,154.19.60.132,-1255153664,-1632873170,-18550,59
huawei,-36,226053060045947,40727163582,2024-09-04 06-41-35,160.88.207.69,801807214,internet,230.185.5.149,1897581885,1878705407,25362,-13
huawei,89,226052146005312,40759254568,2024-09-04 06-42-44,26.214.190.2,-1609731220,ims,128.203.109.103,1511453704,1175672330,17671,53
huawei,-22,226050922241261,40714558564,2024-09-04 06-43-45,153.234.187.201,1106699873,internet,159.52.25.198,364249699,1873046767,-24649,-38
huawei,29,226050952531445,40788519792,2024-09-04 06-40-17,164.111.99.126,-2050794149,internet,2.195.234.24,-2114855947,-1790270859,-21507,113
huawei,102,226055311406804,40753816381,2024-09-04 06-44-11,149.248.62.227,-311558916,ims,175.59.179.233,-246106524,-497247195,182,-15
huawei,-79,226056673023077,40748490700,2024-09-04 06-42-32,129.156.54.210,1441411809,ims,96.39.196.245,516472785,-9315611,-4869,-22
huawei,-81,226059974487567,40714134832,2024-09-04 06-42-52,58.158.188.121,615882479,internet,157.16.121.1,-1746727239,-222882336,-6857,9
huawei,45,226051643578232,40731162663,2024-09-04 06-41-00,3.26.191.2,121437455,ims,75.157.96.163,318921476,872451557,10509,-122
huawei,18,226059403787557,40764447197,2024-09-04 06-44-21,126.218.222.130,-649447895,ims,126.47.118.164,-403502762,-41827285,23772,108
huawei,25,226055511517980,40734731988,2024-09-04 06-44-35,45.162.75.22,1707911987,internet,221.150.62.112,1686919476,-568130576,-27503,-20
huawei,-80,226059192470802,40720652360,2024-09-04 06-41-26,41.54.227.79,1843620584,internet,213.14.47.92,-389028885,622218803,29040,-50
huawei,111,226056773992019,40757775394,2024-09-04 06-44-19,152.128.82.10,-1490469323,ims,1.253.101.106,836879362,-831099409,-12163,-126
huawei,9,226053571988730,40736756419,2024-09-04 06-42-48,97.179.198.240,294426084,internet,200.124.163.152,2092218267,-610084440,14784,88
huawei,-87,226055085160423,40711845152,2024-09-04 06-42-18,156.208.46.83,1774260258,internet,31.180.106.151,537340427,-135636465,12364,123
huawei,-33,226050890991999,40797087689,2024-09-04 06-40-03,55.33.32.227,136579153,ims,75.18.66.208,465752754,2114608374,15823,-89
huawei,36,226056857395013,40769820160,2024-09-04 06-40-49,227.18.8.67,-1740174933,ims,81.164.14.23,151220984,-1835639993,-23952,15
huawei,-71,226054125071972,40743676828,2024-09-04 06-42-31,217.199.226.247,534692578,internet,247.187.119.118,-506263280,731756569,2946,96
huawei,28,226050304208601,40783999294,2024-09-04 06-40-31,39.176.80.143,-334179478,internet,60.134.82.164,-625884160,403834309,-25525,53
huawei,42,226056622994770,40778255235,2024-09-04 06-41-16,82.99.47.204,1719624623,ims,240.109.127.182,1591744053,-818637094,-10455,-120
huawei,101,226053084009636,40736546397,2024-09-04 06-44-25,128.242.50.78,2117989420,internet,169.108.30.172,1161313800,-1142881690,-136,81
huawei,122,226054481569474,40703644146,2024-09-04 06-43-04,137.47.94.125,-1127077316,ims,66.151.40.78,912216606,-1815208845,31730,94
huawei,50,226055983892691,40777265443,2024-09-04 06-41-11,76.186.61.73,1154458545,internet,87.193.241.123,1595108650,727141126,-30265,-86
huawei,-42,226051834310526,40720961002,2024-09-04 06-40-33,108.18.209.3,-456656137,internet,206.36.124.36,794435733,-602096316,-12882,-93
huawei,-119,226053489460349,40782805175,2024-09-04 06-41-18,129.205.28.233,-562324158,internet,48.250.240.94,350038181,-1522250437,-3021,-123
huawei,-51,226057967261621,40723240597,2024-09-04 06-43-20,67.175.238.197,634634176,ims,192.56.221.215,354705046,491552598,13624,30
huawei,26,226052258453981,40752902488,2024-09-04 06-40-16,251.218.241.144,334188023,internet,195.123.42.209,-1291787370,-1404444418,-25869,-49
huawei,21,226056770531420,40700319328,2024-09-04 06-41-17,0.193.246.106,1885377590,ims,107.46.226.44,-2139389172,-1314490719,-17251,67
huawei,-15,226055232542821,40722935954,2024-09-04 06-44-09,123.30.88.78,-851781364,ims,38.183.155.78,1051936669,-850978736,8661,-64
huawei,-1,226053482941983,40780052178,2024-09-04 06-40-36,57.105.31.52,496247411,ims,83.231.133.58,-795782837,-88813695,15609,-40
huawei,-71,226057619525664,40737327646,2024-09-04 06-44-19,48.153.145.240,1043575254,internet,96.194.17.61,-873252035,-1091225216,-1245,-43
huawei,81,226054336725057,40793803254,2024-09-04 06-43-52,69.224.70.142,-286067968,internet,50.134.43.15,-1713627692,-978938018,19336,109
huawei,-75,226058599224080,40703442188,2024-09-04 06-41-46,114.224.237.177,872727371,ims,23.102.0.205,1415223430,-658310819,25891,54
huawei,-16,226054422284902,40727185220,2024-09-04 06-40-02,16.237.131.65,-30478389,internet,252.209.24.101,-1711455790,-926590532,-28084,-69
huawei,-34,226053759176002,40790489519,2024-09-04 06-43-31,58.110.243.36,-460360644,internet,99.227.212.52,1787503044,266319500,271,-123
huawei,40,226054237109586,40714229234,2024-09-04 06-42-18,108.227.130.157,-1123843621,internet,7.60.107.246,-82090981,-905318737,6415,-42
huawei,24,226056050119751,40786231063,2024-09-04 06-40-25,20.36.148.145,1014864506,internet,244.249.163.228,906281939,-1125147651,-7061,31
huawei,93,226057343538440,40734072906,2024-09-04 06-42-54,5.68.27.6,363604423,internet,36.27.113.104,1942259766,-1198490131,-20500,-36
huawei,-71,226051176749040,40735248033,2024-09-04 06-42-07,32.35.181.124,-204069009,internet,152.33.149.70,299690701,2025389981,-27932,46
huawei,-58,226057212405086,40777175687,2024-09-04 06-42-55,63.76.43.216,263975109,internet,141.150.191.146,1220640537,-1728904486,22239,96
huawei,37,226051343855564,40723384655,2024-09-04 06-44-41,121.166.115.24,488761788,ims,5.185.189.200,-1761219973,875323625,28124,100
huawei,-113,226052435304055,40794424109,2024-09-04 06-44-53,203.157.123.175,1416974097,internet,129.230.201.157,-442975744,538083257,18923,-32
huawei,81,226054279139402,40771463902,2024-09-04 06-43-04,225.121.69.182,919057384,internet,111.7.238.74,1697037235,2032933660,22133,-77
huawei,-51,226051657097225,40733767917,2024-09-04 06-40-20,46.88.134.63,396042505,internet,10.198.103.187,-707783203,740032163,6087,25
huawei,88,226058597706969,40783254783,2024-09-04 06-43-24,216.162.230.76,1949761510,internet,69.214.181.153,721650140,-891604921,-14764,-3
huawei,118,226050916606090,40776125241,2024-09-04 06-40-01,148.10.99.52,-338702492,internet,36.239.69.217,1375534544,-255172108,-25015,-108
huawei,-41,226052585933263,40705220091,2024-09-04 06-43-17,56.219.148.83,1241114650,ims,185.172.201.49,-1351830246,-857197368,18181,-26
huawei,110,226056407635760,40735313890,2024-09-04 06-40-12,244.38.199.198,-656589382,internet,238.239.22.219,-1772317057,837046214,11955,98
huawei,-58,226057378634929,40799513253,2024-09-04 06-42-37,22.120.208.110,-939604041,ims,29.26.95.165,-2127087510,1608793977,18209,-116
huawei,95,226056002014940,40743031353,2024-09-04 06-41-13,30.231.154.3,1369416619,ims,17.236.190.236,-1212490911,2084663892,12200,86
huawei,-57,226058244874635,40729570336,2024-09-04 06-42-18,172.121.127.50,948487160,ims,96.197.253.177,183586454,1008763303,-26000,35
huawei,22,226053390175457,40746893533,2024-09-04 06-43-07,174.102.85.204,-1634879173,internet,132.22.133.15,-1268871337,-107316248,30929,-16
huawei,9,226052653825132,40776518533,2024-09-04 06-42-36,66.133.244.34,1099372878,ims,96.110.153.138,413514413,-2042792521,-29173,-114
huawei,47,226055053778661,40719166220,2024-09-04 06-44-49,93.96.234.106,-327235651,ims,75.172.174.146,-109253554,135089743,-9154,26
huawei,78,226055661682468,40741529084,2024-09-04 06-41-13,114.226.251.73,-1019326517,ims,139.245.152.148,-2023072447,481867022,19045,81
huawei,125,226059891217214,40758742941,2024-09-04 06-40-17,215.176.231.89,-1456312374,internet,155.164.123.208,-1517884607,-1218208562,17974,-110
huawei,42,226057734070805,40753736742,2024-09-04 06-41-00,219.86.12.113,-923759254,ims,119.170.209.84,823820392,250593794,-22745,84
huawei,79,226059163158649,40782913685,2024-09-04 06-40-48,218.50.157.15,-1743321064,ims,86.177.6.222,1966194844,168184122,15040,78
huawei,-69,226051610677731,40749222450,2024-09-04 06-40-59,24.90.101.135,-309873482,internet,163.222.35.43,128259600,1566811748,9177,-88
huawei,-18,226051946361463,40761651366,2024-09-04 06-43-33,61.17.17.181,1681318066,internet,53.31.227.178,-1491053501,-1638128088,-14438,109
huawei,-110,226056346153251,40718094912,2024-09-04 06-42-58,172.85.25.119,1352010557,ims,125.191.248.2,-907195925,-1958176758,-8795,-70
huawei,-59,226056750899448,40709947432,2024-09-04 06-44-09,195.43.47.241,2142408881,internet,157.179.6.96,-2076465432,-327877398,-2322,59
huawei,55,226051055996675,40738620363,2024-09-04 06-44-44,64.106.31.237,-635630151,ims,193.123.76.48,53785269,1497497016,3350,89
huawei,43,226054935364073,40776302137,2024-09-04 06-44-00,195.31.133.184,690298649,internet,79.220.216.45,1293435286,1171325582,4762,-55
huawei,-4,226059662626985,40749926504,2024-09-04 06-44-40,49.32.53.48,2040414614,internet,46.145.101.54,-1065734945,-246824617,-21165,-109
huawei,20,226054951193167,40760936457,2024-09-04 06-43-27,27.161.57.166,1809930502,internet,99.138.206.5,-820673399,656440311,28301,-51
huawei,-9,226055435631139,40706675589,2024-09-04 06-41-40,90.18.55.46,-1466300003,internet,77.179.158.66,-92283012,-384840341,-15619,-59
huawei,-15,226054750797478,40792353322,2024-09-04 06-42-11,216.158.225.104,-694086755,ims,140.47.65.242,765100518,1583994160,11876,6
huawei,2,226052719502633,40792828546,2024-09-04 06-40-31,126.164.121.16,-1354676552,internet,1.116.74.81,2066696371,-1016886166,-27334,-110
huawei,30,226055542643444,40736242008,2024-09-04 06-40-29,239.53.69.1,-1000916501,internet,112.183.235.143,-54034428,656361009,-18176,-62
huawei,113,226052105637624,40709864914,2024-09-04 06-43-48,49.248.56.153,-1147029462,ims,65.179.53.187,-1869478950,-1488559516,-7542,-72
huawei,-43,226058453434925,40777978644,2024-09-04 06-40-54,16.252.47.207,-863787326,internet,141.20.114.45,-1308177275,-1790753801,-5514,88
huawei,-88,226051801163750,40712606242,2024-09-04 06-42-12,29.79.165.138,178405686,ims,13.122.243.6,1664637837,-304053266,-22767,47
huawei,26,226053579124957,40766420405,2024-09-04 06-41-58,14.41.227.77,-939698797,ims,206.235.114.85,-1617507851,-155142567,-20075,52
huawei,-13,226058716202316,40711559968,2024-09-04 06-44-53,94.237.179.255,-1755680402,ims,31.89.6.21,-179727221,-320737911,-4996,44
huawei,-90,226055103205168,40796531624,2024-09-04 06-43-21,179.194.213.252,-256808761,internet,70.246.222.37,-71551469,1511207238,21597,-103
huawei,113,226058027954505,40738770282,2024-09-04 06-42-23,23.225.49.72,619840205,ims,249.225.182.218,1077954651,1906657190,-29138,57
huawei,-102,226057822642828,40724353442,2024-09-04 06-44-25,58.186.232.74,-1901996423,ims,162.107.59.48,1903672961,304368004,-20780,-107
huawei,10,226053359346367,40756967496,2024-09-04 06-40-52,217.33.160.97,-1280811326,ims,19.55.9.44,110701574,1816016906,-10984,79
huawei,0,226054618026325,40755468778,2024-09-04 06-42-18,167.143.131.49,-417508156,ims,126.177.103.208,1452017653,-960423115,-10717,-5
huawei,-98,226053420726619,40731829485,2024-09-04 06-43-00,249.222.37.11,508233493,internet,79.252.193.246,-19873247,533651525,9191,-92
huawei,-92,226050763724086,40745545974,2024-09-04 06-42-08,50.229.77.137,1822725642,internet,244.84.128.239,-124621438,-1340045558,-12763,94
huawei,-24,226051201898440,40789829996,2024-09-04 06-41-37,24.15.57.131,-1334102084,internet,220.157.97.96,1906973303,-1926458360,-17123,-97
huawei,-40,226056235398924,40772379954,2024-09-04 06-42-53,238.40.122.18,-1976595397,internet,171.55.54.163,-1406758996,-875125314,15237,52
huawei,-100,226057356294402,40798373063,2024-09-04 06-43-52,196.242.120.132,-60036038,ims,58.252.186.159,99135385,-1847439015,8862,-70
huawei,82,226057530440035,40783821250,2024-09-04 06-42-50,206.189.120.144,-1325133462,ims,125.91.92.110,-594903892,-1225625885,28468,-88
huawei,112,226058686359588,40750067926,2024-09-04 06-42-51,237.228.122.5,1029657588,internet,99.246.109.213,-1486861596,-871866428,-3290,-42
huawei,45,226051951781316,40739898656,2024-09-04 06-41-38,199.208.163.5,-743677396,ims,55.86.185.99,-739829368,1401698082,1783,-111
huawei,-25,226056301018373,40706353260,2024-09-04 06-43-13,56.222.134.234,-1573396853,ims,145.100.148.242,1978055194,577374291,-28317,-101
huawei,31,226054253427429,40703641204,2024-09-04 06-44-39,215.93.251.56,1319653690,internet,19.182.166.144,2041848861,1765869020,-28128,-37
huawei,-35,226057662532265,40709838573,2024-09-04 06-44-14,153.157.193.219,23649466,ims,30.109.72.253,1262589051,-34000624,-11695,-78
huawei,-45,226055764209514,40784073790,2024-09-04 06-41-29,153.124.98.39,1407507777,internet,154.214.164.205,545762009,318181969,12059,50
huawei,115,226053344849586,40780050727,2024-09-04 06-43-07,21.28.7.61,-1695632286,ims,217.205.72.40,-1694911653,-1576316527,-27335,11
huawei,37,226057532620421,40728467696,2024-09-04 06-44-00,162.174.191.84,-969660254,ims,3.91.90.48,1303525810,-2099856014,12535,-44
huawei,66,226052069226919,40707076164,2024-09-04 06-41-14,27.107.106.18,2647012,internet,94.144.54.85,-1490820217,-1939147868,16129,-79
huawei,81,226058875879199,40715895697,2024-09-04 06-42-26,181.80.211.118,-1401411430,ims,225.96.1.133,861744629,-1871967375,-7498,-77
huawei,33,226050867429703,40780191263,2024-09-04 06-44-50,136.64.192.162,81602978,internet,3.77.244.174,2146881936,-1104411957,-19586,23
huawei,115,226059961920500,40776415295,2024-09-04 06-43-29,17.117.8.82,-109971093,internet,140.110.23.175,-1097427178,-1155351656,-8174,108
huawei,5,226056289475290,40780740100,2024-09-04 06-41-11,106.107.164.133,-410455466,internet,204.234.65.193,1037620476,1979831273,-18049,-76
huawei,120,226051852703464,40777856228,2024-09-04 06-44-41,201.237.77.126,412050092,internet,249.232.43.5,748612437,1765639765,-25262,114
huawei,116,226059522932099,40710767932,2024-09-04 06-42-27,215.95.192.212,-949968203,ims,11.54.187.57,-1840996982,1001157306,6921,96
huawei,-113,226058388547775,40784211693,2024-09-04 06-44-28,200.183.0.122,1902794485,internet,253.7.88.80,1958100739,419839487,1009,21
huawei,78,226053692835421,40760780265,2024-09-04 06-42-49,170.247.120.165,526725422,internet,231.239.85.214,711757642,-1445828772,4020,-126
huawei,100,226052623785991,40759221212,2024-09-04 06-41-49,54.233.222.11,291309741,ims,211.96.43.74,-2031852253,-1769251545,11793,126
huawei,-43,226052935598796,40708150435,2024-09-04 06-43-55,203.209.1.133,-1605073390,ims,191.102.237.5,1260031438,1868498554,22716,-96
huawei,39,226050361678066,40713973151,2024-09-04 06-40-49,0.72.182.229,-394496155,internet,173.102.226.237,617711487,753339919,9273,16
huawei,-58,226057085230685,40773415579,2024-09-04 06-43-04,154.197.163.229,215518741,ims,202.90.26.191,-1678603911,-137510441,-1877,-28
huawei,114,226055692735945,40747561531,2024-09-04 06-41-32,173.45.53.199,-1112615794,ims,187.31.72.77,433831789,1487390477,-30859,8
huawei,-59,226051052771617,40788561549,2024-09-04 06-43-14,125.186.118.64,2029986563,ims,73.167.162.123,-1013024862,-550385607,4210,88
huawei,-89,226059218265225,40770897476,2024-09-04 06-40-44,244.101.33.98,-2085735030,internet,211.83.44.34,-1123777412,352936688,-2399,51
huawei,-64,226051255850151,40702460955,2024-09-04 06-42-02,23.154.253.179,-1114229948,ims,209.48.46.18,1155776222,-1034673665,-17493,-45
huawei,-60,226055929713484,40727541488,2024-09-04 06-44-21,184.144.93.173,634854640,ims,205.38.230.116,211045578,-103514453,26737,-82
huawei,47,226057557748674,40720206521,2024-09-04 06-40-41,41.96.9.4,-1245654389,ims,60.31.10.125,-471150242,186256380,-1920,-98
huawei,30,226053055777043,40798137754,2024-09-04 06-40-36,102.166.156.54,-1379861031,ims,163.76.165.155,432095319,783993256,-9010,-17
huawei,121,226059005064634,40796345862,2024-09-04 06-40-23,125.87.96.235,1256240049,internet,190.130.105.142,-625392363,-1449001831,5784,87
huawei,-16,226052112509011,40796629340,2024-09-04 06-41-15,81.233.83.87,-1155864777,internet,11.15.14.46,93193054,-1541106147,22825,-117
huawei,-100,226054145208267,40703717241,2024-09-04 06-43-04,137.223.176.177,1628424752,ims,23.139.64.203,1670049550,-2094626348,6146,-52
huawei,100,226053678198158,40762866023,2024-09-04 06-43-55,204.215.164.70,356386261,ims,121.38.112.28,-1322650995,1476620442,-32471,-12
huawei,19,226052702902870,40787840351,2024-09-04 06-40-20,24.174.98.56,-190976715,internet,145.195.46.0,1420733393,1518951324,-24999,107
huawei,100,226056755101314,40759040818,2024-09-04 06-44-33,94.99.199.52,-661387541,ims,77.84.164.98,-498843186,-1806145101,14887,98
huawei,-63,226055075960729,40755517920,2024-09-04 06-41-53,46.97.215.28,-734500474,internet,133.75.213.18,766421513,-888046850,-8284,-84
huawei,24,226055879371851,40772316290,2024-09-04 06-41-39,158.235.53.59,433352642,internet,84.41.226.72,-652983259,1779692521,-2933,-22
huawei,104,226050147290809,40763082333,2024-09-04 06-40-34,136.130.54.82,-1952204289,internet,117.197.95.69,-1631298422,-958117307,-26591,-93
huawei,72,226057773683681,40724650188,2024-09-04 06-44-33,124.213.88.131,25212485,internet,190.198.18.224,-64228136,278196773,-28083,-32
huawei,23,226050385822913,40724654403,2024-09-04 06-40-39,126.245.176.154,1516500241,ims,189.178.194.89,-1168601207,1200873680,-22129,65
huawei,80,226059809977959,40783825205,2024-09-04 06-42-03,208.92.137.23,1133086777,internet,128.190.162.58,659020526,1161653009,32466,-6
huawei,-103,226058861670315,40703218211,2024-09-04 06-40-19,98.177.102.157,979207568,internet,214.207.21.124,640685151,912095281,-17049,-72
huawei,-97,226056262449374,40720192641,2024-09-04 06-43-50,108.140.146.195,-2036602379,ims,170.204.114.240,1832877765,1182387740,-12589,-4
huawei,10,226052824137850,40745400217,2024-09-04 06-40-47,38.164.35.181,-1053425495,internet,92.146.200.119,1640569826,-347312762,29880,74
huawei,-82,226050865829264,40739626730,2024-09-04 06-43-58,59.21.124.133,-1678401064,ims,152.232.84.142,-1797147705,-699955918,-20593,-94
huawei,3,226056622981328,40716066342,2024-09-04 06-40-47,255.106.11.15,1572434544,ims,102.238.35.143,-1995461555,818139366,-26704,29
huawei,63,226051986041788,40732657274,2024-09-04 06-42-04,78.41.209.100,891202059,internet,248.255.24.150,1522464034,1975893640,12424,-76
huawei,2,226050952563742,40765792794,2024-09-04 06-44-19,53.71.200.201,723583854,ims,174.118.32.164,1773995181,-992141478,32352,-61
huawei,-61,226050489506402,40714551469,2024-09-04 06-43-49,213.23.185.241,-209590138,internet,185.84.121.240,-1719001944,14576396,27525,7
huawei,-5,226059258606201,40793450926,2024-09-04 06-44-25,168.237.204.229,2072430782,internet,243.150.69.52,1488650268,1008484237,6750,-104
huawei,-40,226056617007793,40738852438,2024-09-04 06-40-44,105.242.160.135,270107562,ims,1.82.237.189,-371165635,673409153,19937,-15
huawei,121,226052401818800,40717218927,2024-09-04 06-43-56,37.51.80.151,2076562170,ims,65.57.145.194,1005946563,-44923790,2703,-24
huawei,-32,226052908480621,40767718586,2024-09-04 06-44-32,27.37.75.150,-193326428,ims,193.23.191.82,-1758513660,-806593183,8705,-90
huawei,-7,226051971562620,40757858142,2024-09-04 06-43-03,181.206.242.242,-684457155,ims,81.92.134.229,-1167841304,-1505001018,-11830,-62
huawei,99,226059788228255,40799149997,2024-09-04 06-43-07,64.204.245.68,-615240860,internet,132.15.135.167,906798686,1974489040,32410,84
huawei,87,226052393395058,40793805572,2024-09-04 06-44-22,45.23.10.21,1381754442,ims,156.91.240.209,647282374,-557632338,3198,-95
huawei,-49,226050068648109,40784612161,2024-09-04 06-41-20,234.13.62.111,-1199724434,ims,47.83.212.16,-1433338098,1389593805,29785,-1
huawei,32,226054568176977,40772509362,2024-09-04 06-40-21,209.170.180.32,-761234026,ims,195.21.34.184,-2069551113,1358891482,12228,-87
huawei,15,226050900706882,40753176582,2024-09-04 06-43-43,46.185.65.182,-479834617,internet,66.128.240.171,-881687231,1770094138,10380,35
huawei,95,226056441031150,40724120695,2024-09-04 06-40-11,236.148.116.177,1889458732,internet,65.24.55.54,-48621044,-2115931848,-20398,111
huawei,-102,226053987817680,40711198382,2024-09-04 06-40-38,71.53.230.209,843918852,internet,240.112.104.141,-28828581,-51625079,-1449,-20
huawei,68,226052099189647,40756779494,2024-09-04 06-41-13,235.115.17.206,1523407975,internet,110.212.13.200,1348485736,-658982568,18629,-29
huawei,-21,226053999455078,40754653011,2024-09-04 06-42-24,130.63.67.55,743753748,internet,113.55.190.85,1679528254,-184821719,2101,-102
huawei,123,226054763564477,40730449483,2024-09-04 06-42-35,248.16.25.194,-508926223,ims,41.163.3.6,-2102883070,1508378659,-31454,58
huawei,-122,226050245900241,40733101332,2024-09-04 06-42-41,136.158.39.251,-1769782258,internet,68.157.160.5,283168629,1193262718,17422,40
huawei,114,226052408025816,40772935412,2024-09-04 06-41-29,94.249.69.94,-320444893,internet,102.209.240.46,-830846932,134384412,2116,-95
huawei,-105,226058481106449,40796182447,2024-09-04 06-40-14,218.253.101.53,994659073,ims,3.196.248.208,-1595719350,1183792278,29525,-46
huawei,75,226055578533887,40726572436,2024-09-04 06-41-15,61.131.6.109,547035441,ims,77.81.53.76,-2026582295,698701111,13287,-21
huawei,51,226055525723526,40789272651,2024-09-04 06-40-54,218.133.95.237,758751364,internet,146.102.140.215,986361632,1130266348,14982,-21
huawei,-67,226050740447572,40714514778,2024-09-04 06-40-36,185.91.228.21,514842867,internet,50.172.126.182,-400023155,1788739320,27289,-57
huawei,-5,226058991395785,40796677614,2024-09-04 06-41-00,225.150.68.215,1212629637,internet,242.43.203.216,-1886718865,2045639662,-7944,-12
huawei,-85,226059895360199,40736764434,2024-09-04 06-41-54,133.193.166.43,980521561,ims,140.240.126.253,-780191943,-1886186445,-1773,-28
huawei,-24,226053924262498,40770037262,2024-09-04 06-42-52,64.132.130.124,2127290622,internet,160.214.174.183,446243075,-1587907737,-10632,40
huawei,71,226050565143149,40709709079,2024-09-04 06-42-47,62.157.162.88,-1328068591,ims,236.205.246.82,1743938159,203306224,-29987,-109
huawei,8,226056105821030,40732427187,2024-09-04 06-43-39,64.44.195.212,-685780211,ims,3.187.114.32,1052411365,1009321530,6123,49
huawei,-28,226057461415488,40714722671,2024-09-04 06-40-58,21.78.156.53,-1983741177,ims,52.158.203.54,1020689391,1763116933,-17325,-34
huawei,89,226056675114335,40751446734,2024-09-04 06-42-16,65.2.181.14,1886999337,ims,199.253.56.47,-602907020,-545691444,-24055,3
huawei,-69,226051983353281,40739554570,2024-09-04 06-42-30,172.28.242.73,-192781852,ims,112.87.9.119,-1809075824,1245576249,-15046,24
huawei,54,226057773863348,40720526527,2024-09-04 06-40-46,118.219.124.138,-733356795,internet,250.72.88.60,-581883935,-1914041259,2898,-80
huawei,36,226053412769172,40720310707,2024-09-04 06-44-24,183.246.169.122,701415660,internet,100.93.220.30,-801880739,1043398427,-32602,92
huawei,-26,226054246663404,40711033651,2024-09-04 06-41-46,54.142.142.227,-1694823534,ims,103.165.221.175,-945466586,-1828567626,-2360,65
huawei,-16,226054177744923,40724627327,2024-09-04 06-41-21,118.156.181.93,132523198,internet,128.71.105.222,-651211828,-894225710,-22550,-94
huawei,-109,226059271430913,40735068919,2024-09-04 06-41-57,49.247.189.115,630329056,ims,45.126.162.218,-1740752710,-288857227,-29659,-52
huawei,-104,226055877414371,40792260502,2024-09-04 06-40-43,75.248.184.44,542425292,ims,195.58.51.26,516999555,2035811635,23655,74
huawei,-73,226053825124499,40786258107,2024-09-04 06-40-32,9.105.99.198,-865100042,internet,52.140.205.217,306495265,-124738691,5973,-22
huawei,56,226054580477696,40718730582,2024-09-04 06-41-16,226.138.216.244,-250027642,ims,230.184.211.224,794009449,-626869137,-14283,21
huawei,111,226055889000587,40753677489,2024-09-04 06-42-11,123.20.38.94,400029941,internet,34.189.254.126,1896849272,-506743454,4551,-114
huawei,75,226058245162915,40753843035,2024-09-04 06-42-56,239.187.35.142,-1062583765,internet,191.117.153.184,122391013,1416253335,-17434,123
huawei,96,226058346725916,40797773556,2024-09-04 06-40-55,24.166.190.242,-2096289910,internet,61.187.17.234,-609411558,-505582203,-17170,-2
huawei,-119,226057204359965,40795321537,2024-09-04 06-42-57,153.110.250.21,-455095384,ims,44.58.249.118,2128034120,2004093284,-20019,85
huawei,-55,226055310268525,40784269994,2024-09-04 06-40-31,238.65.79.247,-898721261,ims,130.106.71.192,2006051849,-1905004232,29751,-102
huawei,65,226057265755953,40789681001,2024-09-04 06-42-05,163.109.158.163,-623976757,ims,8.150.81.226,1873903219,-1183010872,15662,-116
huawei,-56,226057978400359,40737236475,2024-09-04 06-44-52,218.101.91.65,-1301500558,internet,117.143.239.235,1907223572,-1383072074,-15649,-82
huawei,49,226057683832222,40764712043,2024-09-04 06-44-53,92.146.154.38,267879841,internet,103.137.182.175,88025285,1689436408,-730,-30
huawei,-121,226056747040539,40735998914,2024-09-04 06-42-20,135.60.158.250,-1017504419,internet,71.22.185.240,1898634943,2069207067,4818,-14
huawei,81,226055559579240,40782014645,2024-09-04 06-41-32,208.254.167.231,710467180,internet,74.9.232.161,1720566234,128989776,2355,79
huawei,-93,226056145473630,40714099333,2024-09-04 06-40-25,236.19.128.38,1571271159,internet,131.3.68.16,-416424989,1688262761,21300,40
huawei,51,226056401714090,40751631645,2024-09-04 06-44-21,57.217.102.104,-1676850525,ims,46.163.24.36,-84821277,1370710348,-28466,-3
huawei,111,226057312123014,40733291765,2024-09-04 06-44-39,75.155.65.113,1562841334,internet,189.52.177.46,1870140301,1646145149,-16905,-109
huawei,114,226051824550091,40754124798,2024-09-04 06-42-43,155.136.154.251,-789398532,ims,59.169.13.24,492154547,-1603992700,29137,-21
huawei,-126,226056735437413,40700236098,2024-09-04 06-43-18,233.238.102.135,358064556,ims,74.222.25.241,435148959,897313218,-22683,-112
huawei,124,226053265983785,40729308950,2024-09-04 06-43-40,173.189.158.241,-458638568,internet,222.199.192.100,-991672260,-738704893,12541,-32
huawei,-16,226056367778362,40781428705,2024-09-04 06-44-22,127.105.25.166,-733852755,ims,110.195.228.45,1163151652,1776696001,-10548,3
huawei,103,226059901933405,40746864068,2024-09-04 06-40-50,239.109.39.106,1004695165,ims,42.143.122.86,-1038454538,-367369362,-13373,59
huawei,-13,226056521893019,40783112553,2024-09-04 06-42-14,17.134.193.49,960664182,internet,226.3.97.226,-952492505,2102905976,3047,-98
huawei,-31,226054311714652,40759292706,2024-09-04 06-41-55,198.110.238.123,2028933421,ims,110.116.150.31,1682666732,-971580947,-7818,-15
huawei,-125,226056460868661,40799419154,2024-09-04 06-40-20,148.205.224.7,277674563,ims,207.184.6.129,-5216079,-703948769,27404,-34
huawei,-22,226051306011693,40723666448,2024-09-04 06-41-40,131.209.217.145,817065425,internet,28.158.201.6,-376645517,255129699,23645,39
huawei,-53,226050707761530,40743903485,2024-09-04 06-43-43,229.37.124.248,388501622,internet,70.48.133.162,-1077320417,1139451346,15691,64
huawei,-4,226056114377349,40794944061,2024-09-04 06-42-24,57.144.102.169,-94861288,internet,181.103.13.210,1134051244,123986426,-30668,-77
huawei,12,226050550698671,40723481038,2024-09-04 06-42-54,207.234.174.18,-354022839,internet,15.56.214.35,1767139045,-1264633519,-31235,105
huawei,-92,226050155983765,40768351715,2024-09-04 06-41-14,162.40.251.131,1531840435,internet,197.72.73.106,318732011,1477463716,14840,38
huawei,82,226052393074230,40794049578,2024-09-04 06-41-04,45.43.229.53,1956145695,ims,219.79.116.173,619925123,-1715779559,-25030,-117
huawei,25,226053425052418,40705912982,2024-09-04 06-43-46,234.179.26.56,1075798516,ims,77.152.65.182,1664304743,-1274486964,-15233,-113
huawei,36,226052648227092,40708316893,2024-09-04 06-44-27,224.250.44.196,210478902,internet,180.162.120.88,1744713856,-495452512,6126,89
huawei,-96,226050268273830,40739073470,2024-09-04 06-41-07,200.45.120.22,1647894229,internet,81.79.130.134,-1282045077,-993736076,6606,-76
huawei,-60,226051094288164,40779377196,2024-09-04 06-42-43,113.111.128.67,-2078048388,internet,130.39.167.245,-147599689,-1722268612,2097,-106
huawei,-102,226057224128794,40750992412,2024-09-04 06-43-50,233.139.162.60,1993140612,internet,179.83.51.164,1986773352,1856501531,20457,-45
huawei,119,226053126278712,40786936083,2024-09-04 06-42-14,26.3.215.78,382714338,internet,118.181.137.131,-857478914,-575064113,9618,-70
huawei,37,226053771097942,40785134589,2024-09-04 06-41-06,62.122.159.23,-1196769668,internet,202.64.211.130,432888524,-444172523,-8848,57
huawei,-65,226052702628690,40768859655,2024-09-04 06-43-21,106.77.193.55,-1694819256,internet,231.202.82.9,1056050568,1145379103,-4351,106
huawei,-118,226053743423658,40722551507,2024-09-04 06-42-29,243.18.92.44,-2012275895,ims,9.169.73.41,-101539987,623630194,-14133,-127
huawei,-51,226056344365736,40717660198,2024-09-04 06-42-34,118.214.41.72,-34203143,internet,83.1.182.129,-690570922,-1924371308,-24812,89
huawei,-61,226053101349266,40751807573,2024-09-04 06-44-26,34.24.99.71,-1956821934,ims,234.160.199.155,-1190852593,62642085,-7613,16
huawei,-64,226059710993160,40714996207,2024-09-04 06-44-57,40.94.173.224,2032290829,ims,139.86.195.51,-2009031944,-429137820,-18767,27
huawei,-20,226056389996269,40749901314,2024-09-04 06-42-54,3.194.136.135,-1564160623,ims,238.153.144.76,1961000200,-1484319616,5994,28
huawei,-63,226059746134810,40764582558,2024-09-04 06-42-02,254.60.149.71,684360416,internet,31.173.60.233,1044123830,-375984878,-2288,-66
huawei,-43,226055780360432,40746003859,2024-09-04 06-43-32,108.116.55.130,-307882128,ims,240.8.132.134,748331624,-2098421361,2568,-1
huawei,81,226055316285677,40723745034,2024-09-04 06-41-51,117.82.59.153,1329979372,ims,164.191.217.176,-1905443228,2108272390,-24556,72
huawei,78,226056532911077,40796985451,2024-09-04 06-40-50,127.52.173.200,520591113,ims,47.178.139.53,716428464,294545186,27009,-124
huawei,19,226053081905098,40760086128,2024-09-04 06-41-24,67.232.248.98,-196234576,ims,204.59.225.253,1232937741,-42362677,-15631,25
huawei,-110,226057783776827,40753254575,2024-09-04 06-40-32,92.49.49.232,-680701939,internet,151.51.120.163,1929711332,152560403,-10908,-12
huawei,-85,226055282901685,40722099180,2024-09-04 06-40-57,94.162.23.253,-1194606672,ims,173.88.248.97,1077178340,-371952629,20021,-86
huawei,-67,226057584885069,40736596143,2024-09-04 06-40-58,163.27.31.111,-1368407606,internet,115.32.24.174,153259142,270404339,-12929,72
huawei,-97,226054660117465,40729882557,2024-09-04 06-40-43,181.220.106.174,-262975345,ims,167.207.177.2,-1945070804,-951058379,8281,7
huawei,-81,226055967025233,40700242383,2024-09-04 06-40-03,135.165.54.171,-1870734676,ims,129.161.95.159,-1556071218,-939574885,11762,-90
huawei,92,226053262531238,40794127071,2024-09-04 06-42-53,155.215.33.205,326398252,internet,96.36.161.67,1517804582,1405604587,7290,-120
huawei,-102,226059478731794,40796316832,2024-09-04 06-41-57,151.12.43.121,237581915,ims,252.222.145.51,537361161,-1162479586,-15942,-101
huawei,-30,226056846702619,40701183220,2024-09-04 06-43-45,152.233.69.35,-1090919173,internet,43.111.118.28,-704518881,-1782447303,26399,-90
huawei,88,226059642690693,40748171286,2024-09-04 06-41-43,162.120.225.140,-1598252278,ims,34.208.63.104,-2117338829,-1539258164,24623,-111
huawei,-24,226051115779779,40721198212,2024-09-04 06-41-18,151.3.159.232,-1386759226,ims,87.163.250.19,292635410,-185464045,-26358,46
huawei,-46,226050133867813,40768607635,2024-09-04 06-43-20,88.64.60.46,416335631,internet,23.103.173.9,1709846068,-1256745763,29520,3
huawei,48,226050021790443,40725122469,2024-09-04 06-42-53,82.243.29.219,17481996,internet,139.49.115.50,-1975435699,-1704685001,9176,25
huawei,6,226059860204828,40776933300,2024-09-04 06-43-28,173.114.151.119,-1064821380,ims,137.133.153.60,796780890,-1522316335,18378,102
huawei,6,226050435699047,40779147624,2024-09-04 06-44-00,215.104.218.143,-511591410,internet,205.89.156.34,2037024046,-495222233,-19698,-48
huawei,100,226051412491078,40713075963,2024-09-04 06-43-29,56.157.185.39,-839433786,ims,210.78.221.30,1941208360,659940176,29745,-33
huawei,-44,226058810980396,40794125353,2024-09-04 06-40-21,44.150.93.132,-708630070,ims,109.94.204.194,-1336406607,-525207277,31990,39
huawei,50,226052330791107,40770282108,2024-09-04 06-44-20,202.99.212.215,-1127771924,ims,205.96.77.146,241813752,914279807,12482,35
huawei,76,226053419291099,40744907741,2024-09-04 06-42-39,225.108.218.211,486462754,internet,216.224.157.169,-1031362585,1508579879,-18261,-17
huawei,101,226057342936752,40776662964,2024-09-04 06-43-28,162.130.62.152,-480927943,internet,107.85.30.141,-1661666878,-622891810,-16248,-35
huawei,84,226059505085403,40761221472,2024-09-04 06-40-27,4.108.240.196,-2043450840,ims,133.30.35.196,1735777074,-1827845761,-13592,-84
huawei,62,226058842086585,40751722896,2024-09-04 06-42-56,87.80.136.112,801379176,ims,116.24.69.247,2075934436,-103122963,32087,83
huawei,55,226054844839215,40768762075,2024-09-04 06-43-59,49.213.86.57,1713085505,ims,5.57.92.93,-649701647,-1651800379,1060,-67
huawei,-16,226054021342995,40700813971,2024-09-04 06-41-04,67.221.70.159,2007086970,internet,45.155.166.57,-532866142,1730344418,4586,-86
huawei,107,226052835638787,40772896366,2024-09-04 06-44-47,52.249.22.9,1229404644,internet,4.119.106.34,-78255700,-1550512118,-9974,115
huawei,127,226052436140825,40794126645,2024-09-04 06-40-48,137.173.236.134,-682324440,internet,75.53.237.64,-857176178,-158642839,-21478,57
huawei,-8,226058299303608,40769288234,2024-09-04 06-43-05,2.148.72.187,-1838970842,ims,207.60.199.138,1539995269,702915948,-10535,119
huawei,-117,226051500264996,40749489210,2024-09-04 06-41-08,128.211.24.91,189081178,internet,169.81.133.8,822718031,-56808372,-11027,-95
huawei,-11,226052871196638,40798453914,2024-09-04 06-43-25,238.251.107.176,-1977970295,ims,2.202.135.42,-243253238,569066593,-18940,50
huawei,-60,226053959039434,40737537547,2024-09-04 06-40-11,20.146.168.3,1103546885,internet,46.108.34.53,-1183046313,-775479796,1931,-45
huawei,118,226050228356724,40744863219,2024-09-04 06-43-37,243.215.133.170,324202858,ims,177.200.162.94,43617570,-315333041,11589,-103
huawei,-109,226050072834611,40768729442,2024-09-04 06-41-57,193.182.118.219,1496078180,ims,48.54.84.28,-1617537972,-1882407931,30354,116
huawei,-87,226054115167573,40774409612,2024-09-04 06-43-39,157.61.18.3,-64760653,internet,194.242.8.184,2050671923,-1113288104,-4696,104
huawei,-52,226053910585574,40754694545,2024-09-04 06-43-07,202.251.171.228,258084382,internet,40.162.134.99,-1804213048,1596610453,-9287,6
huawei,67,226051988040698,40707326288,2024-09-04 06-44-04,226.115.7.223,1462598894,internet,179.113.118.99,-1739472614,-1397459427,1175,-1
huawei,59,226051401664967,40738168844,2024-09-04 06-43-28,186.245.127.107,1601690615,internet,137.208.63.42,-2115667549,400419253,4371,-85
huawei,-117,226052235815200,40707907117,2024-09-04 06-42-51,52.120.191.233,1024850478,internet,68.182.214.212,1360884342,-803630104,-13783,-88
huawei,-82,226054715415014,40705078718,2024-09-04 06-40-14,228.250.231.185,1935687255,ims,184.203.2.149,1582904608,-516867383,17432,23
huawei,106,226059210738150,40741740420,2024-09-04 06-40-48,155.215.222.10,-294134118,internet,153.4.201.97,-643844063,1879745995,-16307,-13
huawei,59,226054410400363,40798871056,2024-09-04 06-41-42,22.136.141.100,-1586738712,ims,28.46.180.4,56026840,1094689302,-3550,81
huawei,-4,226056329315888,40768275216,2024-09-04 06-41-51,166.146.41.19,2025908057,ims,9.196.54.128,1369997894,1111445147,-13387,-76
huawei,24,226056661567637,40706112649,2024-09-04 06-43-25,20.194.72.27,-1782090446,ims,92.155.26.185,1982462150,-1114027939,-15405,-99
huawei,48,226053985156171,40796971700,2024-09-04 06-41-47,248.107.238.215,-1262020858,ims,96.254.83.83,946235571,1244736708,32676,114
huawei,27,226056738479028,40752497277,2024-09-04 06-41-01,151.99.102.98,1147110381,ims,225.74.120.187,755169397,722783487,22723,109
huawei,26,226056949624582,40791573875,2024-09-04 06-42-05,109.213.181.56,1118232147,ims,161.1.245.83,-731764778,808420050,9744,-5
huawei,-88,226059510242841,40717129030,2024-09-04 06-42-50,180.102.201.26,96258865,internet,125.82.107.52,1708181687,1418251460,8760,47
huawei,-28,226058365980899,40775087971,2024-09-04 06-40-54,161.143.110.84,1121149621,internet,113.192.79.75,974709673,-1806076592,29597,0
huawei,69,226050790297266,40751012522,2024-09-04 06-42-42,159.236.242.205,1397897096,internet,45.160.91.70,959302218,-1443844399,-16015,-13
huawei,125,226054982950948,40775082136,2024-09-04 06-44-09,18.219.119.20,-1416809858,internet,30.201.164.72,-1806504200,828946209,-30735,85
huawei,-50,226056626373005,40781625994,2024-09-04 06-42-40,7.88.77.82,-2114314788,internet,140.20.202.217,178997544,-32615719,-11290,-17
huawei,-19,226051099089365,40745215379,2024-09-04 06-44-04,26.104.159.125,1628657772,internet,245.143.123.91,668426363,-1094537430,3844,68
huawei,41,226056851695412,40789756439,2024-09-04 06-43-40,235.26.184.216,419252382,internet,175.90.248.148,-1222476702,-973520769,-3216,78
huawei,-10,226057284944677,40711491325,2024-09-04 06-41-33,194.79.178.146,1072487457,internet,206.28.219.12,-1358125761,-615668497,-4989,114
huawei,-90,226056943531088,40702034693,2024-09-04 06-41-47,76.114.142.81,173736270,ims,214.60.17.72,1900945348,-1761916963,-12562,52
huawei,74,226057249520135,40797823661,2024-09-04 06-42-36,72.243.11.128,371286292,internet,23.57.100.67,1336455789,-906386304,9421,-1
huawei,118,226058006496781,40711065674,2024-09-04 06-40-32,82.1.127.204,-1164284685,ims,216.193.66.169,1038384090,-135641224,-1083,108
huawei,29,226052933383298,40736517962,2024-09-04 06-42-41,3.25.171.94,1964021201,ims,57.164.89.100,398429716,1394554652,-21249,96
huawei,95,226054947217212,40759609946,2024-09-04 06-40-06,102.92.251.251,-1972118978,internet,47.113.16.6,1025163900,411073248,-32490,-26
huawei,-113,226052324394202,40721768053,2024-09-04 06-42-24,170.124.101.7,-907857,internet,53.127.236.234,-1824658272,356433327,20513,20
huawei,1,226059028016693,40769632399,2024-09-04 06-44-15,15.222.78.183,151644304,internet,141.78.96.234,536179658,-54450389,-18332,113
huawei,57,226052966143703,40791205670,2024-09-04 06-41-12,80.216.80.69,-1979731008,ims,99.138.129.9,240935230,1658292549,17662,-25
huawei,-29,226053274836621,40782768038,2024-09-04 06-44-50,121.243.232.243,383790652,ims,106.5.208.141,1730557844,1086038215,17101,108
huawei,-19,226059025889335,40768963870,2024-09-04 06-40-14,96.50.6.176,1340028473,ims,229.216.240.65,1800090823,334499393,-16715,-60
huawei,122,226057157111893,40756197249,2024-09-04 06-40-43,107.61.224.1,829895595,ims,98.42.2.247,-2072439239,-847575475,-21382,-79
huawei,-99,226051419982880,40754977712,2024-09-04 06-42-22,96.89.63.58,-1756115722,ims,144.122.63.81,-495994827,-1055315362,-3038,-69
huawei,11,226059276356619,40751992035,2024-09-04 06-43-16,203.119.240.159,-1680911767,internet,52.22.152.139,540112033,-2130395096,-18898,-39
huawei,-11,226051252747142,40754676256,2024-09-04 06-41-16,1.143.159.210,-437642682,ims,91.158.169.112,-204748765,1244771362,2781,111
huawei,-115,226051212334909,40739767262,2024-09-04 06-41-43,88.199.65.159,-1964197901,ims,89.63.139.228,1259767197,-727048423,2152,122
huawei,71,226054676922144,40794011306,2024-09-04 06-41-13,141.28.143.171,-2111967882,internet,23.71.96.149,1387457632,-1347215292,748,-42
huawei,-64,226055656002993,40780275957,2024-09-04 06-44-57,243.56.78.248,-513997880,ims,60.249.53.164,1200306056,-735353843,21347,-66
huawei,3,226053507579146,40728705707,2024-09-04 06-40-49,186.172.254.161,132071990,internet,208.253.155.239,-1134738786,-50185024,17360,12
huawei,89,226055205601238,40725279256,2024-09-04 06-41-52,176.75.48.229,-1913587660,ims,106.35.54.181,669669507,1219833947,-8420,-100
huawei,46,226056258651521,40725388668,2024-09-04 06-42-16,2.41.68.47,-1173827785,internet,255.108.231.27,-1388574476,2113615379,22846,8
huawei,77,226058315406328,40711106736,2024-09-04 06-42-55,77.237.245.65,932328912,internet,54.164.34.1,-1102087809,-1745811412,24433,119
huawei,-106,226059070598726,40722323946,2024-09-04 06-40-27,42.18.238.195,-2075867903,ims,179.214.196.0,-1702465018,-45542241,-5232,79
huawei,-3,226050867674327,40708758357,2024-09-04 06-42-25,189.194.110.185,2004728367,ims,50.73.188.149,2085166038,587539651,-22134,105
huawei,75,226054389536584,40776947653,2024-09-04 06-42-47,251.247.204.29,-864199017,ims,233.243.61.235,580642325,1242159088,8427,-58
huawei,-55,226055616937052,40713543292,2024-09-04 06-42-35,146.90.137.14,-89250465,ims,23.253.223.103,199220723,1404260356,-11606,-94
huawei,-97,226052919513989,40720267954,2024-09-04 06-42-31,164.137.150.94,668701879,ims,11.105.160.138,-505741418,-296178999,-6327,-37
huawei,88,226055963952615,40746495611,2024-09-04 06-41-52,122.248.132.255,-1532913928,internet,66.62.188.244,1110967435,605605918,-1408,48
huawei,73,226057258092509,40761162297,2024-09-04 06-40-45,203.221.170.91,-1500240277,ims,182.151.232.32,642283793,358598761,-6877,-28
huawei,-98,226056776167483,40705414860,2024-09-04 06-42-04,210.86.77.196,197211984,ims,178.41.89.28,-2082905550,1744125072,-16653,122
huawei,13,226056425449931,40743217054,2024-09-04 06-44-59,135.95.255.42,1561829944,ims,221.5.100.15,854246754,-826278069,16762,-84
huawei,-92,226055404485836,40799597712,2024-09-04 06-44-59,133.112.84.86,-1049944836,ims,246.26.161.200,1948466972,-1380054439,4557,126
huawei,-95,226057010881052,40799243988,2024-09-04 06-44-59,82.49.145.180,-994982780,ims,189.49.110.27,1480116893,-168017723,-17218,-21
huawei,-79,226051580422216,40798220587,2024-09-04 06-42-02,33.134.9.84,1375590928,internet,69.135.188.243,1515843921,-180007293,31511,70
huawei,-90,226050241461004,40709720678,2024-09-04 06-41-15,67.91.248.26,-69941996,ims,241.138.99.106,1472591696,-524705338,23247,-65
huawei,-119,226052015835221,40798966395,2024-09-04 06-40-21,161.200.85.9,-1661222423,ims,216.130.1.249,-738054886,-1762544302,31711,-126
huawei,-23,226055240329218,40781663697,2024-09-04 06-43-23,89.151.33.143,-857215015,internet,10.11.60.246,-1369481167,-1067704668,3780,51
huawei,-46,226052520170627,40709749977,2024-09-04 06-43-50,34.16.95.114,610792849,ims,20.171.21.175,311776768,-1974646973,18402,-100
huawei,0,226050290425534,40749656609,2024-09-04 06-44-14,249.91.157.227,-910597831,ims,158.137.211.149,1994499575,295950871,-7089,70
huawei,114,226051259606895,40783263050,2024-09-04 06-41-01,24.90.131.123,874747761,internet,130.81.226.105,-1378964153,1631580194,13088,-80
huawei,37,226057664987546,40718051307,2024-09-04 06-43-19,4.242.21.78,-914833684,internet,204.206.6.183,-870796200,731907974,-10822,-63
huawei,32,226054552275572,40787924802,2024-09-04 06-41-42,154.182.30.72,966775420,ims,62.137.253.116,688455874,1797009710,-4042,63
huawei,-78,226058579219016,40796059159,2024-09-04 06-43-13,169.152.58.228,2071763551,ims,103.117.240.131,795332,938896992,31378,-60
huawei,-118,226058576390784,40707212966,2024-09-04 06-44-11,32.70.165.9,1535154164,ims,215.237.181.54,592469016,315519584,-30851,25
huawei,-73,226050908267232,40739355989,2024-09-04 06-42-10,112.18.11.223,462738528,internet,224.240.19.177,776888427,-418097165,10670,-85
huawei,88,226053653109824,40704734906,2024-09-04 06-40-22,226.143.204.21,1673528713,internet,47.175.222.156,1901402807,-843697753,-24245,91
huawei,38,226051623141714,40762250601,2024-09-04 06-41-25,9.161.147.83,-1408240232,internet,161.160.34.17,-956335912,1820142608,5612,-8
huawei,-21,226053671317393,40713985604,2024-09-04 06-40-05,196.161.115.119,398292028,internet,159.127.231.110,838287932,406941790,-26212,-83
huawei,107,226057634167434,40731916663,2024-09-04 06-43-07,198.228.14.3,-605208277,ims,89.193.105.75,-1704007945,1406519992,-16389,-1
huawei,-108,226059122075492,40777128819,2024-09-04 06-43-23,250.240.70.123,1572501177,ims,219.161.251.128,1910136042,1704502668,-7610,53
huawei,16,226059292372883,40796027396,2024-09-04 06-42-29,112.168.49.22,-805459803,internet,83.166.179.95,-567361103,-1098129079,-7256,11
huawei,-103,226057906474239,40781657653,2024-09-04 06-41-04,156.244.8.20,-980089035,internet,251.119.106.38,1062453990,2007307604,-13331,-41
huawei,86,226056512758876,40759154894,2024-09-04 06-43-45,245.72.152.75,963040086,ims,191.134.232.116,530018325,-1695997482,20574,127
huawei,-91,226054737666636,40731587114,2024-09-04 06-41-16,254.188.95.178,-1639970599,internet,40.121.197.77,-1660684564,1400872499,-19549,-20
huawei,-13,226052758224861,40721231736,2024-09-04 06-44-04,140.232.83.168,913480483,ims,34.250.250.200,197513729,-1213200330,-11426,-62
huawei,16,226050091869655,40783563939,2024-09-04 06-41-14,190.128.90.1,-6740010,internet,27.23.198.181,1486687603,1263257013,14605,-118
huawei,-97,226056261851252,40728298123,2024-09-04 06-43-45,205.21.224.226,-5603004,ims,22.106.202.151,1532495061,1704825798,-641,113
huawei,37,226057195554514,40744564859,2024-09-04 06-42-21,95.188.209.161,-546634318,ims,29.113.92.132,-1731415878,-23157897,-25585,67
huawei,-126,226055021902487,40702620449,2024-09-04 06-42-35,143.56.250.98,812712859,ims,87.191.232.59,1147495181,1454321503,17552,86
huawei,62,226053698901523,40733261782,2024-09-04 06-43-57,120.141.176.70,-1912697657,ims,70.104.160.250,1502029685,-1377652940,13452,127
huawei,-58,226057842208997,40787717592,2024-09-04 06-43-00,4.247.88.85,-1627796355,ims,34.94.251.193,1292759318,1219133890,18601,38
huawei,-103,226056910989334,40759472711,2024-09-04 06-43-46,33.71.219.9,-1139020369,internet,171.218.82.95,268708511,-200570480,-9035,39
huawei,-41,226051213002292,40744545674,2024-09-04 06-44-53,132.154.124.85,-917340885,internet,146.11.188.41,-407328878,155632440,-1260,70
huawei,42,226053276081226,40751967296,2024-09-04 06-41-36,193.228.93.133,1086281360,ims,135.46.182.110,-1069760073,1609705113,27961,-21
huawei,-16,226054653006767,40750262999,2024-09-04 06-40-34,203.226.31.164,930759261,ims,115.232.175.232,-394947260,-376985214,14810,-100
huawei,51,226054603237641,40746195019,2024-09-04 06-40-52,239.228.175.71,1090239565,internet,101.184.104.62,-1798535200,-1664149996,23035,87
huawei,56,226057762025805,40750381268,2024-09-04 06-43-55,78.120.166.159,1192399851,ims,147.100.134.199,237129165,1763696128,-14445,6
huawei,46,226054755596286,40763625025,2024-09-04 06-42-23,26.242.86.129,819505157,ims,76.164.35.253,1675899488,1452133814,-6044,10
huawei,0,226056354362210,40732800693,2024-09-04 06-44-23,234.50.183.132,270660877,internet,207.247.136.255,814885476,-2038094342,-2126,-121
huawei,-77,226052835898247,40798836822,2024-09-04 06-44-43,103.98.135.200,-1607206140,internet,170.47.50.37,-1849996992,1556933189,30143,126
huawei,80,226057500060209,40731357862,2024-09-04 06-41-15,202.152.71.145,-962293906,ims,147.119.14.24,-1804670163,1621238757,-28340,-6
huawei,65,226057665463855,40789094396,2024-09-04 06-40-52,34.236.48.195,2000311359,internet,79.177.97.148,-1956126967,-1829503437,-29697,15
huawei,52,226057136430986,40759942662,2024-09-04 06-42-31,96.133.13.119,-1738089059,internet,31.192.145.221,-911757321,2135301549,20478,-121
huawei,4,226058864842738,40736673616,2024-09-04 06-41-29,223.192.89.88,-389439333,internet,160.99.51.208,29604924,932341392,-31475,55
huawei,-123,226059669745905,40777187144,2024-09-04 06-41-14,178.84.114.17,1402894244,internet,154.244.22.129,609356946,-125497812,-14113,-25
huawei,-31,226057835158900,40701082862,2024-09-04 06-44-21,26.125.247.169,-2054302884,ims,134.26.86.60,-421193674,237032123,5515,-81
huawei,123,226058390288306,40796746180,2024-09-04 06-42-11,184.159.18.236,-841567365,internet,111.217.44.58,-672559157,-1808778613,-10963,93
huawei,36,226053180322621,40784378812,2024-09-04 06-42-08,177.66.38.98,-1131541851,internet,187.179.179.69,67928348,-1602815370,-25650,-4
huawei,107,226053189073279,40798700237,2024-09-04 06-43-35,156.170.57.230,95880522,ims,35.80.153.57,1225742492,119914196,14255,126
huawei,-50,226054267460568,40742520613,2024-09-04 06-43-08,69.62.205.207,876802454,ims,114.228.253.180,1341684709,-1511212051,-21520,-66
huawei,-87,226052162583464,40733131063,2024-09-04 06-44-38,100.31.213.105,-1537980958,ims,117.161.217.251,-1488670829,2085258748,10904,-46
huawei,46,226053519694465,40750036992,2024-09-04 06-44-02,117.143.62.46,924162584,internet,40.176.92.27,-1825415609,-906805870,5923,-26
huawei,-65,226050116397118,40726991016,2024-09-04 06-41-09,114.4.40.53,24410216,internet,92.41.208.226,968670380,-1519690521,-15458,92
huawei,-81,226059997174483,40768864198,2024-09-04 06-40-51,240.189.5.32,-998249055,ims,7.120.104.254,-1645413035,-1730268872,-10647,126
huawei,2,226054398696736,40755391738,2024-09-04 06-43-06,143.232.76.85,-1647667055,ims,156.83.136.187,1549952533,-392392617,-28388,-3
huawei,119,226057640583498,40750173819,2024-09-04 06-41-02,62.24.12.168,-1440148799,internet,69.250.252.244,658601107,-1508697900,-24085,67
huawei,24,226059249184690,40738032424,2024-09-04 06-44-26,24.205.119.184,-915208263,ims,101.198.245.145,506916885,923803999,8136,-51
huawei,-71,226052614106972,40786337043,2024-09-04 06-43-45,22.17.232.8,-1214624641,internet,151.168.26.149,1714349390,-236844455,23454,105
huawei,4,226059834564828,40759530321,2024-09-04 06-40-45,182.87.93.72,-616853251,ims,80.249.44.166,1846055716,983704767,-12781,-68
huawei,7,226058017004412,40703833464,2024-09-04 06-42-31,215.124.211.252,-266597139,internet,94.157.155.206,790015546,-47216101,10116,-38
huawei,32,226056079406886,40764227407,2024-09-04 06-43-11,7.65.95.55,593551581,ims,79.118.114.9,-1434259273,627458506,-29028,103
huawei,22,226053460010395,40732343810,2024-09-04 06-43-19,203.207.9.178,468263602,internet,198.154.176.92,-141375730,-1214741293,-9649,-81
huawei,-89,226050309994502,40781258900,2024-09-04 06-40-36,37.86.66.37,-403643827,ims,83.16.172.25,1000246567,-1526447065,17937,38
huawei,117,226050139348868,40727234709,2024-09-04 06-42-42,96.25.26.56,172764500,ims,51.195.168.119,-325732960,-167048167,-6625,87
huawei,-84,226050408909498,40775617302,2024-09-04 06-42-09,227.145.243.7,-16411876,ims,118.76.163.72,-2040310965,-1795090801,14338,-96
huawei,-58,226057820093123,40754514493,2024-09-04 06-44-05,18.99.18.170,-837317051,ims,170.104.2.76,-2120844442,-542968919,2545,-123
huawei,-43,226059290791552,40726905468,2024-09-04 06-40-24,238.68.247.247,-218305686,internet,200.40.79.245,271157745,-1431700891,25539,80
huawei,-69,226052726865899,40770345231,2024-09-04 06-44-30,161.36.156.88,-888732667,ims,209.53.139.85,1889990836,711414827,-20540,-18
huawei,-44,226051726983714,40715042339,2024-09-04 06-43-01,115.219.137.175,804063106,internet,112.77.226.5,-569779278,250985348,29580,76
huawei,25,226053772078256,40764585926,2024-09-04 06-43-27,247.200.154.42,2021874846,ims,44.141.163.75,2134483292,-1641019396,-21696,102
huawei,-32,226054803879188,40780055397,2024-09-04 06-40-14,141.82.134.227,902397011,ims,70.184.77.39,-80214978,458663560,-23901,85
huawei,80,226056825925373,40717145072,2024-09-04 06-43-54,227.4.109.32,-718181024,ims,148.152.186.208,-811009363,-644619225,9397,24
huawei,126,226057919368234,40760148606,2024-09-04 06-40-54,152.117.110.183,2147366616,ims,189.162.195.39,-1443563356,1619204928,-25341,43
huawei,-45,226054998985328,40706083426,2024-09-04 06-43-15,161.156.133.206,220917802,ims,161.99.114.232,-306849923,-450755105,-27188,-21
huawei,62,226051271061004,40743114758,2024-09-04 06-40-23,5.69.142.129,-307713743,internet,3.146.68.156,-1328209778,1654293803,25199,-64
huawei,69,226053262885541,40760595618,2024-09-04 06-41-04,126.176.243.171,1175448147,internet,166.133.50.46,1618562139,-1265697463,14848,-106
huawei,52,226054718097070,40766409969,2024-09-04 06-44-32,79.181.60.22,-1529701162,internet,158.249.224.29,-2020518074,68548284,14474,-89
huawei,-45,226058849240640,40743001654,2024-09-04 06-40-36,181.175.113.241,797150053,internet,112.52.93.3,-702104788,-2109171581,27710,-17
huawei,-123,226054870256373,40721151245,2024-09-04 06-40-31,25.235.156.89,927049609,internet,207.128.237.35,-963394300,-663647391,-17280,123
huawei,4,226059583489118,40793045602,2024-09-04 06-40-13,249.43.42.150,10464221,ims,68.60.35.73,-1195102119,-1212437486,5053,114
huawei,93,226057921133271,40719202385,2024-09-04 06-44-34,156.70.150.208,-306529331,ims,99.155.52.146,604086833,1810410206,-174,-124
huawei,-53,226051311712250,40760990012,2024-09-04 06-44-43,179.31.214.91,-691119773,ims,207.200.52.71,-1023242896,-1221733905,-12859,21
huawei,-46,226052318983114,40763095749,2024-09-04 06-41-18,132.56.85.225,193938082,ims,71.190.53.147,1997291776,1152669796,14275,84
huawei,68,226052738458603,40732272378,2024-09-04 06-44-40,189.63.77.211,-1137762733,ims,111.96.42.77,-502957326,115264849,-7117,93
huawei,42,226055337002124,40770737306,2024-09-04 06-44-03,95.172.18.137,1181906467,internet,30.74.134.188,232071700,739943482,-8577,85
huawei,-66,226053727456282,40780155862,2024-09-04 06-42-00,63.197.80.61,31033042,internet,73.23.107.224,-100449512,2084390482,-5904,127
huawei,95,226058470905196,40766098328,2024-09-04 06-42-37,89.44.171.246,1918295556,internet,73.42.170.106,-643254578,-1441924593,-30301,118
huawei,117,226053205124344,40711191202,2024-09-04 06-43-31,132.162.168.92,103160695,internet,212.115.72.167,1140108166,494039633,-1897,-25
huawei,5,226056560968997,40700917922,2024-09-04 06-40-41,238.190.38.158,1721562213,ims,240.177.94.114,-796181974,2026354378,25591,125
huawei,-33,226057614517789,40703160953,2024-09-04 06-42-37,109.73.76.237,1516977820,ims,85.134.114.250,-1912122791,137117067,-22657,-20
huawei,108,226058412466187,40760485472,2024-09-04 06-42-45,245.160.226.216,-1019076846,internet,226.179.171.67,-315443987,-1543818738,-21212,-103
huawei,40,226050868039528,40722122449,2024-09-04 06-42-04,41.79.144.252,-401795829,internet,193.18.228.71,619980272,-1755825883,-26020,-125
huawei,61,226057602167391,40713847227,2024-09-04 06-40-42,225.1.47.43,-872247364,ims,200.18.209.179,1978226109,1532238824,-19838,-56
huawei,71,226058762307250,40742394503,2024-09-04 06-43-34,172.243.137.115,-1902885716,internet,178.183.52.87,-921910190,-242107317,29226,-43
huawei,27,226052069471394,40792768923,2024-09-04 06-42-13,200.145.119.100,884739688,ims,94.116.9.39,-2101938430,1295693624,-27868,-65
huawei,-12,226058517529664,40742203669,2024-09-04 06-42-35,227.14.160.10,-1675123522,internet,125.59.197.159,1066133315,-1031038111,-4230,19
huawei,101,226050698487136,40732808512,2024-09-04 06-42-12,226.14.24.214,1184792127,internet,219.242.244.117,955337337,-1040767066,-17060,66
huawei,88,226058982996917,40722040774,2024-09-04 06-43-30,153.70.119.1,-1314864975,ims,55.9.214.55,-1332697253,550484302,22257,-3
huawei,80,226055157698239,40711743159,2024-09-04 06-42-30,153.214.67.239,-578838880,internet,15.164.65.239,105929269,2066906831,16063,-94
huawei,85,226059635089198,40750555741,2024-09-04 06-42-02,186.99.183.4,1865600251,internet,143.55.193.140,-1047013475,-877390913,-12156,-98
huawei,-106,226053444291600,40788112124,2024-09-04 06-43-36,138.149.14.87,-1131614173,ims,6.150.99.66,-117014417,1455870584,-12920,104
huawei,60,226052768675350,40761172252,2024-09-04 06-44-07,166.223.236.219,-500153866,ims,26.248.37.35,159433576,-447169707,-15439,42
huawei,81,226050937353168,40736288301,2024-09-04 06-42-25,45.229.124.107,-75525119,internet,106.38.123.27,-703921058,19670015,-12990,-87
huawei,-27,226055326564769,40783020123,2024-09-04 06-40-57,79.177.30.11,-710274865,internet,99.131.188.187,-499306641,1246812682,818,-103
huawei,-12,226059673686197,40778623245,2024-09-04 06-43-11,55.58.130.140,-144146452,internet,18.34.62.211,438956904,-74073946,32514,97
huawei,-4,226054552875929,40784120783,2024-09-04 06-40-32,104.128.25.178,-337852229,ims,44.91.31.56,-699451447,-181070019,5362,67
huawei,115,226055877768990,40735849102,2024-09-04 06-43-10,234.4.53.219,2096511088,ims,44.38.64.179,755717465,-1158742216,-26693,33
huawei,-92,226059786546698,40708685498,2024-09-04 06-44-11,88.118.66.155,-123863414,ims,188.220.164.226,-1073555185,-829176340,-26360,30
huawei,-74,226059598618446,40746700229,2024-09-04 06-44-59,234.242.132.42,-338395196,internet,174.26.228.93,819740873,-1750866123,18757,75
huawei,-35,226053484147181,40748177740,2024-09-04 06-44-05,180.173.71.43,1343718115,ims,166.18.49.249,-1357944036,1713780042,-23195,-42
huawei,-82,226052513115703,40766808050,2024-09-04 06-43-18,61.56.10.178,48995384,internet,129.79.212.184,1089596296,293619060,-6957,-70
huawei,-14,226058487008941,40715091133,2024-09-04 06-43-48,118.110.96.47,1426353310,internet,9.141.136.216,985468468,1602154774,24736,-14
huawei,105,226054613920747,40794480427,2024-09-04 06-44-44,242.76.105.206,-286914797,ims,76.66.89.137,-1858495840,-700919991,-28234,-105
huawei,29,226059038940691,40773881273,2024-09-04 06-43-42,119.128.162.139,-523207943,ims,183.50.174.107,-626528674,1880955636,-25461,-111
huawei,-101,226056485163700,40716318763,2024-09-04 06-41-44,249.157.32.144,1205454958,ims,114.188.48.231,-895302553,-127931026,14771,80
huawei,119,226052401261840,40760992912,2024-09-04 06-41-39,77.238.162.80,259866231,ims,131.67.170.205,-669055761,1963759959,20275,58
huawei,-48,226052814601498,40734769801,2024-09-04 06-40-53,132.111.103.199,1290813805,ims,149.239.236.186,-873013808,1307378467,4481,-35
huawei,34,226050196237073,40792560064,2024-09-04 06-42-25,151.161.9.83,-1458619483,ims,45.3.27.48,430179779,1678287832,-20616,99
huawei,81,226051450368468,40728763468,2024-09-04 06-42-14,28.110.105.101,535119582,internet,188.19.124.100,395900236,403478232,21606,64
huawei,8,226054075111340,40728550416,2024-09-04 06-42-03,255.52.62.56,-496972265,ims,212.20.101.95,-532791447,339378782,30616,-107
huawei,31,226057671050534,40768622827,2024-09-04 06-41-12,179.99.68.99,1821294878,ims,249.13.126.35,2103105685,-162200451,29158,110
huawei,5,226052894497313,40738406258,2024-09-04 06-41-47,240.21.244.40,-821463333,internet,148.178.236.5,158660486,1999884344,-14578,-110
huawei,-32,226054777619806,40726566803,2024-09-04 06-43-31,27.74.99.100,2015759342,ims,47.138.109.116,170345962,-1981518725,-12565,-87
huawei,10,226053990994749,40791210485,2024-09-04 06-44-44,55.81.248.222,-577531788,ims,187.183.32.90,-866698808,-2039269546,-17152,-32
huawei,-125,226058688958429,40717608904,2024-09-04 06-43-03,229.233.121.186,1891416389,internet,105.86.132.67,1722516952,503610071,-10429,44
huawei,-56,226050037139972,40743161243,2024-09-04 06-43-05,227.135.32.178,-985376915,ims,185.39.105.44,1729282196,497568111,25294,-125
huawei,-15,226051581179403,40732089839,2024-09-04 06-40-46,71.126.216.209,-1600961238,ims,134.114.74.158,-659735116,275251799,25325,110
huawei,89,226055243776656,40743820603,2024-09-04 06-43-33,116.255.107.7,50379332,ims,161.90.98.133,521529063,-1126397545,-13870,32
huawei,54,226057931404448,40745387998,2024-09-04 06-44-25,233.219.216.74,1225030959,internet,119.19.81.127,-1721997552,-1510310092,-30042,-63
huawei,-38,226054473148328,40768290139,2024-09-04 06-40-23,32.255.91.210,-357041696,internet,93.103.58.0,-393232545,974309354,7457,-76
huawei,18,226051301273182,40729736956,2024-09-04 06-40-44,34.109.153.24,561572813,internet,103.171.129.11,-1239488678,1271348872,-25875,18
huawei,-102,226059894128016,40779449640,2024-09-04 06-42-45,223.74.251.39,-445786369,internet,118.91.42.213,-461272459,616011699,18616,-20
huawei,-25,226056573685226,40763698415,2024-09-04 06-42-11,218.72.172.135,-905604317,internet,192.198.135.144,-882826224,-2012405192,-6376,26
huawei,-32,226053195413835,40733122451,2024-09-04 06-40-28,108.222.113.193,-1113995639,internet,68.65.191.17,-870747256,-1354447483,15230,-82
huawei,58,226053594884757,40740008273,2024-09-04 06-43-55,247.173.207.109,816854683,ims,21.144.64.97,1717509046,1990994873,-11664,51
huawei,60,226057101833892,40778769812,2024-09-04 06-40-11,74.159.155.202,-857728524,internet,95.240.58.16,1163338830,-1000298740,-9557,-57
huawei,-44,226055896498992,40766426148,2024-09-04 06-41-40,97.175.93.118,-479819904,internet,187.79.128.33,-1113555697,-1652054464,-17746,-17
huawei,89,226058176877493,40779090609,2024-09-04 06-40-36,86.81.197.158,479422003,internet,19.230.42.207,147329644,-712066092,18597,-42
huawei,95,226058256505000,40776308416,2024-09-04 06-41-45,46.135.245.204,473231875,ims,89.157.129.188,854673313,1319791494,-1426,40
huawei,-31,226057412652511,40786431226,2024-09-04 06-43-20,96.246.142.93,1588483486,ims,4.241.41.187,576629806,2110063096,29296,14
huawei,-57,226056989376098,40722877668,2024-09-04 06-44-54,87.6.192.80,1001771729,internet,25.6.235.58,-562006709,224310623,14085,-5
huawei,92,226052550135913,40702488618,2024-09-04 06-40-50,69.21.209.91,-1470296755,internet,158.42.117.178,-73085080,1445972388,-23902,73
huawei,-122,226058429153770,40706172316,2024-09-04 06-42-54,67.33.150.173,-1745184850,ims,193.34.59.177,1097365656,-1445331395,15601,-39
huawei,35,226054689539373,40762524137,2024-09-04 06-40-14,63.97.114.80,117115356,ims,201.158.138.31,1214317050,2100827390,-16871,113
huawei,-64,226054169272225,40789572582,2024-09-04 06-43-11,105.88.103.95,-1478515517,internet,122.192.1.222,1122987234,1874088833,23717,-32
huawei,15,226058588134360,40716875970,2024-09-04 06-44-30,49.135.5.219,-457281742,ims,130.72.168.67,-1972530476,471962048,-3760,110
huawei,-89,226058928178576,40725738743,2024-09-04 06-41-48,67.132.143.105,644698996,ims,206.183.76.118,109772943,35769452,23383,-121
huawei,25,226056148261643,40722839622,2024-09-04 06-42-47,248.25.221.204,-1187039792,ims,134.198.218.80,-1450659003,-1792476428,31927,-93
huawei,-97,226056298560484,40715304889,2024-09-04 06-42-28,164.191.81.219,2094450934,ims,52.238.151.11,-1216541156,-1042557190,11270,96
huawei,-125,226053706427059,40758086130,2024-09-04 06-44-58,86.129.17.154,-818249516,internet,58.155.50.72,603819241,2050821542,-18522,9
huawei,45,226051066240494,40743482045,2024-09-04 06-44-30,65.191.87.33,-1162934968,ims,52.77.196.86,-2010443960,1618674719,-9659,81
huawei,-110,226056465490983,40796691146,2024-09-04 06-41-09,205.223.188.200,1282824411,ims,36.63.13.222,-1145008383,-110473033,29083,-26
huawei,-99,226052090632635,40736198817,2024-09-04 06-41-00,94.127.240.168,-1516893963,internet,207.220.123.59,474163263,-85108673,12063,61
huawei,-105,226058241308004,40735368350,2024-09-04 06-43-50,164.252.15.210,-1272648266,internet,12.179.112.180,-1465115022,-2099142188,-5880,51
huawei,-12,226053013944424,40767899598,2024-09-04 06-44-04,116.228.92.123,363627977,internet,177.33.236.153,520182383,-818555211,-19910,-93
huawei,29,226058892114027,40751810211,2024-09-04 06-42-38,158.150.28.218,115566826,ims,173.199.55.234,548704954,-516616297,-1200,-105
huawei,43,226057216204994,40774601771,2024-09-04 06-42-48,45.71.109.252,492654065,ims,135.0.82.220,-1207831784,2051854199,-28516,47
huawei,-42,226051223819727,40733296394,2024-09-04 06-42-42,109.90.195.227,-844615971,internet,27.4.7.59,1942671010,1053629920,-17517,-123
huawei,-67,226059156455844,40711586721,2024-09-04 06-41-42,156.245.127.108,593339888,ims,65.158.21.98,-2089144087,1677782078,13922,25
huawei,34,226051040610071,40746930974,2024-09-04 06-43-35,177.214.235.168,1973795322,ims,96.141.157.240,499896583,-140439485,-30116,115
huawei,13,226052096001029,40780134767,2024-09-04 06-41-45,228.137.183.192,-1145157184,internet,238.136.81.25,-699115980,558624147,-6501,70
huawei,-48,226056929656674,40790795147,2024-09-04 06-43-48,250.235.52.20,1556106412,ims,208.69.194.4,-1210438615,-639759065,9662,-61
huawei,-85,226059519312116,40773509364,2024-09-04 06-40-01,238.109.236.189,215320598,internet,73.246.248.217,-1494962503,-1721689681,-10744,-78
huawei,20,226055560336403,40717774160,2024-09-04 06-43-54,195.100.246.116,-1264074082,ims,213.10.118.6,1043635260,1477686748,-12293,-8
huawei,49,226054688459411,40723383762,2024-09-04 06-42-08,77.200.91.22,372263688,internet,162.68.132.72,2083937482,584101537,-14767,-117
huawei,-127,226058725349120,40756160140,2024-09-04 06-44-51,52.208.25.16,295388558,ims,115.219.238.41,-1696365073,406269315,23357,-124
huawei,-28,226053877858585,40708112003,2024-09-04 06-40-10,31.59.155.107,-455676004,internet,164.119.59.44,-228637936,-680777548,25313,105
huawei,104,226055172902903,40708649956,2024-09-04 06-45-01,142.105.140.88,-1947751726,internet,170.116.151.18,-348716141,-1713325746,-27837,-68
huawei,10,226050005434603,40706091105,2024-09-04 06-43-14,118.140.117.116,1976030755,ims,42.122.109.171,735277010,1047695418,-3561,-3
huawei,-112,226058879914574,40784253541,2024-09-04 06-42-35,225.133.174.132,-1938027335,internet,20.93.68.187,-96621696,441967968,-5825,4
huawei,98,226054028418631,40765230754,2024-09-04 06-43-35,82.36.124.38,145597795,internet,125.85.16.62,-1380167639,703572222,-17070,-113
huawei,13,226051048858701,40769770791,2024-09-04 06-43-01,12.122.76.111,618022324,ims,32.167.152.251,395497633,-1512084592,2022,112
huawei,49,226054025540743,40754959544,2024-09-04 06-44-04,229.141.78.101,1935744946,internet,49.216.250.83,1645539819,-355501979,-8580,-104
huawei,-31,226050077653134,40796805632,2024-09-04 06-40-51,40.235.21.243,286962710,ims,223.115.25.15,59378372,-1278585940,20202,43
huawei,99,226059045548192,40770877704,2024-09-04 06-44-24,143.38.130.183,1833641344,internet,185.42.89.19,-1761182649,-1872950499,-134,-120
huawei,-115,226053398621803,40701555998,2024-09-04 06-40-29,239.174.15.72,1848086598,internet,248.165.80.100,869783869,709607622,22009,-119
huawei,93,226056339769571,40766580392,2024-09-04 06-43-53,143.235.182.248,2117881240,ims,8.150.153.220,1658651862,1032116268,2966,-53
huawei,-40,226059035233181,40787126181,2024-09-04 06-43-25,130.168.151.249,-1347847049,ims,19.3.214.94,484950980,-282365891,9748,127
huawei,-97,226059649455752,40748895038,2024-09-04 06-44-59,32.189.113.28,1988598478,internet,90.133.91.7,-1768420203,1711123947,32662,-101
huawei,-109,226052956019168,40708038812,2024-09-04 06-42-09,17.253.252.94,61590111,ims,220.35.102.227,957429284,846014993,14016,0
huawei,70,226051055535825,40797399549,2024-09-04 06-40-56,77.214.175.137,-1977554129,internet,117.122.61.115,-2039152179,-1595380140,7485,6
huawei,30,226053706251673,40788200286,2024-09-04 06-44-35,251.67.31.255,-978853895,ims,229.173.134.68,-1612514153,2137339601,-23113,42
huawei,49,226055321797208,40721292195,2024-09-04 06-42-09,239.122.226.178,322985607,internet,62.152.46.14,-166412407,849892050,31781,68
huawei,-65,226050219066937,40778283765,2024-09-04 06-42-03,47.30.139.186,-1300574505,internet,59.140.185.37,-159557832,1460835433,6197,51
huawei,-119,226054864318611,40731224311,2024-09-04 06-42-57,108.213.107.155,1958610987,ims,208.94.152.79,-1344886919,927458135,-16648,-100
huawei,99,226055921342679,40749128471,2024-09-04 06-44-51,221.124.216.53,2121772189,internet,139.113.149.59,2029691705,-1613320588,-18477,61
huawei,30,226051648476467,40718144959,2024-09-04 06-44-18,132.39.184.121,-2101976093,internet,41.35.232.221,-620463470,-999064818,-185,67
huawei,-34,226058856867486,40772220388,2024-09-04 06-40-40,172.251.130.58,1294822487,ims,219.165.58.83,-1618210708,270275055,18216,111
huawei,58,226058814531302,40790605838,2024-09-04 06-42-43,148.244.108.128,-1278669624,ims,24.146.39.30,1894902272,2097083816,937,-103
huawei,-61,226054095523048,40743073473,2024-09-04 06-44-16,162.2.72.191,1539636186,internet,81.9.216.14,1774744506,66399283,4535,85
huawei,-93,226052002338117,40714915910,2024-09-04 06-40-28,177.161.104.16,-901608280,internet,53.9.44.193,-1187033753,2047803142,-7402,-39
huawei,83,226054622427014,40727287148,2024-09-04 06-40-39,214.29.229.55,-542463633,internet,226.250.6.9,-1875810127,-2012042665,-21969,-115
huawei,2,226055067176744,40788837478,2024-09-04 06-40-43,81.245.58.89,-585866513,ims,69.215.208.161,57355652,576276686,14051,21
huawei,106,226059377238964,40762135678,2024-09-04 06-41-36,6.182.51.14,-1267773044,internet,197.36.126.88,1497292888,-1791652486,12037,-2
huawei,32,226052615634257,40784823512,2024-09-04 06-43-51,25.40.216.13,428740256,ims,8.126.172.186,1414133916,1885338236,-3339,-90
huawei,-50,226051309469099,40778747828,2024-09-04 06-40-25,217.99.150.177,1972556708,ims,191.150.248.145,299637358,728203196,-10591,-39
huawei,86,226059699054075,40733934894,2024-09-04 06-44-26,80.131.134.112,-1712688508,ims,236.163.171.171,1031099666,-737507674,2622,49
huawei,-61,226057945795662,40703865315,2024-09-04 06-44-36,13.59.201.141,1200059597,ims,40.103.54.48,-1670422802,1785176689,-1043,6
huawei,31,226051067405984,40710168837,2024-09-04 06-42-46,234.80.61.87,-923327187,ims,190.16.3.33,-1691826787,-1397431385,31805,42
huawei,-102,226055848667633,40750853705,2024-09-04 06-43-15,157.160.2.183,516890122,ims,117.50.102.65,111639169,100439250,-25209,-19
huawei,118,226054866334163,40755855153,2024-09-04 06-44-27,246.180.243.136,262636975,internet,199.5.86.87,1825695640,-756283823,-20797,-61
huawei,-9,226054450402145,40748398390,2024-09-04 06-44-40,117.203.235.241,321484222,ims,50.210.159.170,196951482,-1946617556,27104,-50
huawei,-34,226051926021932,40710206844,2024-09-04 06-44-46,119.192.109.178,-893150081,internet,104.166.63.192,487042676,993859205,-10181,104
huawei,111,226059233263788,40703856932,2024-09-04 06-44-08,78.184.61.6,-1322101028,internet,151.231.232.144,1413050008,-1441372870,5972,63
huawei,120,226052349953839,40714368486,2024-09-04 06-43-10,67.101.48.79,1674400511,internet,122.83.127.57,1254019798,-2046561089,-27067,-113
huawei,84,226055204498034,40780273173,2024-09-04 06-45-00,229.52.48.109,-1883633644,internet,170.78.150.39,1302194823,1307553263,-18129,-15
huawei,67,226057861012157,40770697639,2024-09-04 06-43-35,163.111.69.51,-1894546732,internet,140.116.218.153,1006554771,1873646547,14783,99
huawei,106,226050209681164,40720794679,2024-09-04 06-41-22,158.24.15.198,1437724978,internet,216.240.13.95,1564953878,339053971,27442,104
huawei,-21,226054425659271,40713720618,2024-09-04 06-43-59,226.110.206.36,-583843689,internet,84.228.14.158,-164114703,-1188179237,-13632,32
huawei,23,226050314578083,40788912593,2024-09-04 06-40-32,10.84.131.169,533363677,internet,84.212.37.55,-1931170964,958365686,26094,123
huawei,-21,226056369901485,40704979009,2024-09-04 06-44-01,237.235.185.149,1008291688,internet,53.84.164.85,1492435438,218174979,-32204,59
huawei,106,226053860416573,40752000090,2024-09-04 06-40-17,171.42.134.51,-485937022,ims,79.5.181.88,-24727569,-1246703087,2018,74
huawei,87,226059323653936,40790346345,2024-09-04 06-40-58,99.65.223.55,-341309298,internet,60.207.46.134,-775439895,-302941573,-20942,-78
huawei,-41,226058793898952,40757734866,2024-09-04 06-40-54,140.250.94.66,-1231813183,ims,35.27.14.71,5313020,897478690,-24821,25
huawei,28,226059030128911,40788005072,2024-09-04 06-42-28,230.89.39.4,-777833692,ims,201.16.125.228,-983995683,515081197,-710,-111
huawei,23,226051837424341,40758653593,2024-09-04 06-42-20,203.123.211.152,1725321223,internet,77.198.109.216,888493934,-1478947802,-22404,51
huawei,60,226052228509394,40709456168,2024-09-04 06-43-28,219.255.193.63,-513564353,internet,97.155.85.2,1632289636,-1075938054,-30517,-123
huawei,49,226057332989065,40758820072,2024-09-04 06-41-59,28.18.250.31,-975335259,internet,194.108.198.79,-25935828,-1315804334,-4473,0
huawei,-92,226050251761513,40763604722,2024-09-04 06-44-19,158.149.30.147,-179346736,internet,125.8.43.85,-1639846108,-1743373564,-22891,-57
huawei,-62,226053179514503,40756780988,2024-09-04 06-43-21,68.252.223.7,600763971,internet,214.140.129.80,-1801119460,51321357,2089,59
huawei,-42,226058712403032,40760686097,2024-09-04 06-40-33,216.80.168.172,-1390226955,internet,5.157.224.216,-1961322196,-749690557,13494,94
huawei,24,226058202953989,40712886478,2024-09-04 06-42-48,33.241.251.116,-2120102223,ims,43.205.153.70,-2085317592,2051959795,15335,-35
huawei,-63,226055711479801,40792865121,2024-09-04 06-44-57,229.30.178.5,637881162,ims,187.41.213.45,-1046635275,-1669133920,-11737,71
huawei,-62,226055855344721,40740731675,2024-09-04 06-44-07,136.128.112.251,1850386867,ims,117.19.188.143,-2004600612,2088877557,-19076,57
huawei,64,226056906414494,40725708212,2024-09-04 06-41-07,211.232.92.37,144035288,internet,172.100.242.42,323665908,-1024976923,-17760,23
huawei,-57,226050619473424,40784919104,2024-09-04 06-43-10,170.7.240.224,-1078759946,ims,191.59.109.62,1591724910,-1583100341,12610,-93
huawei,-7,226050689053341,40760093646,2024-09-04 06-42-33,169.120.241.147,1559088954,ims,129.96.132.122,356470502,984174159,-27438,-71
huawei,80,226058519576786,40795771564,2024-09-04 06-40-24,247.31.254.182,-893350187,internet,182.100.216.204,-1506279615,18856695,-5409,-106
huawei,-3,226059712211079,40713529481,2024-09-04 06-40-09,48.130.241.235,-1090817136,internet,7.201.65.64,-1776731502,286710042,19916,-13
huawei,63,226058713072568,40782726493,2024-09-04 06-41-09,199.211.255.146,2006192604,internet,9.45.175.182,1528119338,516543385,-17028,28
huawei,66,226058530518580,40716067864,2024-09-04 06-41-46,157.203.92.97,-443679490,internet,61.97.45.27,1733365487,1677003941,-7421,-16
huawei,49,226050814511851,40777702680,2024-09-04 06-40-59,100.24.66.225,-816290681,internet,103.228.116.94,1655121877,-790950628,18210,-105
huawei,44,226052034844415,40778242350,2024-09-04 06-42-11,224.240.38.173,1699350694,internet,7.212.237.38,1546038758,1636048139,22658,51
huawei,-82,226051931671116,40718297506,2024-09-04 06-42-05,41.174.86.50,894612641,ims,166.105.23.123,-253204108,-990674101,5930,-117
huawei,-24,226052491538675,40721999274,2024-09-04 06-44-01,220.139.137.135,-393839882,ims,13.132.153.15,-731165036,-55637054,27877,97
huawei,-128,226055984242101,40798569617,2024-09-04 06-44-09,17.87.134.19,-336484985,internet,172.110.7.76,-1438674048,-1940265536,-22748,-50
huawei,-108,226058980770754,40795376226,2024-09-04 06-43-25,228.147.222.34,-1899296676,internet,222.188.180.247,580004618,1579922845,-2544,-91
huawei,-42,226055843215126,40758558967,2024-09-04 06-43-21,139.200.59.211,-313743756,internet,168.220.19.88,1894820437,-743536435,8515,102
huawei,-128,226053914838717,40753327114,2024-09-04 06-41-08,77.35.49.145,577655519,internet,122.211.45.9,-1317680704,373241588,24946,50
huawei,16,226057836768185,40722577760,2024-09-04 06-44-00,195.96.165.188,-1919850561,ims,106.224.171.114,-1416222127,960367673,-3209,106
huawei,-87,226052488096773,40742870605,2024-09-04 06-44-41,132.76.175.49,1661863071,internet,54.142.52.9,569374641,-667226418,9868,-25
huawei,-74,226056615277795,40718166902,2024-09-04 06-42-41,243.177.1.193,608230511,internet,167.169.170.159,-1529807005,-2023982118,8135,37
huawei,89,226055092357590,40788414468,2024-09-04 06-40-15,226.254.130.69,-1223829178,internet,207.110.227.192,554593183,-900806157,-24517,99
huawei,97,226055358013991,40710650245,2024-09-04 06-43-21,97.255.154.7,-478008939,internet,174.101.121.35,1902628457,799153467,-20763,-29
huawei,116,226059090621638,40790745848,2024-09-04 06-41-55,46.89.235.15,-1919658824,internet,188.188.31.17,729823911,1922012399,-701,8
huawei,-126,226055763322546,40714456174,2024-09-04 06-40-41,59.3.205.251,622738578,ims,68.202.184.68,1570128065,1215624638,23976,43
huawei,-64,226055872589462,40794837938,2024-09-04 06-40-02,160.124.53.57,1210867411,internet,254.63.109.42,542215722,93157307,18303,95
huawei,-115,226051977902906,40773947310,2024-09-04 06-41-26,175.59.203.146,-807802827,ims,188.53.193.150,1478841534,-1674631842,-15214,-124
huawei,50,226051564323674,40708642319,2024-09-04 06-41-11,166.91.243.94,-756065751,ims,176.252.14.238,1905127211,-1648862924,2775,-117
huawei,39,226059697216723,40705596912,2024-09-04 06-44-29,111.207.183.72,-493534263,ims,3.39.244.46,1574446096,-1249351771,7425,6
huawei,-70,226059416761285,40791504498,2024-09-04 06-44-26,33.137.156.96,190744542,internet,134.252.19.128,898249985,194305789,-13891,68
huawei,-110,226052145838498,40781823869,2024-09-04 06-41-24,119.8.142.44,1363051685,ims,120.40.106.137,26777692,1592521410,4492,21
huawei,26,226057708668676,40701020998,2024-09-04 06-44-13,89.3.231.149,-97195802,ims,206.122.140.102,1388042554,739043854,-2230,-20
huawei,24,226055285493336,40703733792,2024-09-04 06-43-50,234.169.110.181,42557458,internet,98.188.149.116,1653721176,278442296,-22828,7
